unit_id,orderID,variant,first_arrival_time_s,start_time_s,completion_time_s,flow_time_s,active_flow_time_s,time_spent_producing,throughput_efficiency,Attempts,route_taken
U3582,144,FUSE0,0.0,0.0,558.3,558.3,558.3,271.3,0.485939,1,p:1.1.1.1.2.2
U3583,144,FUSE0,0.0,0.0,618.3,618.3,618.3,271.3,0.438784,1,p:2.1.2.1.2.2
U3584,144,FUSE0,0.0,6.6,684.9,684.9,684.9,271.3,0.396116,1,p:1.2.3.1.2.2
U3585,144,FUSE0,0.0,6.6,708.7,708.7,708.7,271.3,0.382814,1,p:2.1.4.1.2.2
U3586,144,FUSE0,0.0,13.2,775.3,775.3,775.3,271.3,0.349929,1,p:1.2.5.1.2.2
U3587,144,FUSE0,0.0,13.2,801.9,801.9,801.9,271.3,0.338321,1,p:2.1.1.1.2.2
U3588,144,FUSE0,0.0,19.8,861.9,861.9,861.9,271.3,0.31477,1,p:1.2.2.1.2.2
U3589,144,FUSE0,0.0,19.8,928.5,928.5,928.5,271.3,0.292192,1,p:2.1.3.1.2.2
U3590,144,FUSE1,0.0,26.4,1014.3,1014.3,1014.3,333.3,0.328601,1,p:1.2.4.1.2.2
U3591,144,FUSE1,0.0,26.4,1080.9,1080.9,1080.9,333.3,0.308354,1,p:2.1.5.1.2.2
U3592,144,FUSE1,0.0,33.0,1107.5,1107.5,1107.5,333.3,0.300948,1,p:1.2.1.1.2.2
U3593,144,FUSE1,0.0,33.0,1167.5,1167.5,1167.5,333.3,0.285482,1,p:2.1.2.1.2.2
U3594,144,FUSE1,0.0,39.6,1234.1,1234.1,1234.1,333.3,0.270075,1,p:1.2.3.1.2.2
U3595,144,FUSE1,0.0,39.6,1319.9,1319.9,1319.9,333.3,0.252519,1,p:2.1.4.1.2.2
U3596,144,FUSE1,0.0,46.2,1386.5,1386.5,1386.5,333.3,0.240389,1,p:1.2.5.1.2.2
U3597,144,FUSE1,0.0,46.2,1413.1,1413.1,1413.1,333.3,0.235864,1,p:2.1.1.1.2.2
U3598,144,FUSE2,589.6,589.6,1505.5,915.9,915.9,365.7,0.399279,1,p:1.1.2.1.2.2
U3599,144,FUSE2,649.6,649.6,1572.1,922.5,922.5,365.7,0.396423,1,p:2.1.3.1.2.2
U3600,144,FUSE2,716.2,716.2,1657.9,941.7,941.7,365.7,0.38834,1,p:1.1.4.1.2.2
U3601,144,FUSE2,740.0,740.0,1724.5,984.5,984.5,365.7,0.371458,1,p:2.1.5.1.2.2
U3602,144,FUSE2,806.6,806.6,1751.1,944.5,944.5,365.7,0.387189,1,p:1.1.1.1.2.2
U3603,144,FUSE2,833.2,833.2,1843.5,1010.3,1010.3,365.7,0.361972,1,p:2.1.2.1.2.2
U3604,144,FUSE2,893.2,893.2,1910.1,1016.9,1016.9,365.7,0.359622,1,p:1.1.3.1.2.2
U3605,144,FUSE2,959.8,959.8,1999.3,1039.5,1039.5,365.7,0.351804,1,p:2.1.4.1.2.2
U3606,144,FUSE2,1045.6,1045.6,2062.5,1016.9,1016.9,365.7,0.359622,1,p:1.1.5.1.2.2
U105,5,FUSE0,1112.2,1112.2,1994.7,882.5,882.5,271.3,0.307422,1,p:2.1.1.2.2.2
U106,5,FUSE0,1138.8,1138.8,2087.1,948.3,948.3,271.3,0.286091,1,p:1.1.2.1.2.2
U107,5,FUSE0,1198.8,1198.8,2153.7,954.9,954.9,271.3,0.284114,1,p:2.1.3.1.2.2
U108,5,FUSE0,1265.4,1265.4,2242.9,977.5,977.5,271.3,0.277545,1,p:1.1.4.1.2.2
U109,5,FUSE0,1351.2,1351.2,2306.1,954.9,954.9,271.3,0.284114,1,p:2.1.5.1.2.2
U110,5,FUSE0,1417.8,1417.8,2238.3,820.5,820.5,271.3,0.330652,1,p:1.1.1.2.2.2
U111,5,FUSE0,1444.4,1444.4,2330.7,886.3,886.3,271.3,0.306104,1,p:2.1.2.1.2.2
U112,5,FUSE1,1536.8,1536.8,2459.3,922.5,922.5,333.3,0.361301,1,p:1.1.3.1.2.2
U113,5,FUSE1,1603.4,1603.4,2548.5,945.1,945.1,333.3,0.352661,1,p:2.1.4.1.2.2
U114,5,FUSE1,1689.2,1689.2,2611.7,922.5,922.5,333.3,0.361301,1,p:1.1.5.1.2.2
U115,5,FUSE1,1755.8,1755.8,2543.9,788.1,788.1,333.3,0.422916,1,p:2.1.1.2.2.2
U116,5,FUSE1,1782.4,1782.4,2636.3,853.9,853.9,333.3,0.390327,1,p:1.1.2.1.2.2
U117,5,FUSE1,1874.8,1874.8,2764.9,890.1,890.1,333.3,0.374452,1,p:2.1.3.1.2.2
U118,5,FUSE1,1941.4,1941.4,2850.7,909.3,909.3,333.3,0.366546,1,p:1.1.4.1.2.2
U119,5,FUSE2,2026.0,2026.0,2949.7,923.7,923.7,365.7,0.395908,1,p:2.1.5.1.2.2
U120,5,FUSE2,2030.6,2030.6,2881.9,851.3,851.3,365.7,0.429578,1,p:1.2.1.2.2.2
U121,5,FUSE2,2093.8,2093.8,2974.3,880.5,880.5,365.7,0.415332,1,p:2.1.2.1.2.2
U122,5,FUSE2,2118.4,2118.4,3102.9,984.5,984.5,365.7,0.371458,1,p:1.1.3.1.2.2
U123,5,FUSE2,2185.0,2185.0,3188.7,1003.7,1003.7,365.7,0.364352,1,p:2.1.4.1.2.2
U124,5,FUSE2,2269.6,2269.6,3287.7,1018.1,1018.1,365.7,0.359199,1,p:1.1.5.1.2.2
U125,5,FUSE2,2274.2,2274.2,3222.5,948.3,948.3,365.7,0.385637,1,p:2.1.1.2.2.2
U7278,291,FUSE0,2337.4,2337.4,3217.9,880.5,880.5,271.3,0.30812,1,p:1.1.2.1.2.2
U7279,291,FUSE0,2362.0,2362.0,3346.5,984.5,984.5,271.3,0.275571,1,p:2.1.3.1.2.2
U7280,291,FUSE0,2490.6,2490.6,3432.3,941.7,941.7,271.3,0.288096,1,p:1.1.4.1.2.2
U7281,291,FUSE0,2575.2,2575.2,3461.5,886.3,886.3,271.3,0.306104,1,p:2.1.2.1.2.2
U7282,291,FUSE0,2579.8,2579.8,3531.3,951.5,951.5,271.3,0.285129,1,p:1.2.5.1.2.2
U7283,291,FUSE0,2643.0,2643.0,3466.1,823.1,823.1,271.3,0.329608,1,p:2.1.1.2.2.2
U7284,291,FUSE0,2667.6,2667.6,3590.1,922.5,922.5,271.3,0.294092,1,p:1.1.3.1.2.2
U7285,291,FUSE0,2796.2,2796.2,3675.9,879.7,879.7,271.3,0.308401,1,p:2.1.4.1.2.2
U7286,291,FUSE1,2882.0,2882.0,3767.1,885.1,885.1,333.3,0.376568,1,p:1.1.2.1.2.2
U7287,291,FUSE1,2913.2,2913.2,3836.9,923.7,923.7,333.3,0.360831,1,p:2.1.5.1.2.2
U7288,291,FUSE1,2981.0,2981.0,3771.7,790.7,790.7,333.3,0.421525,1,p:1.1.1.2.2.2
U7289,291,FUSE1,3005.6,3005.6,3895.7,890.1,890.1,333.3,0.374452,1,p:2.1.3.1.2.2
U7290,291,FUSE1,3134.2,3134.2,3981.5,847.3,847.3,333.3,0.393367,1,p:1.1.4.1.2.2
U7291,291,FUSE1,3220.0,3220.0,4072.7,852.7,852.7,333.3,0.390876,1,p:2.1.2.1.2.2
U7292,291,FUSE1,3249.2,3249.2,4142.5,893.3,893.3,333.3,0.373111,1,p:1.1.5.1.2.2
U7293,291,FUSE1,3253.8,3253.8,4077.3,823.5,823.5,333.3,0.404736,1,p:2.1.1.2.2.2
U7294,291,FUSE2,3319.0,3319.0,4233.7,914.7,914.7,365.7,0.399803,1,p:1.1.3.1.2.2
U7295,291,FUSE2,3377.8,3377.8,4319.5,941.7,941.7,365.7,0.38834,1,p:2.1.4.1.2.2
U7296,291,FUSE2,3463.6,3463.6,4410.7,947.1,947.1,365.7,0.386126,1,p:1.1.2.1.2.2
U7297,291,FUSE2,3492.8,3492.8,4480.5,987.7,987.7,365.7,0.370254,1,p:2.1.5.1.2.2
U7298,291,FUSE2,3497.4,3497.4,4415.3,917.9,917.9,365.7,0.398409,1,p:1.2.1.2.2.2
U7299,291,FUSE2,3562.6,3562.6,4571.7,1009.1,1009.1,365.7,0.362402,1,p:2.1.3.1.2.2
U7300,291,FUSE2,3621.4,3621.4,4660.9,1039.5,1039.5,365.7,0.351804,1,p:1.1.4.1.2.2
U7301,291,FUSE2,3707.2,3707.2,4748.7,1041.5,1041.5,365.7,0.351128,1,p:2.1.2.1.2.2
U7302,291,FUSE2,3798.4,3798.4,4819.9,1021.5,1021.5,365.7,0.358003,1,p:1.1.5.1.2.2
U001,1,FUSE0,3803.0,3803.0,4656.3,853.3,853.3,271.3,0.317942,1,p:2.1.1.1.2.2
U002,1,FUSE0,3868.2,3868.2,4815.3,947.1,947.1,271.3,0.286453,1,p:1.1.3.1.2.2
U003,1,FUSE0,3927.0,3927.0,4904.5,977.5,977.5,271.3,0.277545,1,p:2.1.4.1.2.2
U004,1,FUSE0,4012.8,4012.8,4899.9,887.1,887.1,271.3,0.305828,1,p:1.1.1.1.2.2
U005,1,FUSE0,4104.0,4104.0,4992.3,888.3,888.3,271.3,0.305415,1,p:2.1.2.1.2.2
U006,1,FUSE0,4108.6,4108.6,5063.5,954.9,954.9,271.3,0.284114,1,p:1.2.5.1.2.2
U007,1,FUSE0,4173.8,4173.8,5058.9,885.1,885.1,271.3,0.306519,1,p:2.1.3.1.2.2
U008,1,FUSE0,4265.0,4265.0,5148.1,883.1,883.1,271.3,0.307213,1,p:1.1.4.1.2.2
U009,1,FUSE0,4350.8,4350.8,5143.5,792.7,792.7,271.3,0.342248,1,p:2.1.1.1.2.2
U010,1,FUSE0,4442.0,4442.0,5235.9,793.9,793.9,271.3,0.341731,1,p:1.1.2.1.2.2
U011,1,FUSE1,4446.6,4446.6,5369.1,922.5,922.5,333.3,0.361301,1,p:2.1.5.1.2.2
U012,1,FUSE1,4511.8,4511.8,5364.5,852.7,852.7,333.3,0.390876,1,p:1.1.3.1.2.2
U013,1,FUSE1,4603.0,4603.0,5453.7,850.7,850.7,333.3,0.391795,1,p:2.1.4.1.2.2
U014,1,FUSE1,4687.6,4687.6,5449.1,761.5,761.5,333.3,0.437689,1,p:1.1.1.1.2.2
U015,1,FUSE1,4692.2,4692.2,5541.5,849.3,849.3,333.3,0.392441,1,p:2.1.2.1.2.2
U016,1,FUSE1,4780.0,4780.0,5674.7,894.7,894.7,333.3,0.372527,1,p:1.1.5.1.2.2
U017,1,FUSE1,4846.6,4846.6,5670.1,823.5,823.5,333.3,0.404736,1,p:2.1.3.1.2.2
U018,1,FUSE1,4851.2,4851.2,5759.3,908.1,908.1,333.3,0.36703,1,p:1.2.4.1.2.2
U019,1,FUSE1,4931.2,4931.2,5754.7,823.5,823.5,333.3,0.404736,1,p:2.1.1.1.2.2
U020,1,FUSE1,4935.8,4935.8,5847.1,911.3,911.3,333.3,0.365741,1,p:1.2.2.1.2.2
U021,1,FUSE2,5023.6,5023.6,6012.7,989.1,989.1,365.7,0.36973,1,p:2.1.5.1.2.2
U022,1,FUSE2,5090.2,5090.2,6008.1,917.9,917.9,365.7,0.398409,1,p:1.1.3.1.2.2
U023,1,FUSE2,5094.8,5094.8,6097.3,1002.5,1002.5,365.7,0.364788,1,p:2.1.4.1.2.2
U024,1,FUSE2,5174.8,5174.8,6092.7,917.9,917.9,365.7,0.398409,1,p:1.1.1.1.2.2
U025,1,FUSE2,5179.4,5179.4,6185.1,1005.7,1005.7,365.7,0.363627,1,p:2.1.2.1.2.2
U026,1,FUSE2,5267.2,5267.2,6350.7,1083.5,1083.5,365.7,0.337517,1,p:1.1.5.1.2.2
U027,1,FUSE2,5395.8,5395.8,6346.1,950.3,950.3,365.7,0.384826,1,p:2.1.3.1.2.2
U028,1,FUSE2,5400.4,5400.4,6437.9,1037.5,1037.5,365.7,0.352482,1,p:1.2.4.1.2.2
U029,1,FUSE2,5480.4,5480.4,6433.3,952.9,952.9,365.7,0.383776,1,p:2.1.1.1.2.2
U1465,59,FUSE0,5485.0,5485.0,6428.7,943.7,943.7,271.3,0.287485,1,p:1.2.2.1.2.2
U1466,59,FUSE0,5572.8,5572.8,6594.3,1021.5,1021.5,271.3,0.26559,1,p:2.1.5.1.2.2
U1467,59,FUSE0,5701.4,5701.4,6589.7,888.3,888.3,271.3,0.305415,1,p:1.1.3.1.2.2
U1468,59,FUSE0,5706.0,5706.0,6681.5,975.5,975.5,271.3,0.278114,1,p:2.1.4.1.2.2
U1469,59,FUSE0,5786.0,5786.0,6672.3,886.3,886.3,271.3,0.306104,1,p:1.1.2.1.2.2
U1470,59,FUSE0,5790.6,5790.6,6676.9,886.3,886.3,271.3,0.306104,1,p:2.1.1.1.2.2
U1471,59,FUSE0,5878.4,5878.4,6837.9,959.5,959.5,271.3,0.282751,1,p:1.1.5.1.2.2
U1472,59,FUSE0,6039.4,6039.4,6833.3,793.9,793.9,271.3,0.341731,1,p:2.1.3.1.2.2
U1473,59,FUSE1,6044.0,6044.0,6987.1,943.1,943.1,333.3,0.353409,1,p:1.2.4.1.2.2
U1474,59,FUSE1,6124.0,6124.0,6977.9,853.9,853.9,333.3,0.390327,1,p:2.1.2.1.2.2
U1475,59,FUSE1,6128.6,6128.6,6982.5,853.9,853.9,333.3,0.390327,1,p:1.2.1.1.2.2
U1476,59,FUSE1,6216.4,6216.4,7143.5,927.1,927.1,333.3,0.359508,1,p:2.1.5.1.2.2
U1477,59,FUSE1,6377.4,6377.4,7138.9,761.5,761.5,333.3,0.437689,1,p:1.1.3.1.2.2
U1478,59,FUSE1,6382.0,6382.0,7292.7,910.7,910.7,333.3,0.365982,1,p:2.1.4.1.2.2
U1479,59,FUSE1,6460.0,6460.0,7283.5,823.5,823.5,333.3,0.404736,1,p:1.1.2.1.2.2
U1480,59,FUSE1,6464.6,6464.6,7288.1,823.5,823.5,333.3,0.404736,1,p:2.1.1.1.2.2
U1481,59,FUSE2,6469.2,6469.2,7481.5,1012.3,1012.3,365.7,0.361257,1,p:1.2.5.1.2.2
U1482,59,FUSE2,6621.0,6621.0,7476.9,855.9,855.9,365.7,0.42727,1,p:2.1.3.1.2.2
U1483,59,FUSE2,6625.6,6625.6,7630.7,1005.1,1005.1,365.7,0.363844,1,p:1.2.4.1.2.2
U1484,59,FUSE2,6703.6,6703.6,7621.5,917.9,917.9,365.7,0.398409,1,p:2.1.2.1.2.2
U1485,59,FUSE2,6708.2,6708.2,7626.1,917.9,917.9,365.7,0.398409,1,p:1.2.1.1.2.2
U1486,59,FUSE2,6712.8,6712.8,7819.5,1106.7,1106.7,365.7,0.330442,1,p:2.1.5.1.2.2
U1487,59,FUSE2,6864.6,6864.6,7814.9,950.3,950.3,365.7,0.384826,1,p:1.1.3.1.2.2
U1488,59,FUSE2,6869.2,6869.2,7962.7,1093.5,1093.5,365.7,0.334431,1,p:2.1.4.1.2.2
U6210,248,FUSE0,7009.2,7009.2,7865.1,855.9,855.9,271.3,0.316976,1,p:1.1.2.1.2.2
U6211,248,FUSE0,7013.8,7013.8,7869.7,855.9,855.9,271.3,0.316976,1,p:2.1.1.1.2.2
U6212,248,FUSE0,7018.4,7018.4,8063.1,1044.7,1044.7,271.3,0.259692,1,p:1.2.5.1.2.2
U6213,248,FUSE0,7170.2,7170.2,8058.5,888.3,888.3,271.3,0.305415,1,p:2.1.3.1.2.2
U6214,248,FUSE0,7174.8,7174.8,8108.7,933.9,933.9,271.3,0.290502,1,p:1.2.2.1.2.2
U6215,248,FUSE0,7314.8,7314.8,8113.3,798.5,798.5,271.3,0.339762,1,p:2.1.1.1.2.2
U6216,248,FUSE0,7319.4,7319.4,8206.3,886.9,886.9,271.3,0.305897,1,p:1.2.4.1.2.2
U6217,248,FUSE0,7324.0,7324.0,8305.3,981.3,981.3,271.3,0.27647,1,p:2.1.5.1.2.2
U6218,248,FUSE1,7508.2,7508.2,8364.1,855.9,855.9,333.3,0.389415,1,p:1.1.3.1.2.2
U6219,248,FUSE1,7512.8,7512.8,8414.3,901.5,901.5,333.3,0.369717,1,p:2.1.2.1.2.2
U6220,248,FUSE1,7652.8,7652.8,8418.9,766.1,766.1,333.3,0.435061,1,p:1.1.1.1.2.2
U6221,248,FUSE1,7657.4,7657.4,8511.9,854.5,854.5,333.3,0.390053,1,p:2.1.4.1.2.2
U6222,248,FUSE1,7662.0,7662.0,8610.9,948.9,948.9,333.3,0.351249,1,p:1.2.5.1.2.2
U6223,248,FUSE1,7846.2,7846.2,8669.7,823.5,823.5,333.3,0.404736,1,p:2.1.3.1.2.2
U6224,248,FUSE1,7850.8,7850.8,8719.9,869.1,869.1,333.3,0.3835,1,p:1.2.2.1.2.2
U6225,248,FUSE1,7896.4,7896.4,8724.5,828.1,828.1,333.3,0.402488,1,p:2.1.1.1.2.2
U6226,248,FUSE2,7901.0,7901.0,8849.9,948.9,948.9,365.7,0.385394,1,p:1.2.4.1.2.2
U6227,248,FUSE2,7994.0,7994.0,8948.9,954.9,954.9,365.7,0.382972,1,p:2.1.5.1.2.2
U6228,248,FUSE2,8089.8,8089.8,9007.7,917.9,917.9,365.7,0.398409,1,p:1.1.3.1.2.2
U6229,248,FUSE2,8094.4,8094.4,9057.9,963.5,963.5,365.7,0.379554,1,p:2.1.2.1.2.2
U6230,248,FUSE2,8140.0,8140.0,9062.5,922.5,922.5,365.7,0.396423,1,p:1.1.1.1.2.2
U6231,248,FUSE2,8144.6,8144.6,9187.9,1043.3,1043.3,365.7,0.350522,1,p:2.1.4.1.2.2
U6232,248,FUSE2,8237.6,8237.6,9286.9,1049.3,1049.3,365.7,0.348518,1,p:1.1.5.1.2.2
U6233,248,FUSE2,8336.6,8336.6,9345.7,1009.1,1009.1,365.7,0.362402,1,p:2.1.3.1.2.2
U057,3,FUSE0,8395.4,8395.4,9301.5,906.1,906.1,271.3,0.299415,1,p:1.1.2.1.2.2
U058,3,FUSE0,8445.6,8445.6,9306.1,860.5,860.5,271.3,0.315282,1,p:2.1.1.1.2.2
U059,3,FUSE0,8450.2,8450.2,9431.5,981.3,981.3,271.3,0.27647,1,p:1.2.4.1.2.2
U060,3,FUSE0,8543.2,8543.2,9530.5,987.3,987.3,271.3,0.27479,1,p:2.1.5.1.2.2
U061,3,FUSE0,8642.2,8642.2,9545.1,902.9,902.9,271.3,0.300476,1,p:1.1.2.1.2.2
U062,3,FUSE0,8701.0,8701.0,9549.7,848.7,848.7,271.3,0.319665,1,p:2.1.1.1.2.2
U063,3,FUSE0,8751.2,8751.2,9589.3,838.1,838.1,271.3,0.323708,1,p:1.1.3.1.2.2
U064,3,FUSE0,8755.8,8755.8,9675.1,919.3,919.3,271.3,0.295116,1,p:2.1.4.1.2.2
U065,3,FUSE1,8881.2,8881.2,9836.1,954.9,954.9,333.3,0.349042,1,p:1.1.5.1.2.2
U066,3,FUSE1,8980.2,8980.2,9850.7,870.5,870.5,333.3,0.382883,1,p:2.1.2.1.2.2
U067,3,FUSE1,9039.0,9039.0,9855.3,816.3,816.3,333.3,0.408306,1,p:1.1.1.1.2.2
U068,3,FUSE1,9089.2,9089.2,9894.9,805.7,805.7,333.3,0.413678,1,p:2.1.3.1.2.2
U069,3,FUSE1,9093.8,9093.8,9980.7,886.9,886.9,333.3,0.375803,1,p:1.2.4.1.2.2
U070,3,FUSE1,9219.2,9219.2,10141.7,922.5,922.5,333.3,0.361301,1,p:2.1.5.1.2.2
U071,3,FUSE1,9318.2,9318.2,10156.3,838.1,838.1,333.3,0.397685,1,p:1.1.2.1.2.2
U072,3,FUSE1,9332.8,9332.8,10160.9,828.1,828.1,333.3,0.402488,1,p:2.1.1.1.2.2
U073,3,FUSE2,9337.4,9337.4,10232.9,895.5,895.5,365.7,0.408375,1,p:1.2.3.1.2.2
U074,3,FUSE2,9377.0,9377.0,10318.7,941.7,941.7,365.7,0.38834,1,p:2.1.4.1.2.2
U075,3,FUSE2,9462.8,9462.8,10479.7,1016.9,1016.9,365.7,0.359622,1,p:1.1.5.1.2.2
U076,3,FUSE2,9561.8,9561.8,10498.9,937.1,937.1,365.7,0.390247,1,p:2.1.1.1.2.2
U077,3,FUSE2,9576.4,9576.4,10494.3,917.9,917.9,365.7,0.398409,1,p:1.1.2.1.2.2
U078,3,FUSE2,9581.0,9581.0,10570.9,989.9,989.9,365.7,0.369431,1,p:2.1.3.1.2.2
U079,3,FUSE2,9620.6,9620.6,10656.7,1036.1,1036.1,365.7,0.352958,1,p:1.1.4.1.2.2
U4514,181,FUSE0,9706.4,9706.4,10723.3,1016.9,1016.9,271.3,0.266791,1,p:2.1.5.1.2.2
U4515,181,FUSE0,9867.4,9867.4,10737.9,870.5,870.5,271.3,0.31166,1,p:1.1.2.1.2.2
U4516,181,FUSE0,9882.0,9882.0,10742.5,860.5,860.5,271.3,0.315282,1,p:2.1.1.1.2.2
U4517,181,FUSE0,9886.6,9886.6,10814.5,927.9,927.9,271.3,0.292381,1,p:1.2.3.1.2.2
U4518,181,FUSE0,9926.2,9926.2,10900.3,974.1,974.1,271.3,0.278513,1,p:2.1.4.1.2.2
U4519,181,FUSE0,10012.0,10012.0,10966.9,954.9,954.9,271.3,0.284114,1,p:1.1.5.1.2.2
U4520,181,FUSE0,10173.0,10173.0,10986.1,813.1,813.1,271.3,0.333661,1,p:2.1.1.1.2.2
U4521,181,FUSE0,10187.6,10187.6,10981.5,793.9,793.9,271.3,0.341731,1,p:1.1.2.1.2.2
U4522,181,FUSE0,10192.2,10192.2,11058.1,865.9,865.9,271.3,0.313316,1,p:2.1.3.1.2.2
U4523,181,FUSE1,10264.2,10264.2,11205.9,941.7,941.7,333.3,0.353934,1,p:1.1.4.1.2.2
U4524,181,FUSE1,10350.0,10350.0,11272.5,922.5,922.5,333.3,0.361301,1,p:2.1.5.1.2.2
U4525,181,FUSE1,10511.0,10511.0,11287.1,776.1,776.1,333.3,0.429455,1,p:1.1.2.1.2.2
U4526,181,FUSE1,10525.6,10525.6,11291.7,766.1,766.1,333.3,0.435061,1,p:2.1.1.1.2.2
U4527,181,FUSE1,10530.2,10530.2,11363.7,833.5,833.5,333.3,0.39988,1,p:1.2.3.1.2.2
U4528,181,FUSE1,10602.2,10602.2,11511.5,909.3,909.3,333.3,0.366546,1,p:2.1.4.1.2.2
U4529,181,FUSE1,10688.0,10688.0,11578.1,890.1,890.1,333.3,0.374452,1,p:1.1.5.1.2.2
U4530,181,FUSE1,10754.6,10754.6,11597.3,842.7,842.7,333.3,0.395514,1,p:2.1.1.1.2.2
U4531,181,FUSE1,10769.2,10769.2,11592.7,823.5,823.5,333.3,0.404736,1,p:1.1.2.1.2.2
U4532,181,FUSE1,10773.8,10773.8,11669.3,895.5,895.5,333.3,0.372194,1,p:2.1.3.1.2.2
U4533,181,FUSE2,10845.8,10845.8,11849.5,1003.7,1003.7,365.7,0.364352,1,p:1.1.4.1.2.2
U4534,181,FUSE2,10931.6,10931.6,11916.1,984.5,984.5,365.7,0.371458,1,p:2.1.5.1.2.2
U4535,181,FUSE2,10998.2,10998.2,11930.7,932.5,932.5,365.7,0.392172,1,p:1.1.2.1.2.2
U4536,181,FUSE2,11012.8,11012.8,11935.3,922.5,922.5,365.7,0.396423,1,p:2.1.1.1.2.2
U4537,181,FUSE2,11017.4,11017.4,12007.3,989.9,989.9,365.7,0.369431,1,p:1.2.3.1.2.2
U4538,181,FUSE2,11089.4,11089.4,12187.5,1098.1,1098.1,365.7,0.33303,1,p:2.1.4.1.2.2
U4539,181,FUSE2,11237.2,11237.2,12254.1,1016.9,1016.9,365.7,0.359622,1,p:1.1.5.1.2.2
U4540,181,FUSE2,11303.8,11303.8,12273.3,969.5,969.5,365.7,0.377205,1,p:2.1.1.1.2.2
U4541,181,FUSE2,11318.4,11318.4,12268.7,950.3,950.3,365.7,0.384826,1,p:1.1.2.1.2.2
U4542,181,FUSE2,11323.0,11323.0,12345.3,1022.3,1022.3,365.7,0.357723,1,p:2.1.3.1.2.2
U4265,171,FUSE0,11395.0,11395.0,12431.1,1036.1,1036.1,271.3,0.261847,1,p:1.1.4.1.2.2
U4266,171,FUSE0,11542.8,11542.8,12497.7,954.9,954.9,271.3,0.284114,1,p:2.1.5.1.2.2
U4267,171,FUSE0,11609.4,11609.4,12512.3,902.9,902.9,271.3,0.300476,1,p:1.1.2.1.2.2
U4268,171,FUSE0,11624.0,11624.0,12516.9,892.9,892.9,271.3,0.303841,1,p:2.1.1.1.2.2
U4269,171,FUSE0,11628.6,11628.6,12588.9,960.3,960.3,271.3,0.282516,1,p:1.2.3.1.2.2
U4270,171,FUSE0,11700.6,11700.6,12674.7,974.1,974.1,271.3,0.278513,1,p:2.1.4.1.2.2
U4271,171,FUSE0,11880.8,11880.8,12741.3,860.5,860.5,271.3,0.315282,1,p:1.1.5.1.2.2
U4272,171,FUSE0,11947.4,11947.4,12760.5,813.1,813.1,271.3,0.333661,1,p:2.1.1.1.2.2
U4273,171,FUSE0,11962.0,11962.0,12755.9,793.9,793.9,271.3,0.341731,1,p:1.1.2.1.2.2
U4274,171,FUSE1,11966.6,11966.6,12894.5,927.9,927.9,333.3,0.359198,1,p:2.1.3.1.2.2
U4275,171,FUSE1,12038.6,12038.6,12980.3,941.7,941.7,333.3,0.353934,1,p:1.1.4.1.2.2
U4276,171,FUSE1,12218.8,12218.8,13046.9,828.1,828.1,333.3,0.402488,1,p:2.1.5.1.2.2
U4277,171,FUSE1,12285.4,12285.4,13061.5,776.1,776.1,333.3,0.429455,1,p:1.1.2.1.2.2
U4278,171,FUSE1,12300.0,12300.0,13066.1,766.1,766.1,333.3,0.435061,1,p:2.1.1.1.2.2
U4279,171,FUSE1,12304.6,12304.6,13200.1,895.5,895.5,333.3,0.372194,1,p:1.2.3.1.2.2
U4280,171,FUSE1,12376.6,12376.6,13285.9,909.3,909.3,333.3,0.366546,1,p:2.1.4.1.2.2
U4281,171,FUSE1,12462.4,12462.4,13352.5,890.1,890.1,333.3,0.374452,1,p:1.1.5.1.2.2
U4282,171,FUSE1,12529.0,12529.0,13369.1,840.1,840.1,333.3,0.396738,1,p:2.1.1.1.2.2
U4283,171,FUSE2,12543.6,12543.6,13399.5,855.9,855.9,365.7,0.42727,1,p:1.1.2.1.2.2
U4284,171,FUSE2,12548.2,12548.2,13538.1,989.9,989.9,365.7,0.369431,1,p:2.1.3.1.2.2
U4285,171,FUSE2,12620.2,12620.2,13623.9,1003.7,1003.7,365.7,0.364352,1,p:1.1.4.1.2.2
U4286,171,FUSE2,12706.0,12706.0,13690.5,984.5,984.5,365.7,0.371458,1,p:2.1.5.1.2.2
U4287,171,FUSE2,12772.6,12772.6,13707.1,934.5,934.5,365.7,0.391332,1,p:1.1.1.1.2.2
U4288,171,FUSE2,12787.2,12787.2,13737.5,950.3,950.3,365.7,0.384826,1,p:2.1.2.1.2.2
U4289,171,FUSE2,12791.8,12791.8,13876.1,1084.3,1084.3,365.7,0.337268,1,p:1.2.3.1.2.2
U4290,171,FUSE2,12925.8,12925.8,13961.9,1036.1,1036.1,365.7,0.352958,1,p:2.1.4.1.2.2
U6179,247,FUSE0,13011.6,13011.6,13934.1,922.5,922.5,271.3,0.294092,1,p:1.1.5.1.2.2
U6180,247,FUSE0,13078.2,13078.2,13981.1,902.9,902.9,271.3,0.300476,1,p:2.1.2.1.2.2
U6181,247,FUSE0,13092.8,13092.8,13950.7,857.9,857.9,271.3,0.316237,1,p:1.1.1.1.2.2
U6182,247,FUSE0,13097.4,13097.4,14119.7,1022.3,1022.3,271.3,0.265382,1,p:2.1.3.1.2.2
U6183,247,FUSE0,13231.4,13231.4,14177.7,946.3,946.3,271.3,0.286696,1,p:1.1.5.1.2.2
U6184,247,FUSE0,13317.2,13317.2,14205.5,888.3,888.3,271.3,0.305415,1,p:2.1.4.1.2.2
U6185,247,FUSE0,13383.8,13383.8,14194.3,810.5,810.5,271.3,0.334732,1,p:1.1.1.1.2.2
U6186,247,FUSE0,13400.4,13400.4,14224.7,824.3,824.3,271.3,0.329128,1,p:2.1.2.1.2.2
U6187,247,FUSE0,13430.8,13430.8,14363.3,932.5,932.5,271.3,0.290938,1,p:1.1.3.1.2.2
U6188,247,FUSE0,13569.4,13569.4,14421.3,851.9,851.9,271.3,0.318465,1,p:2.1.5.1.2.2
U6189,247,FUSE1,13655.2,13655.2,14511.1,855.9,855.9,333.3,0.389415,1,p:1.1.4.1.2.2
U6190,247,FUSE1,13721.8,13721.8,14530.3,808.5,808.5,333.3,0.412245,1,p:2.1.2.1.2.2
U6191,247,FUSE1,13738.4,13738.4,14499.9,761.5,761.5,333.3,0.437689,1,p:1.1.1.1.2.2
U6192,247,FUSE1,13768.8,13768.8,14668.9,900.1,900.1,333.3,0.370292,1,p:2.1.3.1.2.2
U6193,247,FUSE1,13907.4,13907.4,14726.9,819.5,819.5,333.3,0.406711,1,p:1.1.5.1.2.2
U6194,247,FUSE1,13965.4,13965.4,14805.5,840.1,840.1,333.3,0.396738,1,p:2.1.1.1.2.2
U6195,247,FUSE1,13982.0,13982.0,14816.7,834.7,834.7,333.3,0.399305,1,p:1.1.4.1.2.2
U6196,247,FUSE1,13993.2,13993.2,14974.5,981.3,981.3,333.3,0.339651,1,p:2.1.3.1.2.2
U6197,247,FUSE1,14012.4,14012.4,14835.9,823.5,823.5,333.3,0.404736,1,p:1.1.2.1.2.2
U6198,247,FUSE1,14151.0,14151.0,15032.5,881.5,881.5,333.3,0.378106,1,p:2.1.5.1.2.2
U6199,247,FUSE2,14209.0,14209.0,15154.7,945.7,945.7,365.7,0.386698,1,p:1.1.4.1.2.2
U6200,247,FUSE2,14225.6,14225.6,15173.9,948.3,948.3,365.7,0.385637,1,p:2.1.2.1.2.2
U6201,247,FUSE2,14236.8,14236.8,15143.5,906.7,906.7,365.7,0.403331,1,p:1.1.1.1.2.2
U6202,247,FUSE2,14256.0,14256.0,15312.5,1056.5,1056.5,365.7,0.346143,1,p:2.1.3.1.2.2
U6203,247,FUSE2,14394.6,14394.6,15370.5,975.9,975.9,365.7,0.374731,1,p:1.1.5.1.2.2
U6204,247,FUSE2,14452.6,14452.6,15492.7,1040.1,1040.1,365.7,0.351601,1,p:2.1.4.1.2.2
U6205,247,FUSE2,14531.2,14531.2,15481.5,950.3,950.3,365.7,0.384826,1,p:1.1.1.1.2.2
U6206,247,FUSE2,14542.4,14542.4,15650.5,1108.1,1108.1,365.7,0.330024,1,p:2.1.3.1.2.2
U6207,247,FUSE2,14561.6,14561.6,15511.9,950.3,950.3,365.7,0.384826,1,p:1.1.2.1.2.2
U6208,247,FUSE2,14700.2,14700.2,15708.5,1008.3,1008.3,365.7,0.36269,1,p:2.1.5.1.2.2
U6209,247,FUSE2,14758.2,14758.2,15830.7,1072.5,1072.5,365.7,0.340979,1,p:1.1.4.1.2.2
U6433,257,FUSE0,14836.8,14836.8,15755.5,918.7,918.7,271.3,0.295309,1,p:2.1.2.1.2.2
U6434,257,FUSE0,14848.0,14848.0,15725.1,877.1,877.1,271.3,0.309315,1,p:1.1.1.1.2.2
U6435,257,FUSE0,14867.2,14867.2,15894.1,1026.9,1026.9,271.3,0.264193,1,p:2.1.3.1.2.2
U6436,257,FUSE0,15005.8,15005.8,17458.7053,2452.9053,2452.9053,271.3,0.110604,1,p:1.1.5.1.2.2
U6437,257,FUSE0,15063.8,15063.8,15968.7,904.9,904.9,271.3,0.299812,1,p:2.1.1.1.2.2
U6438,257,FUSE0,15174.8,16747.0053,17368.9,2194.1,2194.1,271.3,0.12365,1,p:1.1.2.1.2.2
U6439,257,FUSE0,15186.0,15186.0,16137.7,951.7,951.7,271.3,0.285069,1,p:2.1.3.1.2.2
U6440,257,FUSE1,15205.2,16753.6053,17501.5053,2296.3053,2296.3053,333.3,0.145146,1,p:1.1.4.1.2.2
U6441,257,FUSE1,15343.8,15343.8,16144.1,800.3,800.3,333.3,0.416469,1,p:2.1.5.1.2.2
U6442,257,FUSE1,15401.8,16760.2053,17391.9053,1990.1053,1990.1053,333.3,0.167479,1,p:1.1.1.1.2.2
U6443,257,FUSE1,15512.8,15512.8,16273.1,760.3,760.3,333.3,0.43838,1,p:2.1.4.1.2.2
U6444,257,FUSE1,15524.0,16766.8053,17674.5,2150.5,2150.5,333.3,0.154987,1,p:1.1.2.1.2.2
U6445,257,FUSE1,15543.2,15543.2,16443.3,900.1,900.1,333.3,0.370292,1,p:2.1.3.1.2.2
U6446,257,FUSE1,15681.8,16773.4053,17764.3053,2082.5053,2082.5053,333.3,0.160048,1,p:1.1.5.1.2.2
U6447,257,FUSE2,15739.8,15739.8,16452.5,712.7,712.7,365.7,0.513119,1,p:2.1.2.1.2.2
U6448,257,FUSE2,15756.4,16780.0053,17729.9053,1973.5053,1973.5053,365.7,0.185305,1,p:1.1.1.1.2.2
U6449,257,FUSE2,15786.8,15786.8,16611.1,824.3,824.3,365.7,0.443649,1,p:2.1.4.1.2.2
U6450,257,FUSE2,15862.0,16786.6053,17638.7,1776.7,1776.7,365.7,0.205831,1,p:1.1.3.1.2.2
U6451,257,FUSE2,15925.4,15925.4,16758.1,832.7,832.7,365.7,0.439174,1,p:2.1.5.1.2.2
U6452,257,FUSE2,16000.0,16793.2053,18067.9053,2067.9053,2067.9053,365.7,0.176846,1,p:1.1.1.1.2.2
U6453,257,FUSE2,16169.0,16169.0,16881.7,712.7,712.7,365.7,0.513119,1,p:2.1.2.1.2.2
U2672,108,FUSE0,16175.4,16799.8053,17745.1053,1569.7053,1569.7053,271.3,0.172835,1,p:1.1.4.1.2.2
U2673,108,FUSE0,16304.4,16304.4,16962.7,658.3,658.3,271.3,0.412122,1,p:2.1.3.1.2.2
E001,364,FUSE0,16474.6,16474.6,17052.9,578.3,578.3,271.3,0.469134,1,p:2.1.1.1.2.2
E002,364,FUSE0,16483.8,16483.8,17125.3,641.5,641.5,271.3,0.422915,1,p:2.1.2.1.2.2
E003,364,FUSE0,16642.4,16642.4,17300.7,658.3,658.3,271.3,0.412122,1,p:2.1.3.1.2.2
E004,364,FUSE0,16789.4,16789.4,17882.3,1092.9,1092.9,271.3,0.248239,1,p:2.1.3.1.2.2
E005,364,FUSE0,16913.0,16913.0,17918.1,1005.1,1005.1,271.3,0.269923,1,p:2.1.2.1.2.2
E006,364,FUSE0,16994.0,16994.0,18007.9053,1013.9053,1013.9053,271.3,0.267579,1,p:1.1.5.1.2.2
E007,364,FUSE0,17084.2,17084.2,18028.7053,944.5053,944.5053,271.3,0.28724,1,p:2.1.4.2.1.2
E008,364,FUSE0,17156.6,17156.6,18125.9,969.3,969.3,271.3,0.279893,1,p:1.1.3.1.2.2
E009,364,FUSE1,17332.0,17332.0,18223.7,891.7,891.7,333.3,0.37378,1,p:2.1.2.1.2.2
E010,364,FUSE1,17400.2,17400.2,18313.5053,913.3053,913.3053,333.3,0.364938,1,p:1.1.5.1.2.2
E011,364,FUSE1,17423.2053,17423.2053,18334.3053,911.1,911.1,333.3,0.365822,1,p:2.1.4.2.1.2
E012,364,FUSE1,17490.0053,17490.0053,18373.5053,883.5,883.5,333.3,0.37725,1,p:1.1.1.1.2.2
E013,364,FUSE1,17532.8053,17532.8053,18431.5,898.6947,898.6947,333.3,0.370871,1,p:2.1.3.1.2.2
E014,364,FUSE1,17670.0,17670.0,18529.3,859.3,859.3,333.3,0.387874,1,p:1.1.2.1.2.2
E015,364,FUSE2,17705.8,17705.8,18651.5053,945.7053,945.7053,365.7,0.386696,1,p:2.1.5.1.2.2
E016,364,FUSE2,17761.2053,17761.2053,18672.3053,911.1,911.1,365.7,0.401383,1,p:1.1.4.2.1.2
E017,364,FUSE2,17776.4053,17776.4053,18769.5,993.0947,993.0947,365.7,0.368243,1,p:2.1.3.1.2.2
E018,364,FUSE2,17795.6053,17795.6053,18711.5053,915.9,915.9,365.7,0.399279,1,p:1.1.1.1.2.2
E019,364,FUSE2,17913.6,17913.6,18867.3,953.7,953.7,365.7,0.383454,1,p:2.1.2.1.2.2
E020,364,FUSE2,17949.4,17949.4,18989.5053,1040.1053,1040.1053,365.7,0.351599,1,p:1.1.5.1.2.2
E021,364,FUSE2,18039.2053,18039.2053,19010.3053,971.1,971.1,365.7,0.376583,1,p:2.1.4.2.1.2
U2674,108,FUSE0,18060.0053,18060.0053,19233.1053,1173.1,1173.1,271.3,0.231268,1,p:1.2.5.1.2.2
U2675,108,FUSE0,18099.2053,18099.2053,19110.9,1011.6947,1011.6947,271.3,0.268164,1,p:2.1.2.1.2.2
U2676,108,FUSE0,18157.2,18157.2,18955.1053,797.9053,797.9053,271.3,0.340015,1,p:1.1.1.1.2.2
U2677,108,FUSE0,18255.0,18255.0,19213.9053,958.9053,958.9053,271.3,0.282927,1,p:2.1.4.1.2.2
U2678,108,FUSE0,18344.8053,18344.8053,19014.3053,669.5,669.5,271.3,0.405228,1,p:1.1.3.1.2.2
U2679,108,FUSE0,18365.6053,18365.6053,19476.7053,1111.1,1111.1,271.3,0.244172,1,p:2.1.5.1.2.2
U2680,108,FUSE1,18404.8053,18404.8053,19260.7053,855.9,855.9,333.3,0.389415,1,p:1.1.1.1.2.2
U2681,108,FUSE1,18462.8,18462.8,19416.5,953.7,953.7,333.3,0.349481,1,p:2.1.2.1.2.2
U2682,108,FUSE1,18560.6,18560.6,19519.5053,958.9053,958.9053,333.3,0.347584,1,p:1.1.4.1.2.2
U2683,108,FUSE1,18682.8053,18682.8053,19403.1053,720.3,720.3,333.3,0.462724,1,p:2.1.3.1.2.2
U2684,108,FUSE1,18703.6053,18703.6053,19782.3053,1078.7,1078.7,333.3,0.308983,1,p:1.2.5.1.2.2
U2685,108,FUSE1,18742.8053,18742.8053,19566.3053,823.5,823.5,333.3,0.404736,1,p:2.1.1.1.2.2
U2686,108,FUSE1,18800.8,18800.8,19722.1,921.3,921.3,333.3,0.361771,1,p:1.1.2.1.2.2
U2687,108,FUSE1,18898.6,18898.6,19825.1053,926.5053,926.5053,333.3,0.359739,1,p:2.1.4.1.2.2
U2688,108,FUSE2,18986.4053,18986.4053,19741.1053,754.7,754.7,365.7,0.484563,1,p:1.1.3.1.2.2
U2689,108,FUSE2,19020.8053,19020.8053,20120.3053,1099.5,1099.5,365.7,0.332606,1,p:2.1.5.1.2.2
U2690,108,FUSE2,19041.6053,19041.6053,19904.3053,862.7,862.7,365.7,0.423902,1,p:1.1.1.1.2.2
U2691,108,FUSE2,19045.6053,19045.6053,20060.1,1014.4947,1014.4947,365.7,0.360475,1,p:2.1.2.1.2.2
U2692,108,FUSE2,19142.2,19142.2,20163.1053,1020.9053,1020.9053,365.7,0.358211,1,p:1.1.4.1.2.2
U2693,108,FUSE2,19245.2053,19245.2053,20079.1053,833.9,833.9,365.7,0.438542,1,p:2.1.3.1.2.2
U2694,108,FUSE2,19264.4053,19264.4053,20458.3053,1193.9,1193.9,365.7,0.306307,1,p:1.2.5.1.2.2
U2695,108,FUSE2,19292.0053,19292.0053,20242.3053,950.3,950.3,365.7,0.384826,1,p:2.1.1.1.2.2
U2696,108,FUSE2,19434.4053,19434.4053,20398.1,963.6947,963.6947,365.7,0.379477,1,p:1.1.2.1.2.2
U030,2,FUSE0,19447.8,19447.8,20406.7053,958.9053,958.9053,271.3,0.282927,1,p:2.1.4.1.2.2
U031,2,FUSE0,19508.0053,19508.0053,20322.7053,814.7,814.7,271.3,0.333006,1,p:1.1.3.1.2.2
U032,2,FUSE0,19550.8053,19550.8053,20701.9053,1151.1,1151.1,271.3,0.235688,1,p:2.1.5.1.2.2
U033,2,FUSE0,19597.6053,19597.6053,20650.3053,1052.7,1052.7,271.3,0.257718,1,p:1.1.4.1.2.2
U034,2,FUSE0,19753.4,19753.4,20566.3053,812.9053,812.9053,271.3,0.333741,1,p:2.1.3.1.2.2
U035,2,FUSE0,19772.4053,19772.4053,20485.9053,713.5,713.5,271.3,0.380238,1,p:1.1.1.1.2.2
U036,2,FUSE0,19813.6053,19813.6053,20641.7,828.0947,828.0947,271.3,0.32762,1,p:2.1.2.1.2.2
U037,2,FUSE0,19856.4053,19856.4053,20945.5053,1089.1,1089.1,271.3,0.249105,1,p:1.1.5.1.2.2
U038,2,FUSE0,19935.6053,19935.6053,20893.9053,958.3,958.3,271.3,0.283105,1,p:2.1.4.1.2.2
U039,2,FUSE1,20091.4,20091.4,20871.9053,780.5053,780.5053,333.3,0.427031,1,p:1.1.3.1.2.2
U040,2,FUSE1,20110.4053,20110.4053,20791.5053,681.1,681.1,333.3,0.489355,1,p:2.1.1.1.2.2
U041,2,FUSE1,20151.6053,20151.6053,20950.1053,798.5,798.5,333.3,0.417408,1,p:1.1.2.1.2.2
U042,2,FUSE1,20194.4053,20194.4053,21251.1053,1056.7,1056.7,333.3,0.315416,1,p:2.1.5.1.2.2
U043,2,FUSE1,20273.6053,20273.6053,21199.5053,925.9,925.9,333.3,0.359974,1,p:1.1.4.1.2.2
U044,2,FUSE1,20354.0053,20354.0053,21177.5053,823.5,823.5,333.3,0.404736,1,p:2.1.3.1.2.2
U045,2,FUSE1,20429.4,20429.4,21097.1053,667.7053,667.7053,333.3,0.499172,1,p:1.1.1.1.2.2
U046,2,FUSE1,20438.0053,20438.0053,21556.7053,1118.7,1118.7,333.3,0.297935,1,p:2.1.5.1.2.2
U047,2,FUSE1,20489.6053,20489.6053,21255.7053,766.1,766.1,333.3,0.435061,1,p:1.1.2.1.2.2
U048,2,FUSE2,20517.2053,20517.2053,21537.5053,1020.3,1020.3,365.7,0.358424,1,p:2.1.4.1.2.2
U049,2,FUSE2,20597.6053,20597.6053,21515.5053,917.9,917.9,365.7,0.398409,1,p:1.1.3.1.2.2
U050,2,FUSE2,20673.0,20673.0,21590.9,917.9,917.9,365.7,0.398409,1,p:2.1.2.1.2.2
U051,2,FUSE2,20681.6053,20681.6053,21435.1053,753.5,753.5,365.7,0.485335,1,p:1.1.1.1.2.2
U052,2,FUSE2,20733.2053,20733.2053,21894.7053,1161.5,1161.5,365.7,0.314851,1,p:2.1.5.1.2.2
U053,2,FUSE2,20822.8053,20822.8053,21875.5053,1052.7,1052.7,365.7,0.347392,1,p:1.1.4.1.2.2
U054,2,FUSE2,20903.2053,20903.2053,21853.5053,950.3,950.3,365.7,0.384826,1,p:2.1.3.1.2.2
U055,2,FUSE2,20925.2053,20925.2053,21773.1053,847.9,847.9,365.7,0.431301,1,p:1.1.1.1.2.2
U056,2,FUSE2,20976.8053,20976.8053,22232.7053,1255.9,1255.9,365.7,0.291186,1,p:2.1.5.1.2.2
U4596,184,FUSE0,20981.4053,20981.4053,21834.5,853.0947,853.0947,271.3,0.318019,1,p:1.1.2.1.2.2
U4597,184,FUSE0,21128.4053,21128.4053,22119.1053,990.7,990.7,271.3,0.273847,1,p:2.1.4.1.2.2
U4598,184,FUSE0,21208.8053,21208.8053,22078.1,869.2947,869.2947,271.3,0.312092,1,p:1.1.2.1.2.2
U4599,184,FUSE0,21230.8053,21230.8053,22016.7053,785.9,785.9,271.3,0.345209,1,p:2.1.1.1.2.2
U4600,184,FUSE0,21282.4053,21282.4053,22097.1053,814.7,814.7,271.3,0.333006,1,p:1.1.3.1.2.2
U4601,184,FUSE0,21287.0053,21287.0053,22476.3053,1189.3,1189.3,271.3,0.228117,1,p:2.1.5.1.2.2
U4602,184,FUSE0,21466.4053,21466.4053,22362.7053,896.3,896.3,271.3,0.302689,1,p:1.1.4.1.2.2
U4603,184,FUSE0,21546.8053,21546.8053,22321.7,774.8947,774.8947,271.3,0.350112,1,p:2.1.2.1.2.2
U4604,184,FUSE0,21568.8053,21568.8053,22340.7053,771.9,771.9,271.3,0.35147,1,p:1.1.3.1.2.2
U4605,184,FUSE1,21588.0053,21588.0053,22781.9053,1193.9,1193.9,333.3,0.279169,1,p:2.1.5.1.2.2
U4606,184,FUSE1,21622.2,21622.2,22326.3,704.1,704.1,333.3,0.47337,1,p:1.1.1.1.2.2
U4607,184,FUSE1,21804.4053,21804.4053,22668.3053,863.9,863.9,333.3,0.385809,1,p:2.1.4.1.2.2
U4608,184,FUSE1,21865.8,21865.8,22627.3,761.5,761.5,333.3,0.437689,1,p:1.1.2.1.2.2
U4609,184,FUSE1,21884.8053,21884.8053,22646.3053,761.5,761.5,333.3,0.437689,1,p:2.1.3.1.2.2
U4610,184,FUSE1,21906.8053,21906.8053,22631.9,725.0947,725.0947,333.3,0.459664,1,p:1.1.1.1.2.2
U4611,184,FUSE1,21926.0053,21926.0053,23087.5053,1161.5,1161.5,333.3,0.286957,1,p:2.1.5.1.2.2
U4612,184,FUSE1,22048.0053,22048.0053,22974.5,926.4947,926.4947,333.3,0.359743,1,p:1.1.4.1.2.2
U4613,184,FUSE1,22109.4,22109.4,22951.9053,842.5053,842.5053,333.3,0.395606,1,p:2.1.3.1.2.2
U4614,184,FUSE2,22128.4053,22128.4053,22965.3,836.8947,836.8947,365.7,0.436973,1,p:1.1.2.1.2.2
U4615,184,FUSE2,22150.4053,22150.4053,23425.5053,1275.1,1275.1,365.7,0.286801,1,p:2.1.5.1.2.2
U4616,184,FUSE2,22264.0053,22264.0053,22969.9,705.8947,705.8947,365.7,0.518066,1,p:1.1.1.1.2.2
U4617,184,FUSE2,22353.0,22353.0,23312.5,959.5,959.5,365.7,0.381136,1,p:2.1.4.1.2.2
U4618,184,FUSE2,22357.6,22357.6,23303.3,945.7,945.7,365.7,0.386698,1,p:1.1.2.1.2.2
U4619,184,FUSE2,22372.0053,22372.0053,23289.9053,917.9,917.9,365.7,0.398409,1,p:2.1.3.1.2.2
U4620,184,FUSE2,22394.0053,22394.0053,23307.9,913.8947,913.8947,365.7,0.400156,1,p:1.1.1.1.2.2
U4621,184,FUSE2,22507.6053,22507.6053,23763.5053,1255.9,1255.9,365.7,0.291186,1,p:2.1.5.1.2.2
U4622,184,FUSE2,22658.6,22658.6,23649.9053,991.3053,991.3053,365.7,0.368908,1,p:1.1.4.1.2.2
U2081,84,FUSE0,22663.2,22663.2,23533.5053,870.3053,870.3053,271.3,0.31173,1,p:2.1.3.1.2.2
U2082,84,FUSE0,22677.6053,22677.6053,23546.9,869.2947,869.2947,271.3,0.312092,1,p:1.1.2.1.2.2
U2083,84,FUSE0,22699.6053,22699.6053,23551.5,851.8947,851.8947,271.3,0.318467,1,p:2.1.1.1.2.2
U2084,84,FUSE0,22813.2053,22813.2053,24007.1053,1193.9,1193.9,271.3,0.227238,1,p:1.1.5.1.2.2
U2085,84,FUSE0,22983.2053,22983.2053,23790.5,807.2947,807.2947,271.3,0.336061,1,p:2.1.2.1.2.2
U2086,84,FUSE0,22996.6,22996.6,23893.5053,896.9053,896.9053,271.3,0.302485,1,p:1.1.4.1.2.2
U2087,84,FUSE0,23001.2,23001.2,23777.1053,775.9053,775.9053,271.3,0.349656,1,p:2.1.3.1.2.2
U2088,84,FUSE0,23005.8,23005.8,23795.1,789.3,789.3,271.3,0.343722,1,p:1.1.1.1.2.2
U2089,84,FUSE1,23118.8053,23118.8053,24312.7053,1193.9,1193.9,333.3,0.279169,1,p:2.1.5.1.2.2
U2090,84,FUSE1,23321.2053,23321.2053,24096.1,774.8947,774.8947,333.3,0.430123,1,p:1.1.2.1.2.2
U2091,84,FUSE1,23334.6,23334.6,24199.1053,864.5053,864.5053,333.3,0.385538,1,p:2.1.4.1.2.2
U2092,84,FUSE1,23339.2,23339.2,24082.7053,743.5053,743.5053,333.3,0.448282,1,p:1.1.3.1.2.2
U2093,84,FUSE1,23343.8,23343.8,24100.7,756.9,756.9,333.3,0.440349,1,p:2.1.1.1.2.2
U2094,84,FUSE1,23456.8053,23456.8053,24618.3053,1161.5,1161.5,333.3,0.286957,1,p:1.1.5.1.2.2
U2095,84,FUSE1,23564.8053,23564.8053,24504.7053,939.9,939.9,333.3,0.354612,1,p:2.1.4.1.2.2
U2096,84,FUSE1,23578.2,23578.2,24401.7,823.5,823.5,333.3,0.404736,1,p:1.1.2.1.2.2
U2097,84,FUSE2,23582.8,23582.8,24420.7053,837.9053,837.9053,365.7,0.436445,1,p:2.1.3.1.2.2
U2098,84,FUSE2,23681.2053,23681.2053,24434.7053,753.5,753.5,365.7,0.485335,1,p:1.2.1.1.2.2
U2099,84,FUSE2,23794.8053,23794.8053,24956.3053,1161.5,1161.5,365.7,0.314851,1,p:2.1.5.1.2.2
U2100,84,FUSE2,23808.4053,23808.4053,24739.7,931.2947,931.2947,365.7,0.392679,1,p:1.1.2.1.2.2
U2101,84,FUSE2,23821.8,23821.8,24842.7053,1020.9053,1020.9053,365.7,0.358211,1,p:2.1.4.1.2.2
U2102,84,FUSE2,23826.4,23826.4,24758.7053,932.3053,932.3053,365.7,0.392253,1,p:1.1.3.1.2.2
U2103,84,FUSE2,23924.8053,23924.8053,24772.7053,847.9,847.9,365.7,0.431301,1,p:2.1.1.1.2.2
U2104,84,FUSE2,24038.4053,24038.4053,25294.3053,1255.9,1255.9,365.7,0.291186,1,p:1.1.5.1.2.2
U2105,84,FUSE2,24114.0053,24114.0053,25180.7053,1066.7,1066.7,365.7,0.342833,1,p:2.1.4.1.2.2
U2326,94,FUSE0,24127.4,24127.4,24983.3,855.9,855.9,271.3,0.316976,1,p:1.1.2.1.2.2
U2327,94,FUSE0,24132.0,24132.0,25002.3053,870.3053,870.3053,271.3,0.31173,1,p:2.1.3.2.2.2
U2328,94,FUSE0,24230.4053,24230.4053,25016.3053,785.9,785.9,271.3,0.345209,1,p:1.2.1.1.2.2
U2329,94,FUSE0,24344.0053,24344.0053,25226.9,882.8947,882.8947,271.3,0.307285,1,p:2.1.2.1.2.2
U2330,94,FUSE0,24433.0,24433.0,25537.9053,1104.9053,1104.9053,271.3,0.245541,1,p:1.1.5.1.2.2
U2331,94,FUSE0,24452.0053,24452.0053,25245.9053,793.9,793.9,271.3,0.341731,1,p:2.1.3.2.2.2
U2332,94,FUSE0,24466.0053,24466.0053,25424.3053,958.3,958.3,271.3,0.283105,1,p:1.1.4.1.2.2
U2333,94,FUSE0,24536.0053,24536.0053,25259.9053,723.9,723.9,271.3,0.374776,1,p:2.1.1.1.2.2
U2334,94,FUSE1,24649.6053,24649.6053,25532.5,882.8947,882.8947,333.3,0.377508,1,p:1.1.2.1.2.2
U2335,94,FUSE1,24771.0,24771.0,25551.5053,780.5053,780.5053,333.3,0.427031,1,p:2.1.3.2.2.2
U2336,94,FUSE1,24790.0053,24790.0053,25843.5053,1053.5,1053.5,333.3,0.316374,1,p:1.1.5.1.2.2
U2337,94,FUSE1,24804.0053,24804.0053,25729.9053,925.9,925.9,333.3,0.359974,1,p:2.1.4.1.2.2
U2338,94,FUSE1,24874.0053,24874.0053,25565.5053,691.5,691.5,333.3,0.481996,1,p:1.1.1.1.2.2
U2339,94,FUSE1,24987.6053,24987.6053,25838.1,850.4947,850.4947,333.3,0.39189,1,p:2.1.2.1.2.2
U2340,94,FUSE1,25014.6,25014.6,26149.1053,1134.5053,1134.5053,333.3,0.293784,1,p:1.1.5.1.2.2
U2341,94,FUSE1,25033.6053,25033.6053,25857.1053,823.5,823.5,333.3,0.404736,1,p:2.1.3.2.2.2
U2342,94,FUSE2,25047.6053,25047.6053,26067.9053,1020.3,1020.3,365.7,0.358424,1,p:1.1.4.1.2.2
U2343,94,FUSE2,25212.0053,25212.0053,25903.5053,691.5,691.5,365.7,0.52885,1,p:2.1.1.1.2.2
U2344,94,FUSE2,25258.2,25258.2,26176.1,917.9,917.9,365.7,0.398409,1,p:1.1.2.1.2.2
U2345,94,FUSE2,25277.2053,25277.2053,26489.7053,1212.5,1212.5,365.7,0.301608,1,p:2.1.5.1.2.2
U2346,94,FUSE2,25291.2053,25291.2053,26195.1053,903.9,903.9,365.7,0.40458,1,p:1.1.3.2.2.2
U2347,94,FUSE2,25325.6053,25325.6053,26405.9053,1080.3,1080.3,365.7,0.338517,1,p:2.1.4.1.2.2
U2348,94,FUSE2,25455.6053,25455.6053,26241.5053,785.9,785.9,365.7,0.465326,1,p:1.1.1.1.2.2
U2349,94,FUSE2,25563.8,25563.8,26514.1,950.3,950.3,365.7,0.384826,1,p:2.1.2.1.2.2
U2350,94,FUSE2,25569.2053,25569.2053,26825.1053,1255.9,1255.9,365.7,0.291186,1,p:1.1.5.1.2.2
U3689,148,FUSE0,25582.8053,25582.8053,26438.7053,855.9,855.9,271.3,0.316976,1,p:2.1.3.1.2.2
U3690,148,FUSE0,25596.8053,25596.8053,26649.5053,1052.7,1052.7,271.3,0.257718,1,p:1.1.4.1.2.2
U3691,148,FUSE0,25761.2053,25761.2053,26485.1053,723.9,723.9,271.3,0.374776,1,p:2.1.1.1.2.2
U3692,148,FUSE0,25869.4,25869.4,26682.3053,812.9053,812.9053,271.3,0.333741,1,p:1.1.3.1.2.2
U3693,148,FUSE0,25874.8053,25874.8053,26757.7,882.8947,882.8947,271.3,0.307285,1,p:2.1.2.1.2.2
U3694,148,FUSE0,25888.4053,25888.4053,26893.1053,1004.7,1004.7,271.3,0.270031,1,p:1.1.4.1.2.2
U3695,148,FUSE0,25934.8053,25934.8053,27068.7053,1133.9,1133.9,271.3,0.239263,1,p:2.1.5.1.2.2
U3696,148,FUSE0,26099.2053,26099.2053,26728.7053,629.5,629.5,271.3,0.430977,1,p:1.1.1.1.2.2
U3697,148,FUSE1,26180.4053,26180.4053,26987.9053,807.5,807.5,333.3,0.412755,1,p:2.1.3.1.2.2
U3698,148,FUSE1,26207.4,26207.4,27063.3,855.9,855.9,333.3,0.389415,1,p:1.1.2.1.2.2
U3699,148,FUSE1,26226.4053,26226.4053,27198.7053,972.3,972.3,333.3,0.342795,1,p:2.1.4.1.2.2
U3700,148,FUSE1,26272.8053,26272.8053,27374.3053,1101.5,1101.5,333.3,0.302587,1,p:1.1.5.1.2.2
U3701,148,FUSE1,26437.2053,26437.2053,27077.5053,640.3,640.3,333.3,0.520537,1,p:2.1.1.1.2.2
U3702,148,FUSE1,26470.0053,26470.0053,27293.5053,823.5,823.5,333.3,0.404736,1,p:1.1.3.1.2.2
U3703,148,FUSE1,26516.4053,26516.4053,27504.3053,987.9,987.9,333.3,0.337382,1,p:2.1.4.1.2.2
U3704,148,FUSE1,26521.0053,26521.0053,27368.9,847.8947,847.8947,333.3,0.393091,1,p:1.1.2.1.2.2
U3705,148,FUSE2,26545.4,26545.4,27712.3053,1166.9053,1166.9053,365.7,0.313393,1,p:2.1.5.1.2.2
U3706,148,FUSE2,26680.8053,26680.8053,27415.5053,734.7,734.7,365.7,0.497754,1,p:1.1.1.1.2.2
U3707,148,FUSE2,26713.6053,26713.6053,27631.5053,917.9,917.9,365.7,0.398409,1,p:2.1.3.1.2.2
U3708,148,FUSE2,26760.0053,26760.0053,27706.9,946.8947,946.8947,365.7,0.38621,1,p:1.1.2.1.2.2
U3709,148,FUSE2,26789.0,26789.0,27842.3053,1053.3053,1053.3053,365.7,0.347193,1,p:2.1.4.1.2.2
U3710,148,FUSE2,26856.4053,26856.4053,28050.3053,1193.9,1193.9,365.7,0.306307,1,p:1.1.5.1.2.2
U3711,148,FUSE2,26924.4053,26924.4053,27969.5053,1045.1,1045.1,365.7,0.349919,1,p:2.1.3.1.2.2
U3712,148,FUSE2,27019.2053,27019.2053,27753.5053,734.3,734.3,365.7,0.498025,1,p:1.1.1.1.2.2
U1172,47,FUSE0,27094.6,27094.6,28085.9053,991.3053,991.3053,271.3,0.27368,1,p:2.1.4.1.2.2
U1173,47,FUSE0,27100.0053,27100.0053,27950.5,850.4947,850.4947,271.3,0.318991,1,p:1.1.2.1.2.2
U1174,47,FUSE0,27108.8053,27108.8053,28293.9053,1185.1,1185.1,271.3,0.228926,1,p:2.1.5.1.2.2
U1175,47,FUSE0,27230.0053,27230.0053,27997.1053,767.1,767.1,271.3,0.35367,1,p:1.1.1.1.2.2
U1176,47,FUSE0,27324.8053,27324.8053,28194.1,869.2947,869.2947,271.3,0.312092,1,p:2.1.2.1.2.2
U1177,47,FUSE0,27400.2,27400.2,28329.5053,929.3053,929.3053,271.3,0.291938,1,p:1.1.4.1.2.2
U1178,47,FUSE0,27405.6053,27405.6053,28213.1053,807.5,807.5,271.3,0.335975,1,p:2.1.3.1.2.2
U1179,47,FUSE0,27446.8053,27446.8053,28537.5053,1090.7,1090.7,271.3,0.248739,1,p:1.1.5.1.2.2
U1180,47,FUSE1,27535.6053,27535.6053,28499.7,964.0947,964.0947,333.3,0.345713,1,p:2.1.2.1.2.2
U1181,47,FUSE1,27662.8053,27662.8053,28302.7053,639.9,639.9,333.3,0.520863,1,p:1.1.1.1.2.2
U1182,47,FUSE1,27738.2,27738.2,28518.7053,780.5053,780.5053,333.3,0.427031,1,p:2.1.3.1.2.2
U1183,47,FUSE1,27743.6053,27743.6053,28635.1053,891.5,891.5,333.3,0.373864,1,p:1.1.4.1.2.2
U1184,47,FUSE1,27784.8053,27784.8053,28843.1053,1058.3,1058.3,333.3,0.314939,1,p:2.1.5.1.2.2
U1185,47,FUSE1,27873.6053,27873.6053,28608.3053,734.7,734.7,333.3,0.453655,1,p:1.1.1.1.2.2
U1186,47,FUSE1,27981.8,27981.8,28805.3,823.5,823.5,333.3,0.404736,1,p:2.1.2.1.2.2
U1187,47,FUSE1,28000.8053,28000.8053,28940.7053,939.9,939.9,333.3,0.354612,1,p:1.1.4.1.2.2
U1188,47,FUSE2,28028.4053,28028.4053,28856.7053,828.3,828.3,365.7,0.441507,1,p:2.1.3.1.2.2
U1189,47,FUSE2,28081.6053,28081.6053,29181.1053,1099.5,1099.5,365.7,0.332606,1,p:1.2.5.1.2.2
U1190,47,FUSE2,28117.2053,28117.2053,29143.3,1026.0947,1026.0947,365.7,0.3564,1,p:2.1.2.1.2.2
U1191,47,FUSE2,28225.4,28225.4,28946.3053,720.9053,720.9053,365.7,0.507279,1,p:1.1.1.1.2.2
U1192,47,FUSE2,28244.4053,28244.4053,29278.7053,1034.3,1034.3,365.7,0.353572,1,p:2.1.4.1.2.2
U1193,47,FUSE2,28325.2053,28325.2053,29194.7053,869.5,869.5,365.7,0.420587,1,p:1.1.3.1.2.2
U1194,47,FUSE2,28334.0053,28334.0053,29519.1053,1185.1,1185.1,365.7,0.308582,1,p:2.1.5.1.2.2
U8094,324,FUSE0,28360.8053,28360.8053,29189.9053,829.1,829.1,271.3,0.327222,1,p:1.1.1.2.2.2
U8095,324,FUSE0,28531.0,28531.0,29386.9,855.9,855.9,271.3,0.316976,1,p:2.1.2.1.2.2
U8096,324,FUSE0,28550.0053,28550.0053,29523.7053,973.7,973.7,271.3,0.278628,1,p:1.1.4.1.2.2
U8097,324,FUSE0,28568.8053,28568.8053,29438.3053,869.5,869.5,271.3,0.312018,1,p:2.1.3.1.2.2
U8098,324,FUSE0,28639.6053,28639.6053,29762.7053,1123.1,1123.1,271.3,0.241564,1,p:1.2.5.1.2.2
U8099,324,FUSE0,28666.4053,28666.4053,29433.5053,767.1,767.1,271.3,0.35367,1,p:2.1.1.2.2.2
U8100,324,FUSE0,28836.6,28836.6,29630.5,793.9,793.9,271.3,0.341731,1,p:1.1.2.1.2.2
U8101,324,FUSE0,28874.4053,28874.4053,29767.3053,892.9,892.9,271.3,0.303841,1,p:2.1.4.1.2.2
U8102,324,FUSE0,28888.0053,28888.0053,29681.9053,793.9,793.9,271.3,0.341731,1,p:1.1.3.1.2.2
U8103,324,FUSE0,28972.0053,28972.0053,30006.3053,1034.3,1034.3,271.3,0.262303,1,p:2.1.5.1.2.2
U8104,324,FUSE1,28977.6053,28977.6053,29739.1053,761.5,761.5,333.3,0.437689,1,p:1.1.1.1.2.2
U8105,324,FUSE1,29174.6,29174.6,29936.1,761.5,761.5,333.3,0.437689,1,p:2.1.2.1.2.2
U8106,324,FUSE1,29212.4053,29212.4053,30071.5053,859.1,859.1,333.3,0.387964,1,p:1.1.4.1.2.2
U8107,324,FUSE1,29221.2053,29221.2053,29987.5053,766.3,766.3,333.3,0.434947,1,p:2.1.3.1.2.2
U8108,324,FUSE1,29226.0053,29226.0053,38071.203,8845.1977,8845.1977,333.3,0.037681,1,p:1.1.5.1.2.2
U8109,324,FUSE1,29310.0053,29310.0053,30044.7053,734.7,734.7,333.3,0.453655,1,p:2.1.1.1.2.2
U8110,324,FUSE1,29418.2,29418.2,30241.7,823.5,823.5,333.3,0.404736,1,p:1.1.2.1.2.2
U8111,324,FUSE1,29464.8053,29464.8053,30377.1053,912.3,912.3,333.3,0.36534,1,p:2.1.4.1.2.2
U8112,324,FUSE1,29469.6053,29469.6053,30293.1053,823.5,823.5,333.3,0.404736,1,p:1.1.3.1.2.2
U8113,324,FUSE2,29550.4053,29550.4053,30382.7053,832.3,832.3,365.7,0.439385,1,p:2.1.1.1.2.2
U8114,324,FUSE2,29555.0053,29555.0053,38409.203,8854.1977,8854.1977,365.7,0.041302,1,p:1.1.5.1.2.2
U8115,324,FUSE2,29661.8,29661.8,30579.7,917.9,917.9,365.7,0.398409,1,p:2.1.2.1.2.2
U8116,324,FUSE2,29713.2053,29713.2053,30715.1053,1001.9,1001.9,365.7,0.365006,1,p:1.1.4.1.2.2
U8117,324,FUSE2,29770.4053,29770.4053,30631.1053,860.7,860.7,365.7,0.424887,1,p:2.1.3.1.2.2
U8118,324,FUSE2,29794.0053,29794.0053,38747.203,8953.1977,8953.1977,365.7,0.040846,1,p:1.1.5.1.2.2
U8119,324,FUSE2,29798.6053,29798.6053,30917.7,1119.0947,1119.0947,365.7,0.326782,1,p:2.1.2.1.2.2
U8120,324,FUSE2,29967.4,29967.4,30720.7053,753.3053,753.3053,365.7,0.485461,1,p:1.1.1.1.2.2
U8121,324,FUSE2,30018.8053,30018.8053,31053.1053,1034.3,1034.3,365.7,0.353572,1,p:2.1.4.1.2.2
U8122,324,FUSE2,30037.6053,30037.6053,30969.1053,931.5,931.5,365.7,0.392593,1,p:1.1.3.1.2.2
U461,19,FUSE0,30076.0053,30076.0053,38990.803,8914.7977,8914.7977,271.3,0.030433,1,p:2.1.5.1.2.2
U462,19,FUSE0,30102.8053,30102.8053,30964.3053,861.5,861.5,271.3,0.314916,1,p:1.1.1.1.2.2
U463,19,FUSE0,30273.0,30273.0,31161.3,888.3,888.3,271.3,0.305415,1,p:2.1.2.1.2.2
U464,19,FUSE0,30324.4053,30324.4053,31296.7053,972.3,972.3,271.3,0.279029,1,p:1.1.4.1.2.2
U465,19,FUSE0,30408.4053,30408.4053,39234.403,8825.9977,8825.9977,271.3,0.030739,1,p:2.1.5.1.2.2
U466,19,FUSE0,30414.0053,30414.0053,31212.7053,798.7,798.7,271.3,0.339677,1,p:1.1.3.1.2.2
U467,19,FUSE0,30611.0,30611.0,31404.9,793.9,793.9,271.3,0.341731,1,p:2.1.2.1.2.2
U468,19,FUSE0,30662.4053,30662.4053,31220.7053,558.3,558.3,271.3,0.485939,1,p:1.1.1.1.2.2
U469,19,FUSE1,30746.4053,30746.4053,31602.3053,855.9,855.9,333.3,0.389415,1,p:2.1.4.1.2.2
U470,19,FUSE1,30752.0053,30752.0053,39540.003,8787.9977,8787.9977,333.3,0.037927,1,p:1.1.5.1.2.2
U471,19,FUSE1,30949.0,30949.0,31669.3,720.3,720.3,333.3,0.462724,1,p:2.1.3.1.2.2
U472,19,FUSE1,30995.6053,30995.6053,31615.9053,620.3,620.3,333.3,0.537321,1,p:1.1.1.1.2.2
U473,19,FUSE1,31000.4053,31000.4053,31710.5,710.0947,710.0947,333.3,0.469374,1,p:2.1.2.1.2.2
U474,19,FUSE1,31084.4053,31084.4053,31907.9053,823.5,823.5,333.3,0.404736,1,p:1.1.4.1.2.2
U475,19,FUSE1,31192.6,31192.6,39845.603,8653.003,8653.003,333.3,0.038518,1,p:2.1.5.1.2.2
U476,19,FUSE1,31244.0053,31244.0053,31974.9,730.8947,730.8947,333.3,0.456016,1,p:1.1.3.1.2.2
U477,19,FUSE2,31252.0053,31252.0053,32048.5,796.4947,796.4947,365.7,0.459137,1,p:2.1.2.1.2.2
U478,19,FUSE2,31328.0053,31328.0053,31980.7053,652.7,652.7,365.7,0.560288,1,p:1.1.1.1.2.2
U479,19,FUSE2,31436.2,31436.2,32245.9053,809.7053,809.7053,365.7,0.451646,1,p:2.1.4.1.2.2
U480,19,FUSE2,31633.6053,31633.6053,40183.603,8549.9977,8549.9977,365.7,0.042772,1,p:1.1.5.1.2.2
U481,19,FUSE2,31647.2053,31647.2053,32399.9053,752.7,752.7,365.7,0.485851,1,p:2.1.3.1.2.2
U482,19,FUSE2,31700.6,31700.6,32393.3,692.7,692.7,365.7,0.527934,1,p:1.2.1.1.2.2
U483,19,FUSE2,31741.8,31741.8,32454.5,712.7,712.7,365.7,0.513119,1,p:2.1.2.1.2.2
U7750,310,FUSE0,31939.2053,31939.2053,32617.5053,678.3,678.3,271.3,0.399971,1,p:1.1.4.1.2.2
U7751,310,FUSE0,32006.2,32006.2,40427.203,8421.003,8421.003,271.3,0.032217,1,p:2.1.5.1.2.2
U7752,310,FUSE0,32012.0053,32012.0053,32650.3053,638.3,638.3,271.3,0.425035,1,p:1.1.3.1.2.2
U7753,310,FUSE0,32079.8,32079.8,32698.1,618.3,618.3,271.3,0.438784,1,p:2.1.2.1.2.2
U7754,310,FUSE0,32277.2053,32277.2053,32835.5053,558.3,558.3,271.3,0.485939,1,p:1.1.1.1.2.2
U7755,310,FUSE0,32424.6,32424.6,33122.9,698.3,698.3,271.3,0.388515,1,p:2.1.4.1.2.2
U7756,310,FUSE0,32431.2053,32431.2053,40670.803,8239.5977,8239.5977,271.3,0.032926,1,p:1.1.5.1.2.2
U7757,310,FUSE0,32485.8,32485.8,33144.1,658.3,658.3,271.3,0.412122,1,p:2.1.3.1.2.2
U7758,310,FUSE1,32648.8053,32648.8053,33309.1053,660.3,660.3,333.3,0.504771,1,p:1.2.1.1.2.2
U7759,310,FUSE1,32681.6053,32681.6053,33361.9053,680.3,680.3,333.3,0.489931,1,p:2.1.2.1.2.2
U7760,310,FUSE1,32729.4,32729.4,33469.7,740.3,740.3,333.3,0.450223,1,p:1.1.4.1.2.2
U7761,310,FUSE1,32866.8053,32866.8053,40976.403,8109.5977,8109.5977,333.3,0.041099,1,p:2.1.5.1.2.2
U7762,310,FUSE1,33154.2,33154.2,33854.5,700.3,700.3,333.3,0.475939,1,p:1.1.3.1.2.2
U7763,310,FUSE1,33175.4,33175.4,33815.7,640.3,640.3,333.3,0.520537,1,p:2.1.1.1.2.2
U7764,310,FUSE1,33340.4053,33340.4053,34000.7053,660.3,660.3,333.3,0.504771,1,p:1.1.2.1.2.2
U7765,310,FUSE1,33393.2053,33393.2053,34153.5053,760.3,760.3,333.3,0.43838,1,p:2.1.4.1.2.2
U7766,310,FUSE2,33501.0,33501.0,41314.403,7813.403,7813.403,365.7,0.046804,1,p:1.1.5.1.2.2
U7767,310,FUSE2,33847.0,33847.0,34599.7,752.7,752.7,365.7,0.485851,1,p:2.1.3.1.2.2
U7768,310,FUSE2,33885.8,33885.8,34578.5,692.7,692.7,365.7,0.527934,1,p:1.2.1.1.2.2
U7769,310,FUSE2,34032.0053,34032.0053,34744.7053,712.7,712.7,365.7,0.513119,1,p:2.1.2.1.2.2
U7770,310,FUSE2,34184.8053,34184.8053,34957.5053,772.7,772.7,365.7,0.473276,1,p:1.1.4.1.2.2
U7771,310,FUSE2,34609.8,34609.8,41652.603,7042.803,7042.803,365.7,0.051925,1,p:2.1.5.1.2.2
U7772,310,FUSE2,34631.0,34631.0,35372.9,741.9,741.9,365.7,0.492924,1,p:1.1.3.1.2.2
U7773,310,FUSE2,34776.0053,34776.0053,35448.7053,672.7,672.7,365.7,0.54363,1,p:2.1.1.1.2.2
U7774,310,FUSE2,34988.8053,34988.8053,36286.9053,1298.1,1266.8,722.8,0.570572,2,p:1.1.2.2.1.2
U7211,288,FUSE0,35404.2,35404.2,36102.5,698.3,698.3,271.3,0.388515,1,p:2.1.4.1.2.2
U7212,288,FUSE0,35480.0053,35480.0053,41896.003,6415.9977,6415.9977,271.3,0.042285,1,p:1.1.5.1.2.2
U7213,288,FUSE0,36133.8,36133.8,36792.1,658.3,658.3,271.3,0.412122,1,p:2.1.3.1.2.2
U7214,288,FUSE0,36318.2053,36318.2053,36916.5053,598.3,598.3,271.3,0.453451,1,p:1.2.1.1.2.2
U7215,288,FUSE0,36823.4,36823.4,37521.7,698.3,698.3,271.3,0.388515,1,p:2.1.4.1.2.2
U7216,288,FUSE0,36947.8053,36947.8053,42139.603,5191.7977,5191.7977,271.3,0.052256,1,p:1.1.5.1.2.2
U7217,288,FUSE0,37553.0,37553.0,38211.3,658.3,658.3,271.3,0.412122,1,p:2.1.3.1.2.2
U7218,288,FUSE0,38102.503,38102.503,38740.803,638.3,638.3,271.3,0.425035,1,p:1.1.2.2.1.2
U7219,288,FUSE1,38242.6,38242.6,38882.9,640.3,640.3,333.3,0.520537,1,p:2.1.1.1.2.2
U7220,288,FUSE1,38440.503,38440.503,39180.803,740.3,740.3,333.3,0.450223,1,p:1.1.4.1.2.2
U7221,288,FUSE1,38772.103,38772.103,42445.203,3673.1,3673.1,333.3,0.090741,1,p:2.1.5.1.2.2
U7222,288,FUSE1,38778.503,38778.503,39478.803,700.3,700.3,333.3,0.475939,1,p:1.1.3.1.2.2
U7223,288,FUSE1,38914.2,38914.2,39634.5,720.3,720.3,333.3,0.462724,1,p:2.1.2.2.1.2
U7224,288,FUSE1,39022.103,39022.103,39682.403,660.3,660.3,333.3,0.504771,1,p:1.2.1.1.2.2
U7225,288,FUSE1,39212.103,39212.103,39972.403,760.3,760.3,333.3,0.43838,1,p:2.1.4.1.2.2
U7226,288,FUSE1,39265.703,39265.703,42750.803,3485.1,3485.1,333.3,0.095636,1,p:1.1.5.1.2.2
U7227,288,FUSE2,39510.103,39510.103,40262.803,752.7,752.7,365.7,0.485851,1,p:2.1.3.1.2.2
U7228,288,FUSE2,39571.303,39571.303,40304.003,732.7,732.7,365.7,0.499113,1,p:1.2.2.1.2.2
U7229,288,FUSE2,39665.8,39665.8,40338.5,672.7,672.7,365.7,0.54363,1,p:2.1.1.1.2.2
U7230,288,FUSE2,39713.703,39713.703,40486.403,772.7,772.7,365.7,0.473276,1,p:1.1.4.1.2.2
U7231,288,FUSE2,39876.903,39876.903,43088.803,3211.9,3211.9,365.7,0.113858,1,p:2.1.5.1.2.2
U7232,288,FUSE2,40003.703,40003.703,40736.403,732.7,732.7,365.7,0.499113,1,p:1.1.3.1.2.2
U7233,288,FUSE2,40214.903,40214.903,40927.603,712.7,712.7,365.7,0.513119,1,p:2.1.2.1.2.2
U4008,161,FUSE0,40294.103,40294.103,40852.403,558.3,558.3,271.3,0.485939,1,p:1.1.1.1.2.2
U4009,161,FUSE0,40335.303,40335.303,41033.603,698.3,698.3,271.3,0.388515,1,p:2.1.4.1.2.2
U4010,161,FUSE0,40369.8,40369.8,43332.403,2962.603,2962.603,271.3,0.091575,1,p:1.1.5.1.2.2
U4011,161,FUSE0,40458.503,40458.503,41116.803,658.3,658.3,271.3,0.412122,1,p:2.1.3.1.2.2
U4012,161,FUSE0,40517.703,40517.703,41171.203,653.5,653.5,271.3,0.415149,1,p:1.2.2.1.2.2
U4013,161,FUSE0,40702.103,40702.103,41280.403,578.3,578.3,271.3,0.469134,1,p:2.1.1.1.2.2
U4014,161,FUSE0,40767.703,40767.703,41446.003,678.3,678.3,271.3,0.399971,1,p:1.1.4.1.2.2
U4015,161,FUSE1,40883.703,40883.703,43638.003,2754.3,2754.3,333.3,0.121011,1,p:2.1.5.1.2.2
U4016,161,FUSE1,40958.903,40958.903,41659.203,700.3,700.3,333.3,0.475939,1,p:1.1.3.1.2.2
U4017,161,FUSE1,41007.703,41007.703,41648.003,640.3,640.3,333.3,0.520537,1,p:2.1.1.1.2.2
U4018,161,FUSE1,41064.903,41064.903,41725.203,660.3,660.3,333.3,0.504771,1,p:1.1.2.1.2.2
U4019,161,FUSE1,41148.103,41148.103,41908.403,760.3,760.3,333.3,0.43838,1,p:2.1.4.1.2.2
U4020,161,FUSE1,41202.503,41202.503,43943.603,2741.1,2741.1,333.3,0.121594,1,p:1.1.5.1.2.2
U4021,161,FUSE1,41311.703,41311.703,42030.803,719.1,719.1,333.3,0.463496,1,p:2.1.2.1.2.2
U4022,161,FUSE2,41345.703,41345.703,42078.403,732.7,732.7,365.7,0.499113,1,p:1.1.3.1.2.2
U4023,161,FUSE2,41477.303,41477.303,42150.003,672.7,672.7,365.7,0.54363,1,p:2.1.1.1.2.2
U4024,161,FUSE2,41679.303,41679.303,42452.003,772.7,772.7,365.7,0.473276,1,p:1.1.4.1.2.2
U4025,161,FUSE2,41683.903,41683.903,44281.603,2597.7,2597.7,365.7,0.140778,1,p:2.1.5.1.2.2
U4026,161,FUSE2,41690.503,41690.503,42383.203,692.7,692.7,365.7,0.527934,1,p:1.1.2.1.2.2
U4027,161,FUSE2,41756.503,41756.503,42488.003,731.5,731.5,365.7,0.499932,1,p:2.1.1.1.2.2
U4028,161,FUSE2,41927.303,41927.303,42660.003,732.7,732.7,365.7,0.499113,1,p:1.1.3.1.2.2
U4029,161,FUSE2,41939.703,41939.703,42790.003,850.3,850.3,365.7,0.430083,1,p:2.1.4.1.2.2
U8070,323,FUSE0,42062.103,42062.103,44525.203,2463.1,2463.1,271.3,0.110146,1,p:1.1.5.1.2.2
U8071,323,FUSE0,42109.703,42109.703,42903.603,793.9,793.9,271.3,0.341731,1,p:2.1.3.1.2.2
U8072,323,FUSE0,42170.903,42170.903,42769.203,598.3,598.3,271.3,0.453451,1,p:1.1.2.1.2.2
U8073,323,FUSE0,42181.303,42181.303,42759.603,578.3,578.3,271.3,0.469134,1,p:2.1.1.1.2.2
U8074,323,FUSE0,42414.503,42414.503,43093.403,678.9,678.9,271.3,0.399617,1,p:1.1.4.1.2.2
U8075,323,FUSE0,42476.503,42476.503,44768.803,2292.3,2292.3,271.3,0.118353,1,p:2.1.5.1.2.2
U8076,323,FUSE0,42483.303,42483.303,43734.803,1251.5,1220.2,534.0,0.437633,2,p:1.1.2.1.2.2
U8077,323,FUSE0,42519.303,42519.303,43177.603,658.3,658.3,271.3,0.412122,1,p:2.1.3.1.2.2
U8078,323,FUSE1,42691.303,42691.303,43311.603,620.3,620.3,333.3,0.537321,1,p:1.1.1.1.2.2
U8079,323,FUSE1,42782.103,42782.103,43542.403,760.3,760.3,333.3,0.43838,1,p:2.1.4.1.2.2
U8080,323,FUSE1,42790.903,42790.903,45074.403,2283.5,2283.5,333.3,0.14596,1,p:1.1.5.1.2.2
U8081,323,FUSE1,42800.503,42800.503,43520.803,720.3,720.3,333.3,0.462724,1,p:2.1.3.1.2.2
U8082,323,FUSE1,42821.303,42821.303,43491.203,669.9,669.9,333.3,0.497537,1,p:1.1.2.1.2.2
U8083,323,FUSE1,42934.903,42934.903,43617.203,682.3,682.3,333.3,0.488495,1,p:2.1.1.1.2.2
U8084,323,FUSE1,43120.103,43120.103,43860.403,740.3,740.3,333.3,0.450223,1,p:1.1.4.1.2.2
U8085,323,FUSE1,43124.703,43124.703,45380.003,2255.3,2255.3,333.3,0.147785,1,p:2.1.5.1.2.2
U8086,323,FUSE2,43208.903,43208.903,44072.803,863.9,863.9,365.7,0.423313,1,p:1.1.2.1.2.2
U8087,323,FUSE2,43342.903,43342.903,44095.603,752.7,752.7,365.7,0.485851,1,p:2.1.3.1.2.2
U8088,323,FUSE2,43363.703,43363.703,44026.003,662.3,662.3,365.7,0.552167,1,p:1.1.1.1.2.2
U8089,323,FUSE2,43522.503,43522.503,44315.203,792.7,792.7,365.7,0.461335,1,p:2.1.4.1.2.2
U8090,323,FUSE2,43552.103,43552.103,45718.003,2165.9,2165.9,365.7,0.168844,1,p:1.1.5.1.2.2
U8091,323,FUSE2,43573.703,43573.703,44433.603,859.9,859.9,365.7,0.425282,1,p:2.1.3.1.2.2
U8092,323,FUSE2,43648.503,43648.503,44410.803,762.3,762.3,365.7,0.479732,1,p:1.1.2.1.2.2
U8093,323,FUSE2,43669.303,43669.303,44364.003,694.7,694.7,365.7,0.526414,1,p:2.1.1.1.2.2
U8651,347,FUSE0,43766.103,43766.103,44558.803,792.7,792.7,271.3,0.342248,1,p:1.1.4.1.2.2
U8652,347,FUSE0,43891.703,43891.703,45965.403,2073.7,2073.7,271.3,0.130829,1,p:2.1.5.1.2.2
U8653,347,FUSE0,43974.903,43974.903,44654.403,679.5,679.5,271.3,0.399264,1,p:1.1.2.1.2.2
U8654,347,FUSE0,44057.303,44057.303,44715.603,658.3,658.3,271.3,0.412122,1,p:2.1.3.1.2.2
U8655,347,FUSE0,44104.103,44104.103,44802.403,698.3,698.3,271.3,0.388515,1,p:1.1.4.1.2.2
U8656,347,FUSE0,44126.903,44126.903,46205.203,2078.3,2078.3,271.3,0.130539,1,p:2.1.5.1.2.2
U8657,347,FUSE0,44312.903,44312.903,44871.203,558.3,558.3,271.3,0.485939,1,p:1.1.1.1.2.2
U8658,347,FUSE0,44346.503,44346.503,44964.803,618.3,618.3,271.3,0.438784,1,p:2.1.2.1.2.2
U8659,347,FUSE0,44395.303,44395.303,45033.603,638.3,638.3,271.3,0.425035,1,p:1.1.3.1.2.2
U8660,347,FUSE0,44442.103,44442.103,45140.403,698.3,698.3,271.3,0.388515,1,p:2.1.4.1.2.2
U8661,347,FUSE0,44464.903,44464.903,46448.803,1983.9,1983.9,271.3,0.136751,1,p:1.1.5.1.2.2
U8662,347,FUSE1,44556.503,44556.503,45196.803,640.3,640.3,333.3,0.520537,1,p:2.1.1.1.2.2
U8663,347,FUSE1,44590.103,44590.103,45270.403,680.3,680.3,333.3,0.489931,1,p:1.1.2.1.2.2
U8664,347,FUSE1,44685.703,44685.703,45406.003,720.3,720.3,333.3,0.462724,1,p:2.1.3.1.2.2
U8665,347,FUSE1,44746.903,44746.903,45487.203,740.3,740.3,333.3,0.450223,1,p:1.1.4.1.2.2
U8666,347,FUSE1,44800.103,44800.103,46754.403,1954.3,1954.3,333.3,0.170547,1,p:2.1.5.1.2.2
U8667,347,FUSE1,44833.703,44833.703,45502.403,668.7,668.7,333.3,0.49843,1,p:1.1.1.1.2.2
U8668,347,FUSE1,44902.503,44902.503,45582.803,680.3,680.3,333.3,0.489931,1,p:2.1.2.1.2.2
U8669,347,FUSE1,44996.103,44996.103,45711.603,715.5,715.5,333.3,0.465828,1,p:1.1.3.1.2.2
U8670,347,FUSE1,45064.903,45064.903,45825.203,760.3,760.3,333.3,0.43838,1,p:2.1.4.1.2.2
U8671,347,FUSE1,45105.703,45105.703,47060.003,1954.3,1954.3,333.3,0.170547,1,p:1.1.5.1.2.2
U8672,347,FUSE1,45171.703,45171.703,45812.003,640.3,640.3,333.3,0.520537,1,p:2.1.1.1.2.2
U8673,347,FUSE2,45228.103,45228.103,45960.803,732.7,732.7,365.7,0.499113,1,p:1.2.2.1.2.2
U8674,347,FUSE2,45301.703,45301.703,46054.403,752.7,752.7,365.7,0.485851,1,p:2.1.3.1.2.2
U8675,347,FUSE2,45411.303,45411.303,46184.003,772.7,772.7,365.7,0.473276,1,p:1.1.4.1.2.2
U8676,347,FUSE2,45437.303,45437.303,47398.003,1960.7,1960.7,365.7,0.186515,1,p:2.1.5.1.2.2
U8677,347,FUSE2,45518.503,45518.503,46171.203,652.7,652.7,365.7,0.560288,1,p:1.1.1.1.2.2
U8678,347,FUSE2,45533.703,45533.703,46298.803,765.1,765.1,365.7,0.477977,1,p:2.1.2.1.2.2
U8679,347,FUSE2,45614.103,45614.103,46392.403,778.3,778.3,365.7,0.46987,1,p:1.1.3.1.2.2
U8680,347,FUSE2,45742.903,45742.903,46535.603,792.7,792.7,365.7,0.461335,1,p:2.1.4.1.2.2
U8681,347,FUSE2,45749.303,45749.303,47736.003,1986.7,1986.7,365.7,0.184074,1,p:1.1.5.1.2.2
U8682,347,FUSE2,45843.303,45843.303,46519.603,676.3,676.3,365.7,0.540736,1,p:2.1.1.2.2.2
U4440,178,FUSE0,45856.503,45856.503,46542.403,685.9,685.9,271.3,0.395539,1,p:1.1.2.1.2.2
U4441,178,FUSE0,45992.103,45992.103,46650.403,658.3,658.3,271.3,0.412122,1,p:2.1.3.1.2.2
U4442,178,FUSE0,45996.703,45996.703,46779.203,782.5,782.5,271.3,0.346709,1,p:1.1.4.1.2.2
U4443,178,FUSE0,46085.703,46085.703,47979.603,1893.9,1893.9,271.3,0.143249,1,p:2.1.5.1.2.2
U4444,178,FUSE0,46202.503,46202.503,46800.803,598.3,598.3,271.3,0.453451,1,p:1.1.2.1.2.2
U4445,178,FUSE0,46215.303,46215.303,46894.003,678.7,678.7,271.3,0.399735,1,p:2.1.3.1.2.2
U4446,178,FUSE0,46236.503,46236.503,46805.403,568.9,568.9,271.3,0.476885,1,p:1.1.1.2.2.2
U4447,178,FUSE0,46330.103,46330.103,47028.403,698.3,698.3,271.3,0.388515,1,p:2.1.4.1.2.2
U4448,178,FUSE1,46423.703,46423.703,48285.203,1861.5,1861.5,333.3,0.179049,1,p:1.1.5.1.2.2
U4449,178,FUSE1,46480.103,46480.103,47160.403,680.3,680.3,333.3,0.489931,1,p:2.1.2.1.2.2
U4450,178,FUSE1,46550.903,46550.903,47251.203,700.3,700.3,333.3,0.475939,1,p:1.1.3.1.2.2
U4451,178,FUSE1,46566.903,46566.903,47207.203,640.3,640.3,333.3,0.520537,1,p:2.1.1.2.2.2
U4452,178,FUSE1,46573.703,46573.703,47334.003,760.3,760.3,333.3,0.43838,1,p:1.1.4.1.2.2
U4453,178,FUSE1,46681.703,46681.703,48590.803,1909.1,1909.1,333.3,0.174585,1,p:2.1.5.1.2.2
U4454,178,FUSE1,46785.703,46785.703,47466.003,680.3,680.3,333.3,0.489931,1,p:1.1.2.1.2.2
U4455,178,FUSE1,46810.503,46810.503,47556.803,746.3,746.3,333.3,0.446603,1,p:2.1.3.1.2.2
U4456,178,FUSE2,46832.103,46832.103,47545.203,713.1,713.1,365.7,0.512831,1,p:1.2.1.1.2.2
U4457,178,FUSE2,46836.703,46836.703,47672.003,835.3,835.3,365.7,0.437807,1,p:2.1.4.1.2.2
U4458,178,FUSE2,46925.303,46925.303,48928.803,2003.5,2003.5,365.7,0.182531,1,p:1.1.5.1.2.2
U4459,178,FUSE2,47059.703,47059.703,47804.003,744.3,744.3,365.7,0.491334,1,p:2.1.2.1.2.2
U4460,178,FUSE2,47091.303,47091.303,47894.803,803.5,803.5,365.7,0.455134,1,p:1.1.3.1.2.2
U4461,178,FUSE2,47191.703,47191.703,47883.203,691.5,691.5,365.7,0.52885,1,p:2.1.1.1.2.2
U4462,178,FUSE2,47238.503,47238.503,48011.203,772.7,772.7,365.7,0.473276,1,p:1.1.4.1.2.2
U4463,178,FUSE2,47282.503,47282.503,49266.803,1984.3,1984.3,365.7,0.184297,1,p:2.1.5.1.2.2
U6951,278,FUSE0,47365.303,47365.303,48047.603,682.3,682.3,271.3,0.397626,1,p:1.1.2.2.2.2
U6952,278,FUSE0,47429.303,47429.303,48138.403,709.1,709.1,271.3,0.382598,1,p:2.1.3.1.2.2
U6953,278,FUSE0,47497.303,47497.303,48126.803,629.5,629.5,271.3,0.430977,1,p:1.2.1.1.2.2
U6954,278,FUSE0,47576.503,47576.503,48276.803,700.3,700.3,271.3,0.387405,1,p:2.1.4.1.2.2
U6955,278,FUSE0,47588.103,47588.103,49510.403,1922.3,1922.3,271.3,0.141133,1,p:1.1.5.1.2.2
U6956,278,FUSE0,47703.303,47703.303,48321.603,618.3,618.3,271.3,0.438784,1,p:2.1.2.2.2.2
U6957,278,FUSE0,47767.303,47767.303,48405.603,638.3,638.3,271.3,0.425035,1,p:1.1.3.1.2.2
U6958,278,FUSE1,47835.303,47835.303,48475.603,640.3,640.3,333.3,0.520537,1,p:2.1.1.1.2.2
U6959,278,FUSE1,47914.503,47914.503,48694.803,780.3,780.3,333.3,0.427143,1,p:1.2.4.1.2.2
U6960,278,FUSE1,47926.103,47926.103,49816.003,1889.9,1889.9,333.3,0.176359,1,p:2.1.5.1.2.2
U6961,278,FUSE1,48010.903,48010.903,48671.203,660.3,660.3,333.3,0.504771,1,p:1.1.2.2.2.2
U6962,278,FUSE1,48042.503,48042.503,48762.803,720.3,720.3,333.3,0.462724,1,p:2.1.3.1.2.2
U6963,278,FUSE1,48078.903,48078.903,48781.203,702.3,702.3,333.3,0.474584,1,p:1.1.1.1.2.2
U6964,278,FUSE1,48158.103,48158.103,49000.403,842.3,842.3,333.3,0.395702,1,p:2.1.4.1.2.2
U6965,278,FUSE2,48169.703,48169.703,50154.003,1984.3,1984.3,365.7,0.184297,1,p:1.1.5.1.2.2
U6966,278,FUSE2,48308.103,48308.103,49020.803,712.7,712.7,365.7,0.513119,1,p:2.1.2.2.2.2
U6967,278,FUSE2,48316.503,48316.503,49100.803,784.3,784.3,365.7,0.466276,1,p:1.1.3.1.2.2
U6968,278,FUSE2,48352.903,48352.903,49119.203,766.3,766.3,365.7,0.477228,1,p:2.1.1.1.2.2
U6969,278,FUSE2,48436.903,48436.903,49338.403,901.5,901.5,365.7,0.405657,1,p:1.2.4.1.2.2
U6970,278,FUSE2,48506.903,48506.903,50492.003,1985.1,1985.1,365.7,0.184222,1,p:2.1.5.1.2.2
U6971,278,FUSE2,48622.103,48622.103,49358.803,736.7,736.7,365.7,0.496403,1,p:1.1.2.2.2.2
U6972,278,FUSE2,48702.503,48702.503,49455.203,752.7,752.7,365.7,0.485851,1,p:2.1.3.1.2.2
U1562,63,FUSE0,48726.103,48726.103,49363.403,637.3,637.3,271.3,0.425702,1,p:1.2.1.2.2.2
U1563,63,FUSE0,48794.103,48794.103,49582.003,787.9,787.9,271.3,0.344333,1,p:2.1.4.1.2.2
U1564,63,FUSE0,48812.503,48812.503,50738.203,1925.7,1925.7,271.3,0.140884,1,p:1.1.5.1.2.2
U1565,63,FUSE0,48960.103,48960.103,49602.403,642.3,642.3,271.3,0.422388,1,p:2.1.2.2.2.2
U1566,63,FUSE0,49031.703,49031.703,49698.803,667.1,667.1,271.3,0.406686,1,p:1.1.3.1.2.2
U1567,63,FUSE0,49052.103,49052.103,49630.403,578.3,578.3,271.3,0.469134,1,p:2.1.1.2.2.2
U1568,63,FUSE0,49132.103,49132.103,49825.603,693.5,693.5,271.3,0.391204,1,p:1.1.4.1.2.2
U1569,63,FUSE1,49150.503,49150.503,51041.203,1890.7,1890.7,333.3,0.176284,1,p:2.1.5.1.2.2
U1570,63,FUSE1,49298.103,49298.103,49958.403,660.3,660.3,333.3,0.504771,1,p:1.1.2.2.2.2
U1571,63,FUSE1,49369.703,49369.703,50090.003,720.3,720.3,333.3,0.462724,1,p:2.1.3.1.2.2
U1572,63,FUSE1,49390.103,49390.103,50050.403,660.3,660.3,333.3,0.504771,1,p:1.2.1.2.2.2
U1573,63,FUSE1,49394.703,49394.703,50158.603,763.9,763.9,333.3,0.436314,1,p:2.1.4.1.2.2
U1574,63,FUSE1,49486.503,49486.503,51346.803,1860.3,1860.3,333.3,0.179165,1,p:1.1.5.1.2.2
U1575,63,FUSE1,49541.703,49541.703,50264.003,722.3,722.3,333.3,0.461443,1,p:2.1.2.2.2.2
U1576,63,FUSE1,49613.303,49613.303,50395.603,782.3,782.3,333.3,0.426051,1,p:1.2.3.1.2.2
U1577,63,FUSE2,49633.703,49633.703,50388.403,754.7,754.7,365.7,0.484563,1,p:2.1.1.1.2.2
U1578,63,FUSE2,49661.703,49661.703,50496.603,834.9,834.9,365.7,0.438017,1,p:1.2.4.1.2.2
U1579,63,FUSE2,49730.103,49730.103,51684.803,1954.7,1954.7,365.7,0.187088,1,p:2.1.5.1.2.2
U1580,63,FUSE2,49847.303,49847.303,50602.003,754.7,754.7,365.7,0.484563,1,p:1.1.2.2.2.2
U1581,63,FUSE2,49856.903,49856.903,50733.603,876.7,876.7,365.7,0.417132,1,p:2.1.3.1.2.2
U1582,63,FUSE2,49989.703,49989.703,50726.403,736.7,736.7,365.7,0.496403,1,p:1.1.1.1.2.2
U1583,63,FUSE2,50081.703,50081.703,50874.403,792.7,792.7,365.7,0.461335,1,p:2.1.4.1.2.2
U1584,63,FUSE2,50121.303,50121.303,52022.803,1901.5,1901.5,365.7,0.192322,1,p:1.1.5.1.2.2
U3450,139,FUSE0,50185.303,50185.303,50845.603,660.3,660.3,271.3,0.410874,1,p:2.1.2.1.2.2
U3451,139,FUSE0,50189.903,50189.903,50977.203,787.3,787.3,271.3,0.344595,1,p:1.2.3.1.2.2
U3452,139,FUSE0,50295.303,50295.303,50970.003,674.7,674.7,271.3,0.402105,1,p:2.1.1.1.2.2
U3453,139,FUSE0,50419.703,50419.703,51138.003,718.3,718.3,271.3,0.377697,1,p:1.2.4.1.2.2
U3454,139,FUSE0,50426.903,50426.903,51089.203,662.3,662.3,271.3,0.409633,1,p:2.1.2.1.2.2
U3455,139,FUSE0,50523.303,50523.303,51220.803,697.5,697.5,271.3,0.388961,1,p:1.1.3.1.2.2
U3456,139,FUSE0,50527.903,50527.903,51213.603,685.7,685.7,271.3,0.395654,1,p:2.1.1.1.2.2
U3457,139,FUSE0,50633.303,50633.303,52266.403,1633.1,1633.1,271.3,0.166126,1,p:1.2.5.1.2.2
U3458,139,FUSE0,50757.703,50757.703,51456.003,698.3,698.3,271.3,0.388515,1,p:2.1.4.1.2.2
U3459,139,FUSE0,50764.903,50764.903,51363.203,598.3,598.3,271.3,0.453451,1,p:1.1.2.1.2.2
U3460,139,FUSE1,50769.503,50769.503,51526.403,756.9,756.9,333.3,0.440349,1,p:2.1.3.1.2.2
U3461,139,FUSE1,50876.903,50876.903,51519.203,642.3,642.3,333.3,0.518916,1,p:1.1.1.1.2.2
U3462,139,FUSE1,50905.703,50905.703,52572.003,1666.3,1666.3,333.3,0.200024,1,p:2.1.5.1.2.2
U3463,139,FUSE1,51001.303,51001.303,51781.603,780.3,780.3,333.3,0.427143,1,p:1.2.4.1.2.2
U3464,139,FUSE1,51008.503,51008.503,51689.403,680.9,680.9,333.3,0.489499,1,p:2.1.2.1.2.2
U3465,139,FUSE1,51072.503,51072.503,51832.003,759.5,759.5,333.3,0.438841,1,p:1.1.3.1.2.2
U3466,139,FUSE1,51120.503,51120.503,51824.803,704.3,704.3,333.3,0.473236,1,p:2.1.1.1.2.2
U3467,139,FUSE1,51169.303,51169.303,52877.603,1708.3,1708.3,333.3,0.195106,1,p:1.2.5.1.2.2
U3468,139,FUSE1,51244.903,51244.903,52087.203,842.3,842.3,333.3,0.395702,1,p:2.1.4.1.2.2
U3469,139,FUSE2,51252.103,51252.103,52027.403,775.3,775.3,365.7,0.471688,1,p:1.1.2.1.2.2
U3470,139,FUSE2,51378.103,51378.103,52170.003,791.9,791.9,365.7,0.461801,1,p:2.1.3.1.2.2
U3471,139,FUSE2,51394.503,51394.503,52162.803,768.3,768.3,365.7,0.475986,1,p:1.1.1.1.2.2
U3472,139,FUSE2,51487.303,51487.303,53215.603,1728.3,1728.3,365.7,0.211595,1,p:2.1.5.1.2.2
U3473,139,FUSE2,51550.503,51550.503,52425.203,874.7,874.7,365.7,0.418086,1,p:1.1.4.1.2.2
U3474,139,FUSE2,51557.703,51557.703,52364.803,807.1,807.1,365.7,0.453104,1,p:2.1.2.1.2.2
U3475,139,FUSE2,51716.103,51716.103,52508.003,791.9,791.9,365.7,0.461801,1,p:1.1.3.1.2.2
U3476,139,FUSE2,51720.703,51720.703,52500.803,780.1,780.1,365.7,0.468786,1,p:2.1.1.1.2.2
U3477,139,FUSE2,51812.903,51812.903,53553.603,1740.7,1740.7,365.7,0.210088,1,p:1.2.5.1.2.2
U3478,139,FUSE2,51856.103,51856.103,52763.203,907.1,907.1,365.7,0.403153,1,p:2.1.4.1.2.2
U892,36,FUSE0,51863.303,51863.303,52608.403,745.1,745.1,271.3,0.364112,1,p:1.1.2.1.2.2
U893,36,FUSE0,52054.103,52054.103,52751.603,697.5,697.5,271.3,0.388961,1,p:2.1.3.1.2.2
U894,36,FUSE0,52058.703,52058.703,52744.403,685.7,685.7,271.3,0.395654,1,p:1.1.1.1.2.2
U895,36,FUSE0,52118.503,52118.503,53797.203,1678.7,1678.7,271.3,0.161613,1,p:2.1.5.1.2.2
U896,36,FUSE0,52194.103,52194.103,53006.803,812.7,812.7,271.3,0.333826,1,p:1.1.4.1.2.2
U897,36,FUSE0,52201.303,52201.303,52852.003,650.7,650.7,271.3,0.416936,1,p:2.1.2.1.2.2
U898,36,FUSE0,52297.703,52297.703,52995.203,697.5,697.5,271.3,0.388961,1,p:1.1.3.1.2.2
U899,36,FUSE0,52396.103,52396.103,52988.003,591.9,591.9,271.3,0.458354,1,p:2.1.1.1.2.2
U900,36,FUSE0,52456.503,52456.503,54040.803,1584.3,1584.3,271.3,0.171243,1,p:1.2.5.1.2.2
U901,36,FUSE1,52532.103,52532.103,53312.403,780.3,780.3,333.3,0.427143,1,p:2.1.4.1.2.2
U902,36,FUSE1,52539.303,52539.303,53199.603,660.3,660.3,333.3,0.504771,1,p:1.1.2.1.2.2
U903,36,FUSE1,52603.303,52603.303,53323.603,720.3,720.3,333.3,0.462724,1,p:2.1.3.1.2.2
U904,36,FUSE1,52639.703,52639.703,53293.603,653.9,653.9,333.3,0.509711,1,p:1.1.1.1.2.2
U905,36,FUSE1,52775.703,52775.703,54346.403,1570.7,1570.7,333.3,0.212198,1,p:2.1.5.1.2.2
U906,36,FUSE1,52782.903,52782.903,53618.003,835.1,835.1,333.3,0.399114,1,p:1.1.4.1.2.2
U907,36,FUSE1,52794.503,52794.503,53629.203,834.7,834.7,333.3,0.399305,1,p:2.1.3.1.2.2
U908,36,FUSE1,52883.303,52883.303,53543.603,660.3,660.3,333.3,0.504771,1,p:1.1.2.1.2.2
U909,36,FUSE1,52908.903,52908.903,53599.203,690.3,690.3,333.3,0.482834,1,p:2.1.1.1.2.2
U910,36,FUSE2,53019.303,53019.303,54684.403,1665.1,1665.1,365.7,0.219626,1,p:1.2.5.1.2.2
U911,36,FUSE2,53026.503,53026.503,53956.003,929.5,929.5,365.7,0.393437,1,p:2.1.4.1.2.2
U912,36,FUSE2,53038.103,53038.103,53881.603,843.5,843.5,365.7,0.433551,1,p:1.1.2.1.2.2
U913,36,FUSE2,53230.903,53230.903,53990.003,759.1,759.1,365.7,0.481755,1,p:2.1.3.1.2.2
U914,36,FUSE2,53246.903,53246.903,53937.203,690.3,690.3,365.7,0.52977,1,p:1.1.1.1.2.2
U915,36,FUSE2,53324.903,53324.903,55022.403,1697.5,1697.5,365.7,0.215434,1,p:2.1.5.1.2.2
U916,36,FUSE2,53343.703,53343.703,54294.003,950.3,950.3,365.7,0.384826,1,p:1.1.4.1.2.2
U917,36,FUSE2,53354.903,53354.903,54328.003,973.1,973.1,365.7,0.375809,1,p:2.1.3.2.2.2
U918,36,FUSE2,53574.903,53574.903,54267.603,692.7,692.7,365.7,0.527934,1,p:1.1.2.1.2.2
U2965,119,FUSE0,53584.903,53584.903,54180.803,595.9,595.9,271.3,0.455278,1,p:2.1.1.1.2.2
U2966,119,FUSE0,53630.503,53630.503,55266.003,1635.5,1635.5,271.3,0.165882,1,p:1.2.5.1.2.2
U2967,119,FUSE0,53649.303,53649.303,54537.603,888.3,888.3,271.3,0.305415,1,p:2.1.4.1.2.2
U2968,119,FUSE0,53660.503,53660.503,54511.203,850.7,850.7,271.3,0.318914,1,p:1.1.2.1.2.2
U2969,119,FUSE0,53828.503,53828.503,54424.403,595.9,595.9,271.3,0.455278,1,p:2.1.1.1.2.2
U2970,119,FUSE0,53912.903,53912.903,55509.603,1596.7,1596.7,271.3,0.169913,1,p:1.1.5.1.2.2
U2971,119,FUSE0,53968.503,53968.503,54636.003,667.5,667.5,271.3,0.406442,1,p:2.1.3.2.2.2
U2972,119,FUSE0,53987.303,53987.303,54781.203,793.9,793.9,271.3,0.341731,1,p:1.1.4.1.2.2
U2973,119,FUSE0,54021.303,54021.303,54668.003,646.7,646.7,271.3,0.419514,1,p:2.1.1.1.2.2
U2974,119,FUSE1,54072.103,54072.103,54816.803,744.7,744.7,333.3,0.447563,1,p:1.1.2.1.2.2
U2975,119,FUSE1,54212.103,54212.103,55815.203,1603.1,1603.1,333.3,0.20791,1,p:2.1.5.1.2.2
U2976,119,FUSE1,54298.903,54298.903,55039.203,740.3,740.3,333.3,0.450223,1,p:1.2.3.2.2.2
U2977,119,FUSE1,54325.303,54325.303,55086.803,761.5,761.5,333.3,0.437689,1,p:2.1.4.1.2.2
U2978,119,FUSE1,54359.303,54359.303,54979.603,620.3,620.3,333.3,0.537321,1,p:1.1.1.1.2.2
U2979,119,FUSE1,54377.703,54377.703,55122.403,744.7,744.7,333.3,0.447563,1,p:2.1.2.1.2.2
U2980,119,FUSE1,54455.703,54455.703,56120.803,1665.1,1665.1,333.3,0.200168,1,p:1.2.5.1.2.2
U2981,119,FUSE1,54542.503,54542.503,55344.803,802.3,802.3,333.3,0.415431,1,p:2.1.3.2.2.2
U2982,119,FUSE1,54568.903,54568.903,55392.403,823.5,823.5,333.3,0.404736,1,p:1.1.4.1.2.2
U2983,119,FUSE2,54667.303,54667.303,55340.003,672.7,672.7,365.7,0.54363,1,p:2.1.1.1.2.2
U2984,119,FUSE2,54699.303,54699.303,55460.403,761.1,761.1,365.7,0.480489,1,p:1.2.2.1.2.2
U2985,119,FUSE2,54715.703,54715.703,56458.803,1743.1,1743.1,365.7,0.209799,1,p:2.1.5.1.2.2
U2986,119,FUSE2,54812.503,54812.503,55682.803,870.3,870.3,365.7,0.4202,1,p:1.1.3.2.2.2
U2987,119,FUSE2,54848.103,54848.103,55730.403,882.3,882.3,365.7,0.414485,1,p:2.1.4.1.2.2
U2988,119,FUSE2,55010.903,55010.903,55678.003,667.1,667.1,365.7,0.548194,1,p:1.1.1.1.2.2
U2989,119,FUSE2,55053.703,55053.703,55798.403,744.7,744.7,365.7,0.49107,1,p:2.1.2.1.2.2
U2990,119,FUSE2,55070.503,55070.503,56797.003,1726.5,1726.5,365.7,0.211816,1,p:1.1.5.1.2.2
U3836,154,FUSE0,55118.103,55118.103,55926.403,808.3,808.3,271.3,0.335643,1,p:2.1.3.1.2.2
U3837,154,FUSE0,55153.703,55153.703,55974.003,820.3,820.3,271.3,0.330733,1,p:1.1.4.1.2.2
U3838,154,FUSE0,55297.303,55297.303,55921.603,624.3,624.3,271.3,0.434567,1,p:2.1.1.1.2.2
U3839,154,FUSE0,55371.303,55371.303,56170.003,798.7,798.7,271.3,0.339677,1,p:1.2.3.1.2.2
U3840,154,FUSE0,55376.103,55376.103,56042.003,665.9,665.9,271.3,0.407419,1,p:2.1.2.1.2.2
U3841,154,FUSE0,55423.703,55423.703,57040.403,1616.7,1616.7,271.3,0.167811,1,p:1.1.5.1.2.2
U3842,154,FUSE0,55491.703,55491.703,56217.603,725.9,725.9,271.3,0.373743,1,p:2.1.4.1.2.2
U3843,154,FUSE0,55540.903,55540.903,56165.203,624.3,624.3,271.3,0.434567,1,p:1.1.1.1.2.2
U3844,154,FUSE0,55709.303,55709.303,56413.603,704.3,704.3,271.3,0.385205,1,p:2.1.3.1.2.2
U3845,154,FUSE1,55714.103,55714.103,56374.403,660.3,660.3,333.3,0.504771,1,p:1.1.2.1.2.2
U3846,154,FUSE1,55761.703,55761.703,57346.003,1584.3,1584.3,333.3,0.210377,1,p:2.1.5.1.2.2
U3847,154,FUSE1,55829.703,55829.703,56570.003,740.3,740.3,333.3,0.450223,1,p:1.1.4.1.2.2
U3848,154,FUSE1,55846.503,55846.503,56486.803,640.3,640.3,333.3,0.520537,1,p:2.1.1.1.2.2
U3849,154,FUSE1,55952.903,55952.903,56719.203,766.3,766.3,333.3,0.434947,1,p:1.1.3.1.2.2
U3850,154,FUSE1,55957.703,55957.703,57651.603,1693.9,1693.9,333.3,0.196765,1,p:2.1.5.1.2.2
U3851,154,FUSE1,56005.303,56005.303,56680.003,674.7,674.7,333.3,0.493997,1,p:1.1.2.1.2.2
U3852,154,FUSE1,56073.303,56073.303,56792.403,719.1,719.1,333.3,0.463496,1,p:2.1.1.1.2.2
U3853,154,FUSE1,56152.103,56152.103,56892.403,740.3,740.3,333.3,0.450223,1,p:1.1.4.1.2.2
U3854,154,FUSE2,56196.503,56196.503,57057.203,860.7,860.7,365.7,0.424887,1,p:2.1.3.1.2.2
U3855,154,FUSE2,56201.303,56201.303,57018.003,816.7,816.7,365.7,0.447778,1,p:1.1.2.1.2.2
U3856,154,FUSE2,56248.903,56248.903,57989.603,1740.7,1740.7,365.7,0.210088,1,p:2.1.5.1.2.2
U3857,154,FUSE2,56405.703,56405.703,57230.403,824.7,824.7,365.7,0.443434,1,p:1.1.4.1.2.2
U3858,154,FUSE2,56444.903,56444.903,57130.403,685.5,685.5,365.7,0.533479,1,p:2.1.1.1.2.2
U3859,154,FUSE2,56490.103,56490.103,57395.203,905.1,905.1,365.7,0.404044,1,p:1.1.3.1.2.2
U3860,154,FUSE2,56518.103,56518.103,57356.003,837.9,837.9,365.7,0.436448,1,p:2.1.2.1.2.2
U3861,154,FUSE2,56601.303,56601.303,58327.603,1726.3,1726.3,365.7,0.21184,1,p:1.1.5.1.2.2
U3862,154,FUSE2,56711.303,56711.303,57468.403,757.1,757.1,365.7,0.483027,1,p:2.1.1.1.2.2
U3863,154,FUSE2,56750.503,56750.503,57568.403,817.9,817.9,365.7,0.447121,1,p:1.1.4.1.2.2
U7476,299,FUSE0,56823.703,56823.703,57638.803,815.1,815.1,271.3,0.332843,1,p:2.1.3.1.2.2
U7477,299,FUSE0,56828.303,56828.303,57599.603,771.3,771.3,271.3,0.351744,1,p:1.1.2.1.2.2
U7478,299,FUSE0,56923.703,56923.703,58571.203,1647.5,1647.5,271.3,0.164674,1,p:2.1.5.1.2.2
U7479,299,FUSE0,57049.303,57049.303,57812.003,762.7,762.7,271.3,0.35571,1,p:1.1.4.1.2.2
U7480,299,FUSE0,57071.703,57071.703,57882.403,810.7,810.7,271.3,0.334649,1,p:2.1.3.1.2.2
U7481,299,FUSE0,57088.503,57088.503,57712.003,623.5,623.5,271.3,0.435124,1,p:1.1.1.1.2.2
U7482,299,FUSE0,57161.703,57161.703,57843.203,681.5,681.5,271.3,0.398092,1,p:2.1.2.1.2.2
U7483,299,FUSE0,57261.703,57261.703,58814.803,1553.1,1553.1,271.3,0.174683,1,p:1.1.5.1.2.2
U7484,299,FUSE1,57377.303,57377.303,58188.003,810.7,810.7,333.3,0.411126,1,p:2.1.3.1.2.2
U7485,299,FUSE1,57387.303,57387.303,58127.603,740.3,740.3,333.3,0.450223,1,p:1.1.4.1.2.2
U7486,299,FUSE1,57426.503,57426.503,58066.803,640.3,640.3,333.3,0.520537,1,p:2.1.1.1.2.2
U7487,299,FUSE1,57499.703,57499.703,58160.003,660.3,660.3,333.3,0.504771,1,p:1.1.2.1.2.2
U7488,299,FUSE1,57599.703,57599.703,59120.403,1520.7,1520.7,333.3,0.219175,1,p:2.1.5.1.2.2
U7489,299,FUSE1,57630.903,57630.903,58433.203,802.3,802.3,333.3,0.415431,1,p:1.1.4.1.2.2
U7490,299,FUSE1,57670.103,57670.103,58493.603,823.5,823.5,333.3,0.404736,1,p:2.1.3.1.2.2
U7491,299,FUSE1,57682.903,57682.903,58372.403,689.5,689.5,333.3,0.483394,1,p:1.1.1.1.2.2
U7492,299,FUSE2,57743.303,57743.303,58498.203,754.9,754.9,365.7,0.484435,1,p:2.1.2.1.2.2
U7493,299,FUSE2,57843.303,57843.303,59458.403,1615.1,1615.1,365.7,0.226426,1,p:1.1.5.1.2.2
U7494,299,FUSE2,57874.503,57874.503,58831.603,957.1,957.1,365.7,0.382092,1,p:2.1.3.1.2.2
U7495,299,FUSE2,57913.703,57913.703,58771.203,857.5,857.5,365.7,0.426472,1,p:1.1.4.1.2.2
U7496,299,FUSE2,58020.903,58020.903,58710.403,689.5,689.5,365.7,0.530384,1,p:2.1.1.1.2.2
U7497,299,FUSE2,58098.103,58098.103,58836.203,738.1,738.1,365.7,0.495461,1,p:1.2.2.1.2.2
U7498,299,FUSE2,58158.903,58158.903,59796.403,1637.5,1637.5,365.7,0.223328,1,p:2.1.5.1.2.2
U7402,296,FUSE0,58191.303,58191.303,59014.803,823.5,823.5,271.3,0.329447,1,p:1.1.4.1.2.2
U7403,296,FUSE0,58219.303,58219.303,59075.203,855.9,855.9,271.3,0.316976,1,p:2.1.3.1.2.2
U7404,296,FUSE0,58358.903,58358.903,58954.003,595.1,595.1,271.3,0.45589,1,p:1.1.1.1.2.2
U7405,296,FUSE0,58403.703,58403.703,59079.803,676.1,676.1,271.3,0.401272,1,p:2.1.2.1.2.2
U7406,296,FUSE0,58464.503,58464.503,60040.003,1575.5,1575.5,271.3,0.172199,1,p:1.1.5.1.2.2
U7407,296,FUSE0,58524.903,58524.903,59258.403,733.5,733.5,271.3,0.36987,1,p:2.1.4.1.2.2
U7408,296,FUSE0,58529.503,58529.503,59318.803,789.3,789.3,271.3,0.343722,1,p:1.1.3.1.2.2
U7409,296,FUSE0,58602.503,58602.503,59197.603,595.1,595.1,271.3,0.45589,1,p:2.1.1.1.2.2
U7410,296,FUSE0,58741.703,58741.703,59380.003,638.3,638.3,271.3,0.425035,1,p:1.2.2.1.2.2
U7411,296,FUSE1,58802.503,58802.503,60345.603,1543.1,1543.1,333.3,0.215994,1,p:2.1.5.1.2.2
U7412,296,FUSE1,58846.103,58846.103,59586.403,740.3,740.3,333.3,0.450223,1,p:1.1.4.1.2.2
U7413,296,FUSE1,58862.903,58862.903,59624.403,761.5,761.5,333.3,0.437689,1,p:2.1.3.1.2.2
U7414,296,FUSE1,58867.503,58867.503,59503.203,635.7,635.7,333.3,0.524304,1,p:1.1.1.1.2.2
U7415,296,FUSE1,58985.303,58985.303,59685.603,700.3,700.3,333.3,0.475939,1,p:2.1.2.1.2.2
U7416,296,FUSE1,59046.103,59046.103,60654.203,1608.1,1608.1,333.3,0.207263,1,p:1.1.5.1.2.2
U7417,296,FUSE1,59106.503,59106.503,59930.003,823.5,823.5,333.3,0.404736,1,p:2.1.3.1.2.2
U7418,296,FUSE1,59111.103,59111.103,59892.003,780.9,780.9,333.3,0.426815,1,p:1.1.4.1.2.2
U7419,296,FUSE1,59151.703,59151.703,59808.803,657.1,657.1,333.3,0.507229,1,p:2.1.1.1.2.2
U7420,296,FUSE2,59228.903,59228.903,60023.603,794.7,794.7,365.7,0.460174,1,p:1.2.2.1.2.2
U7421,296,FUSE2,59289.703,59289.703,60989.203,1699.5,1699.5,365.7,0.215181,1,p:2.1.5.1.2.2
U7422,296,FUSE2,59350.103,59350.103,60230.003,879.9,879.9,365.7,0.415615,1,p:1.1.4.1.2.2
U7423,296,FUSE2,59411.303,59411.303,60146.803,735.5,735.5,365.7,0.497213,1,p:2.1.1.1.2.2
U7424,296,FUSE2,59489.703,59489.703,60268.003,778.3,778.3,365.7,0.46987,1,p:1.1.3.1.2.2
U7425,296,FUSE2,59534.503,59534.503,60361.603,827.1,827.1,365.7,0.442147,1,p:2.1.2.1.2.2
U7426,296,FUSE2,59617.703,59617.703,61327.203,1709.5,1709.5,365.7,0.213922,1,p:1.1.5.1.2.2
U7427,296,FUSE2,59655.703,59655.703,60609.803,954.1,954.1,365.7,0.383293,1,p:2.1.3.1.2.2
U2778,112,FUSE0,59716.903,59716.903,60473.603,756.7,756.7,271.3,0.35853,1,p:1.1.4.1.2.2
U2779,112,FUSE0,59827.703,59827.703,60406.003,578.3,578.3,271.3,0.469134,1,p:2.1.1.2.2.2
U2780,112,FUSE0,59840.103,59840.103,60605.203,765.1,765.1,271.3,0.354594,1,p:1.2.2.1.2.2
U2781,112,FUSE0,59923.303,59923.303,60717.203,793.9,793.9,271.3,0.341731,1,p:2.1.4.1.2.2
U2782,112,FUSE0,59961.303,59961.303,61570.803,1609.5,1609.5,271.3,0.168562,1,p:1.1.5.1.2.2
U2783,112,FUSE0,60054.903,60054.903,60853.403,798.5,798.5,271.3,0.339762,1,p:2.1.3.1.2.2
U2784,112,FUSE0,60071.303,60071.303,60649.603,578.3,578.3,271.3,0.469134,1,p:1.1.1.2.2.2
U2785,112,FUSE0,60178.103,60178.103,60848.803,670.7,670.7,271.3,0.404503,1,p:2.1.2.1.2.2
U2786,112,FUSE0,60261.303,60261.303,60960.803,699.5,699.5,271.3,0.387848,1,p:1.1.4.1.2.2
U2787,112,FUSE1,60299.303,60299.303,60955.203,655.9,655.9,333.3,0.508157,1,p:2.1.1.2.2.2
U2788,112,FUSE1,60376.903,60376.903,61876.403,1499.5,1499.5,333.3,0.222274,1,p:1.1.5.1.2.2
U2789,112,FUSE1,60392.903,60392.903,61159.003,766.1,766.1,333.3,0.435061,1,p:2.1.3.1.2.2
U2790,112,FUSE1,60437.303,60437.303,61154.403,717.1,717.1,333.3,0.464789,1,p:1.2.2.1.2.2
U2791,112,FUSE1,60504.903,60504.903,61266.403,761.5,761.5,333.3,0.437689,1,p:2.1.4.1.2.2
U2792,112,FUSE1,60636.503,60636.503,62182.003,1545.5,1545.5,333.3,0.215658,1,p:1.1.5.1.2.2
U2793,112,FUSE1,60641.103,60641.103,61281.403,640.3,640.3,333.3,0.520537,1,p:2.1.1.2.2.2
U2794,112,FUSE1,60680.903,60680.903,61460.803,779.9,779.9,333.3,0.427362,1,p:1.1.3.1.2.2
U2795,112,FUSE1,60685.503,60685.503,61575.403,889.9,889.9,333.3,0.374536,1,p:2.1.4.1.2.2
U2796,112,FUSE2,60748.503,60748.503,61492.403,743.9,743.9,365.7,0.491598,1,p:1.1.2.1.2.2
U2797,112,FUSE2,60880.103,60880.103,62520.003,1639.9,1639.9,365.7,0.223001,1,p:2.1.5.1.2.2
U2798,112,FUSE2,60884.703,60884.703,61619.403,734.7,734.7,365.7,0.497754,1,p:1.1.1.2.2.2
U2799,112,FUSE2,60986.503,60986.503,61798.803,812.3,812.3,365.7,0.450203,1,p:2.1.3.1.2.2
U2800,112,FUSE2,60992.103,60992.103,61830.403,838.3,838.3,365.7,0.43624,1,p:1.1.2.1.2.2
U2801,112,FUSE2,61020.503,61020.503,61910.003,889.5,889.5,365.7,0.41113,1,p:2.1.4.1.2.2
U2802,112,FUSE2,61185.703,61185.703,62858.003,1672.3,1672.3,365.7,0.218681,1,p:1.1.5.1.2.2
U2803,112,FUSE2,61190.303,61190.303,61957.403,767.1,767.1,365.7,0.476731,1,p:2.1.1.2.2.2
U2804,113,FUSE0,61297.703,61297.703,62042.403,744.7,744.7,271.3,0.364308,1,p:1.1.3.1.2.2
U2805,113,FUSE0,61312.703,61312.703,62153.603,840.9,840.9,271.3,0.322631,1,p:2.1.4.1.2.2
U2806,113,FUSE0,61358.503,61358.503,62074.003,715.5,715.5,271.3,0.379175,1,p:1.1.2.2.2.2
U2807,113,FUSE0,61492.103,61492.103,62286.003,793.9,793.9,271.3,0.341731,1,p:2.1.3.1.2.2
U2808,113,FUSE0,61523.703,61523.703,63101.603,1577.9,1577.9,271.3,0.171937,1,p:1.1.5.1.2.2
U2809,113,FUSE0,61602.103,61602.103,62201.003,598.9,598.9,271.3,0.452997,1,p:2.1.1.2.2.2
U2810,113,FUSE0,61606.703,61606.703,62317.603,710.9,710.9,271.3,0.381629,1,p:1.1.2.2.2.2
U2811,113,FUSE0,61650.703,61650.703,62397.203,746.5,746.5,271.3,0.363429,1,p:2.1.4.1.2.2
U2812,113,FUSE0,61830.103,61830.103,62532.603,702.5,702.5,271.3,0.386192,1,p:1.1.3.1.2.2
U2813,113,FUSE1,61861.703,61861.703,63407.203,1545.5,1545.5,333.3,0.215658,1,p:2.1.5.1.2.2
U2814,113,FUSE1,61907.703,61907.703,62528.003,620.3,620.3,333.3,0.537321,1,p:1.1.1.2.2.2
U2815,113,FUSE1,61941.303,61941.303,62623.203,681.9,681.9,333.3,0.488781,1,p:2.1.2.2.2.2
U2816,113,FUSE1,61988.703,61988.703,62729.003,740.3,740.3,333.3,0.450223,1,p:1.1.4.1.2.2
U2817,113,FUSE1,62073.703,62073.703,62838.203,764.5,764.5,333.3,0.435971,1,p:2.1.3.1.2.2
U2818,113,FUSE1,62105.303,62105.303,63712.803,1607.5,1607.5,333.3,0.207341,1,p:1.1.5.1.2.2
U2819,113,FUSE1,62184.903,62184.903,62833.603,648.7,648.7,333.3,0.513797,1,p:2.1.1.2.2.2
U2820,113,FUSE1,62213.303,62213.303,62928.803,715.5,715.5,333.3,0.465828,1,p:1.1.2.2.2.2
U2821,113,FUSE1,62232.303,62232.303,63034.603,802.3,802.3,333.3,0.415431,1,p:2.1.4.1.2.2
U2822,113,FUSE2,62317.303,62317.303,63176.203,858.9,858.9,365.7,0.425777,1,p:1.1.3.1.2.2
U2823,113,FUSE2,62348.903,62348.903,64050.803,1701.9,1701.9,365.7,0.214877,1,p:2.1.5.1.2.2
U2824,113,FUSE2,62428.503,62428.503,63171.603,743.1,743.1,365.7,0.492128,1,p:1.2.1.2.2.2
U2825,113,FUSE2,62551.303,62551.303,63266.803,715.5,715.5,365.7,0.511111,1,p:2.1.2.2.2.2
U2826,113,FUSE2,62559.303,62559.303,63372.603,813.3,813.3,365.7,0.44965,1,p:1.1.4.1.2.2
U2827,113,FUSE2,62563.903,62563.903,63514.203,950.3,950.3,365.7,0.384826,1,p:2.1.3.1.2.2
U2828,113,FUSE2,62654.503,62654.503,64389.003,1734.5,1734.5,365.7,0.210839,1,p:1.1.5.1.2.2
U2829,113,FUSE2,62760.303,62760.303,63509.603,749.3,749.3,365.7,0.488056,1,p:2.1.1.2.2.2
U2830,113,FUSE2,62864.903,62864.903,63604.803,739.9,739.9,365.7,0.494256,1,p:1.1.2.2.2.2
U3065,123,FUSE0,62869.503,62869.503,63616.203,746.7,746.7,271.3,0.363332,1,p:2.1.4.1.2.2
U3066,123,FUSE0,62889.303,62889.303,63757.803,868.5,868.5,271.3,0.312378,1,p:1.1.3.1.2.2
U3067,123,FUSE0,62960.103,62960.103,63859.803,899.7,899.7,271.3,0.301545,1,p:2.1.4.1.2.2
U3068,123,FUSE0,63065.903,63065.903,64632.403,1566.5,1566.5,271.3,0.173189,1,p:1.1.5.1.2.2
U3069,123,FUSE0,63132.903,63132.903,63753.203,620.3,620.3,271.3,0.437369,1,p:2.1.1.2.2.2
U3070,123,FUSE0,63202.903,63202.903,63848.403,645.5,645.5,271.3,0.420294,1,p:1.1.2.2.2.2
U3071,123,FUSE0,63207.503,63207.503,63998.403,790.9,790.9,271.3,0.343027,1,p:2.1.3.1.2.2
U3072,123,FUSE0,63298.103,63298.103,64103.403,805.3,805.3,271.3,0.336893,1,p:1.1.4.1.2.2
U3073,123,FUSE1,63403.903,63403.903,64938.003,1534.1,1534.1,333.3,0.217261,1,p:2.1.5.1.2.2
U3074,123,FUSE1,63438.503,63438.503,64058.803,620.3,620.3,333.3,0.537321,1,p:1.1.1.2.2.2
U3075,123,FUSE1,63540.903,63540.903,64221.203,680.3,680.3,333.3,0.489931,1,p:2.1.2.2.2.2
U3076,123,FUSE1,63545.503,63545.503,64304.003,758.5,758.5,333.3,0.43942,1,p:1.1.3.1.2.2
U3077,123,FUSE1,63636.103,63636.103,64409.003,772.9,772.9,333.3,0.431233,1,p:2.1.4.1.2.2
U3078,123,FUSE1,63647.503,63647.503,65243.603,1596.1,1596.1,333.3,0.208822,1,p:1.1.5.1.2.2
U3079,123,FUSE1,63744.103,63744.103,64384.403,640.3,640.3,333.3,0.520537,1,p:2.1.1.2.2.2
U3080,123,FUSE1,63784.503,63784.503,64526.803,742.3,742.3,333.3,0.44901,1,p:1.1.2.2.2.2
U3081,123,FUSE2,63789.103,63789.103,64642.003,852.9,852.9,365.7,0.428772,1,p:2.1.3.1.2.2
U3082,123,FUSE2,63879.703,63879.703,64747.003,867.3,867.3,365.7,0.421653,1,p:1.1.4.1.2.2
U3083,123,FUSE2,63891.103,63891.103,65581.603,1690.5,1690.5,365.7,0.216327,1,p:2.1.5.1.2.2
U3084,123,FUSE2,64029.703,64029.703,64722.403,692.7,692.7,365.7,0.527934,1,p:1.1.1.2.2.2
U3085,123,FUSE2,64082.103,64082.103,64864.803,782.7,782.7,365.7,0.467229,1,p:2.1.2.2.2.2
U3086,123,FUSE2,64090.103,64090.103,64980.003,889.9,889.9,365.7,0.410945,1,p:1.1.3.1.2.2
U3087,123,FUSE2,64134.703,64134.703,65085.003,950.3,950.3,365.7,0.384826,1,p:2.1.4.1.2.2
U3088,123,FUSE2,64252.503,64252.503,65919.603,1667.1,1667.1,365.7,0.219363,1,p:1.1.5.1.2.2
U2427,98,FUSE0,64335.303,64335.303,64966.003,630.7,630.7,271.3,0.430157,1,p:2.1.1.2.2.2
U2428,98,FUSE0,64415.703,64415.703,65108.403,692.7,692.7,271.3,0.391656,1,p:1.1.2.1.2.2
U2429,98,FUSE0,64420.303,64420.303,65223.603,803.3,803.3,271.3,0.337732,1,p:2.1.3.1.2.2
U2430,98,FUSE0,64440.303,64440.303,65328.603,888.3,888.3,271.3,0.305415,1,p:1.1.4.1.2.2
U2431,98,FUSE0,64558.103,64558.103,65209.603,651.5,651.5,271.3,0.416424,1,p:2.1.1.2.2.2
U2432,98,FUSE0,64663.703,64663.703,65352.003,688.3,688.3,271.3,0.39416,1,p:1.1.2.1.2.2
U2433,98,FUSE0,64673.303,64673.303,66164.603,1491.3,1491.3,271.3,0.181922,1,p:2.1.5.1.2.2
U2434,98,FUSE0,64753.703,64753.703,65467.203,713.5,713.5,271.3,0.380238,1,p:1.1.3.1.2.2
U2435,98,FUSE0,64778.303,64778.303,65572.203,793.9,793.9,271.3,0.341731,1,p:2.1.4.1.2.2
U2436,98,FUSE1,64896.103,64896.103,65516.403,620.3,620.3,333.3,0.537321,1,p:1.1.1.1.2.2
U2437,98,FUSE1,64969.303,64969.303,65657.603,688.3,688.3,333.3,0.484237,1,p:2.1.2.1.2.2
U2438,98,FUSE1,64997.303,64997.303,66468.803,1471.5,1471.5,333.3,0.226504,1,p:1.1.5.1.2.2
U2439,98,FUSE1,65011.303,65011.303,65772.803,761.5,761.5,333.3,0.437689,1,p:2.1.3.1.2.2
U2440,98,FUSE1,65116.303,65116.303,65877.803,761.5,761.5,333.3,0.437689,1,p:1.1.4.1.2.2
U2441,98,FUSE1,65139.703,65139.703,65822.003,682.3,682.3,333.3,0.488495,1,p:2.1.1.1.2.2
U2442,98,FUSE1,65240.903,65240.903,65963.203,722.3,722.3,333.3,0.461443,1,p:1.1.2.1.2.2
U2443,98,FUSE1,65254.903,65254.903,66774.403,1519.5,1519.5,333.3,0.219348,1,p:2.1.5.1.2.2
U2444,98,FUSE1,65274.903,65274.903,66078.403,803.5,803.5,333.3,0.41481,1,p:1.1.3.1.2.2
U2445,98,FUSE2,65359.903,65359.903,66215.803,855.9,855.9,365.7,0.42727,1,p:2.1.4.1.2.2
U2446,98,FUSE2,65383.303,65383.303,66160.003,776.7,776.7,365.7,0.470838,1,p:1.1.1.1.2.2
U2447,98,FUSE2,65498.503,65498.503,66301.203,802.7,802.7,365.7,0.455587,1,p:2.1.2.1.2.2
U2448,98,FUSE2,65547.703,65547.703,67112.403,1564.7,1564.7,365.7,0.233719,1,p:1.2.5.1.2.2
U2449,98,FUSE2,65603.503,65603.503,66416.403,812.9,812.9,365.7,0.449871,1,p:2.1.3.1.2.2
U2450,98,FUSE2,65612.903,65612.903,66553.803,940.9,940.9,365.7,0.38867,1,p:1.1.4.1.2.2
U2451,98,FUSE2,65688.903,65688.903,66498.003,809.1,809.1,365.7,0.451984,1,p:2.1.1.1.2.2
U2452,98,FUSE2,65804.103,65804.103,66639.203,835.1,835.1,365.7,0.437912,1,p:1.2.2.1.2.2
U2453,98,FUSE2,65853.303,65853.303,67450.403,1597.1,1597.1,365.7,0.228978,1,p:2.1.5.1.2.2
U2454,98,FUSE2,65909.103,65909.103,66794.403,885.3,885.3,365.7,0.41308,1,p:1.1.3.2.1.2
U3278,132,FUSE0,65950.903,65950.903,66798.403,847.5,847.5,271.3,0.320118,1,p:2.1.4.1.2.2
U3279,132,FUSE0,65994.503,65994.503,66741.603,747.1,747.1,271.3,0.363137,1,p:1.1.1.1.2.2
U3280,132,FUSE0,66109.703,66109.703,66882.803,773.1,773.1,271.3,0.350925,1,p:2.1.2.1.2.2
U3281,132,FUSE0,66191.303,66191.303,67694.003,1502.7,1502.7,271.3,0.180542,1,p:1.1.5.1.2.2
U3282,132,FUSE0,66195.903,66195.903,67042.003,846.1,846.1,271.3,0.320648,1,p:2.1.4.1.2.2
U3283,132,FUSE0,66247.103,66247.103,67038.003,790.9,790.9,271.3,0.343027,1,p:1.1.3.2.1.2
U3284,132,FUSE0,66332.503,66332.503,66985.203,652.7,652.7,271.3,0.415658,1,p:2.1.1.1.2.2
U3285,132,FUSE0,66447.703,66447.703,67126.403,678.7,678.7,271.3,0.399735,1,p:1.2.2.1.2.2
U3286,132,FUSE1,66500.103,66500.103,67999.603,1499.5,1499.5,333.3,0.222274,1,p:2.1.5.1.2.2
U3287,132,FUSE1,66529.303,66529.303,67349.403,820.1,820.1,333.3,0.406414,1,p:1.1.4.1.2.2
U3288,132,FUSE1,66585.103,66585.103,67345.403,760.3,760.3,333.3,0.43838,1,p:2.1.3.2.1.2
U3289,132,FUSE1,66670.503,66670.503,67290.803,620.3,620.3,333.3,0.537321,1,p:1.1.1.1.2.2
U3290,132,FUSE1,66772.903,66772.903,67455.003,682.1,682.1,333.3,0.488638,1,p:2.1.2.1.2.2
U3291,132,FUSE1,66805.703,66805.703,68305.203,1499.5,1499.5,333.3,0.222274,1,p:1.1.5.1.2.2
U3292,132,FUSE1,66825.703,66825.703,67655.003,829.3,829.3,333.3,0.401905,1,p:2.1.4.1.2.2
U3293,132,FUSE1,66829.703,66829.703,67651.003,821.3,821.3,333.3,0.40582,1,p:1.1.3.2.1.2
U3294,132,FUSE2,66914.103,66914.103,67791.203,877.1,877.1,365.7,0.416942,1,p:2.1.2.1.2.2
U3295,132,FUSE2,67016.503,67016.503,67669.203,652.7,652.7,365.7,0.560288,1,p:1.1.1.1.2.2
U3296,132,FUSE2,67069.303,67069.303,68643.203,1573.9,1573.9,365.7,0.232353,1,p:2.1.5.1.2.2
U3297,132,FUSE2,67073.303,67073.303,67993.003,919.7,919.7,365.7,0.39763,1,p:1.1.4.1.2.2
U3298,132,FUSE2,67143.703,67143.703,67989.003,845.3,845.3,365.7,0.432627,1,p:2.1.3.2.1.2
U3299,132,FUSE2,67157.703,67157.703,68007.203,849.5,849.5,365.7,0.430489,1,p:1.2.1.1.2.2
U3300,132,FUSE2,67322.103,67322.103,68129.203,807.1,807.1,365.7,0.453104,1,p:2.1.2.1.2.2
U3301,132,FUSE2,67376.703,67376.703,68981.203,1604.5,1604.5,365.7,0.227921,1,p:1.1.5.1.2.2
U3302,132,FUSE2,67380.703,67380.703,68328.203,947.5,947.5,365.7,0.385963,1,p:2.1.4.1.2.2
U3422,138,FUSE0,67481.703,67481.703,68192.603,710.9,710.9,271.3,0.381629,1,p:1.1.3.1.2.2
U3423,138,FUSE0,67486.303,67486.303,68372.803,886.5,886.5,271.3,0.306035,1,p:2.1.2.1.2.2
U3424,138,FUSE0,67682.303,67682.303,68250.803,568.5,568.5,271.3,0.477221,1,p:1.1.1.2.2.2
U3425,138,FUSE0,67686.303,67686.303,68436.203,749.9,749.9,271.3,0.361782,1,p:2.1.3.1.2.2
U3426,138,FUSE0,67700.503,67700.503,69224.803,1524.3,1524.3,271.3,0.177983,1,p:1.1.5.1.2.2
U3427,138,FUSE0,67725.303,67725.303,68571.803,846.5,846.5,271.3,0.320496,1,p:2.1.4.1.2.2
U3428,138,FUSE0,67822.503,67822.503,68494.403,671.9,671.9,271.3,0.40378,1,p:1.1.1.2.2.2
U3429,138,FUSE0,68020.303,68020.303,68647.803,627.5,627.5,271.3,0.432351,1,p:2.1.2.1.2.2
U3430,138,FUSE0,68024.303,68024.303,68679.803,655.5,655.5,271.3,0.413883,1,p:1.1.3.1.2.2
U3431,138,FUSE1,68030.903,68030.903,69530.403,1499.5,1499.5,333.3,0.222274,1,p:2.1.5.1.2.2
U3432,138,FUSE1,68038.503,68038.503,68877.403,838.9,838.9,333.3,0.397306,1,p:1.1.4.1.2.2
U3433,138,FUSE1,68160.503,68160.503,68952.803,792.3,792.3,333.3,0.420674,1,p:2.1.2.1.2.2
U3434,138,FUSE1,68223.903,68223.903,68844.203,620.3,620.3,333.3,0.537321,1,p:1.1.1.2.2.2
U3435,138,FUSE1,68282.103,68282.103,69002.403,720.3,720.3,333.3,0.462724,1,p:2.1.3.1.2.2
U3436,138,FUSE1,68336.503,68336.503,69836.003,1499.5,1499.5,333.3,0.222274,1,p:1.1.5.1.2.2
U3437,138,FUSE1,68359.503,68359.503,69183.003,823.5,823.5,333.3,0.404736,1,p:2.1.4.1.2.2
U3438,138,FUSE1,68404.103,68404.103,69149.803,745.7,745.7,333.3,0.446963,1,p:1.2.1.2.2.2
U3439,138,FUSE1,68467.503,68467.503,69258.403,790.9,790.9,333.3,0.421419,1,p:2.1.2.1.2.2
U3440,138,FUSE2,68525.703,68525.703,69340.403,814.7,814.7,365.7,0.448877,1,p:1.2.3.1.2.2
U3441,138,FUSE2,68603.103,68603.103,70174.003,1570.9,1570.9,365.7,0.232796,1,p:2.1.5.1.2.2
U3442,138,FUSE2,68674.503,68674.503,69521.003,846.5,846.5,365.7,0.432014,1,p:1.1.4.1.2.2
U3443,138,FUSE2,68679.103,68679.103,69487.803,808.7,808.7,365.7,0.452207,1,p:2.1.1.2.2.2
U3444,138,FUSE2,68711.103,68711.103,69596.403,885.3,885.3,365.7,0.41308,1,p:1.1.2.1.2.2
U3445,138,FUSE2,68875.503,68875.503,69678.403,802.9,802.9,365.7,0.455474,1,p:2.1.3.1.2.2
U3446,138,FUSE2,68908.703,68908.703,70512.003,1603.3,1603.3,365.7,0.228092,1,p:1.1.5.1.2.2
U3447,138,FUSE2,68984.103,68984.103,69859.003,874.9,874.9,365.7,0.417991,1,p:2.1.4.1.2.2
U3448,138,FUSE2,69012.503,69012.503,69825.803,813.3,813.3,365.7,0.44965,1,p:1.2.1.2.2.2
U3449,138,FUSE2,69033.703,69033.703,69934.403,900.7,900.7,365.7,0.406018,1,p:2.1.2.1.2.2
U7350,294,FUSE0,69181.103,69181.103,69922.003,740.9,740.9,271.3,0.366176,1,p:1.2.3.1.2.2
U7351,294,FUSE0,69214.303,69214.303,70755.603,1541.3,1541.3,271.3,0.17602,1,p:2.1.5.1.2.2
U7352,294,FUSE0,69256.103,69256.103,70102.603,846.5,846.5,271.3,0.320496,1,p:1.1.4.1.2.2
U7353,294,FUSE0,69289.703,69289.703,70069.403,779.7,779.7,271.3,0.347954,1,p:2.1.1.2.2.2
U7354,294,FUSE0,69371.703,69371.703,70183.203,811.5,811.5,271.3,0.334319,1,p:1.1.2.1.2.2
U7355,294,FUSE0,69519.103,69519.103,70178.603,659.5,659.5,271.3,0.411372,1,p:2.1.3.1.2.2
U7356,294,FUSE0,69552.303,69552.303,70999.203,1446.9,1446.9,271.3,0.187504,1,p:1.1.5.1.2.2
U7357,294,FUSE0,69561.703,69561.703,70346.203,784.5,784.5,271.3,0.345825,1,p:2.1.4.1.2.2
U7358,294,FUSE0,69627.703,69627.703,70313.003,685.3,685.3,271.3,0.395885,1,p:1.2.1.2.2.2
U7359,294,FUSE1,69709.703,69709.703,70483.603,773.9,773.9,333.3,0.430676,1,p:2.1.2.1.2.2
U7360,294,FUSE1,69857.103,69857.103,70597.403,740.3,740.3,333.3,0.450223,1,p:1.2.3.1.2.2
U7361,294,FUSE1,69867.303,69867.303,71308.203,1440.9,1440.9,333.3,0.231314,1,p:2.1.5.1.2.2
U7362,294,FUSE1,69890.303,69890.303,70651.803,761.5,761.5,333.3,0.437689,1,p:1.1.4.1.2.2
U7363,294,FUSE1,69953.303,69953.303,70618.603,665.3,665.3,333.3,0.500977,1,p:2.1.1.2.2.2
U7364,294,FUSE1,69965.703,69965.703,70789.203,823.5,823.5,333.3,0.404736,1,p:1.1.2.1.2.2
U7365,294,FUSE1,70100.703,70100.703,70903.003,802.3,802.3,333.3,0.415431,1,p:2.1.3.1.2.2
U7366,294,FUSE1,70133.903,70133.903,71610.403,1476.5,1476.5,333.3,0.225737,1,p:1.1.5.1.2.2
U7367,294,FUSE1,70205.303,70205.303,70965.603,760.3,760.3,333.3,0.43838,1,p:2.1.4.1.2.2
U7368,294,FUSE2,70209.903,70209.903,70956.603,746.7,746.7,365.7,0.489755,1,p:1.2.1.2.2.2
U7369,294,FUSE2,70214.503,70214.503,71127.203,912.7,912.7,365.7,0.400679,1,p:2.1.2.1.2.2
U7370,294,FUSE2,70344.303,70344.303,71241.003,896.7,896.7,365.7,0.407829,1,p:1.2.3.1.2.2
U7371,294,FUSE2,70377.503,70377.503,71948.403,1570.9,1570.9,365.7,0.232796,1,p:2.1.5.1.2.2
U7372,294,FUSE2,70514.903,70514.903,71303.603,788.7,788.7,365.7,0.463674,1,p:1.1.4.1.2.2
U7373,294,FUSE2,70543.303,70543.303,71294.603,751.3,751.3,365.7,0.486756,1,p:2.1.1.2.2.2
U7374,294,FUSE2,70628.703,70628.703,71465.203,836.5,836.5,365.7,0.437179,1,p:1.1.2.1.2.2
U7375,294,FUSE2,70649.903,70649.903,71579.003,929.1,929.1,365.7,0.393607,1,p:2.1.3.1.2.2
U7376,294,FUSE2,70683.103,70683.103,72286.403,1603.3,1603.3,365.7,0.228092,1,p:1.1.5.1.2.2
U7428,297,FUSE0,70786.903,70786.903,71547.203,760.3,760.3,271.3,0.356833,1,p:2.1.4.1.2.2
U7429,297,FUSE0,70820.503,70820.503,71538.203,717.7,717.7,271.3,0.378013,1,p:1.2.1.2.2.2
U7430,297,FUSE0,70934.303,70934.303,71708.803,774.5,774.5,271.3,0.350291,1,p:2.1.2.1.2.2
U7431,297,FUSE0,70987.903,70987.903,71822.603,834.7,834.7,271.3,0.325027,1,p:1.1.3.1.2.2
U7432,297,FUSE0,70996.903,70996.903,71790.803,793.9,793.9,271.3,0.341731,1,p:2.1.4.1.2.2
U7433,297,FUSE0,71030.503,71030.503,72530.003,1499.5,1499.5,271.3,0.180927,1,p:1.1.5.1.2.2
U7434,297,FUSE0,71158.503,71158.503,71781.803,623.3,623.3,271.3,0.435264,1,p:2.1.1.2.2.2
U7435,297,FUSE0,71272.303,71272.303,71953.003,680.7,680.7,271.3,0.39856,1,p:1.1.2.1.2.2
U7436,297,FUSE1,71325.903,71325.903,72128.203,802.3,802.3,333.3,0.415431,1,p:2.1.3.1.2.2
U7437,297,FUSE1,71334.903,71334.903,72096.403,761.5,761.5,333.3,0.437689,1,p:1.1.4.1.2.2
U7438,297,FUSE1,71339.503,71339.503,72835.603,1496.1,1496.1,333.3,0.222779,1,p:2.1.5.1.2.2
U7439,297,FUSE1,71496.503,71496.503,72116.803,620.3,620.3,333.3,0.537321,1,p:1.1.1.2.2.2
U7440,297,FUSE1,71569.503,71569.503,72258.003,688.5,688.5,333.3,0.484096,1,p:2.1.2.1.2.2
U7441,297,FUSE1,71578.503,71578.503,72433.803,855.3,855.3,333.3,0.389688,1,p:1.1.3.1.2.2
U7442,297,FUSE1,71610.303,71610.303,72402.003,791.7,791.7,333.3,0.420993,1,p:2.1.4.1.2.2
U7443,297,FUSE1,71641.703,71641.703,73141.203,1499.5,1499.5,333.3,0.222274,1,p:1.1.5.1.2.2
U7444,297,FUSE2,71740.103,71740.103,72454.803,714.7,714.7,365.7,0.511683,1,p:2.1.1.2.2.2
U7445,297,FUSE2,71813.103,71813.103,72596.003,782.9,782.9,365.7,0.467109,1,p:1.1.2.1.2.2
U7446,297,FUSE2,71822.103,71822.103,72771.803,949.7,949.7,365.7,0.385069,1,p:2.1.3.1.2.2
U7447,297,FUSE2,71853.903,71853.903,72740.003,886.1,886.1,365.7,0.412707,1,p:1.1.4.1.2.2
U7448,297,FUSE2,71979.703,71979.703,73479.203,1499.5,1499.5,365.7,0.243881,1,p:2.1.5.1.2.2
U7449,297,FUSE2,71984.303,71984.303,72792.803,808.5,808.5,365.7,0.452319,1,p:1.1.1.2.2.2
U7450,297,FUSE2,72127.703,72127.703,72934.003,806.3,806.3,365.7,0.453553,1,p:2.1.2.1.2.2
U7451,297,FUSE2,72148.103,72148.103,73109.803,961.7,961.7,365.7,0.380264,1,p:1.1.3.1.2.2
U7452,297,FUSE2,72159.503,72159.503,73078.003,918.5,918.5,365.7,0.398149,1,p:2.1.4.1.2.2
U2548,103,FUSE0,72289.303,72289.303,73722.803,1433.5,1433.5,271.3,0.189257,1,p:1.1.5.1.2.2
U2549,103,FUSE0,72317.703,72317.703,73036.403,718.7,718.7,271.3,0.377487,1,p:2.1.1.2.2.2
U2550,103,FUSE0,72433.303,72433.303,73177.603,744.3,744.3,271.3,0.364504,1,p:1.1.2.1.2.2
U2551,103,FUSE0,72465.103,72465.103,73971.8363,1506.7333,1506.7333,271.3,0.180058,1,p:2.1.5.1.2.2
U2552,103,FUSE0,72486.103,72486.103,73353.403,867.3,867.3,271.3,0.31281,1,p:1.1.3.1.2.2
U2553,103,FUSE0,72561.303,72561.303,73280.003,718.7,718.7,271.3,0.377487,1,p:2.1.1.2.2.2
U2554,103,FUSE0,72627.303,72627.303,73345.603,718.3,718.3,271.3,0.377697,1,p:1.2.4.1.2.2
U2555,103,FUSE0,72771.303,72771.303,73421.203,649.9,649.9,271.3,0.417449,1,p:2.1.2.1.2.2
U2556,103,FUSE1,72803.103,72803.103,74274.5697,1471.4667,1471.4667,333.3,0.226509,1,p:1.1.5.1.2.2
U2557,103,FUSE1,72824.103,72824.103,73659.003,834.9,834.9,333.3,0.399209,1,p:2.1.3.1.2.2
U2558,103,FUSE1,72866.903,72866.903,73585.603,718.7,718.7,333.3,0.463754,1,p:1.1.1.2.2.2
U2559,103,FUSE1,72965.303,72965.303,73727.403,762.1,762.1,333.3,0.437344,1,p:2.1.4.1.2.2
U2560,103,FUSE1,73067.703,73067.703,73732.003,664.3,664.3,333.3,0.501731,1,p:1.1.2.1.2.2
U2561,103,FUSE1,73109.303,73109.303,74577.603,1468.3,1468.3,333.3,0.226997,1,p:2.1.5.1.2.2
U2562,103,FUSE1,73141.103,73141.103,73967.1697,826.0667,826.0667,333.3,0.403478,1,p:1.1.3.1.2.2
U2563,103,FUSE1,73172.503,73172.503,74033.7697,861.2667,861.2667,333.3,0.386988,1,p:2.1.4.1.2.2
U2564,103,FUSE2,73208.903,73208.903,73923.603,714.7,714.7,365.7,0.511683,1,p:1.1.1.2.2.2
U2565,103,FUSE2,73311.303,73311.303,74068.5697,757.2667,757.2667,365.7,0.482921,1,p:2.1.2.1.2.2
U2566,103,FUSE2,73376.903,73376.903,74915.603,1538.7,1538.7,365.7,0.237668,1,p:1.1.5.1.2.2
U2567,103,FUSE2,73384.703,73384.703,74305.1697,920.4667,920.4667,365.7,0.397298,1,p:2.1.3.1.2.2
U2568,103,FUSE2,73452.503,73452.503,74371.7697,919.2667,919.2667,365.7,0.397817,1,p:1.2.4.1.2.2
U2569,103,FUSE2,73510.503,73510.503,74261.603,751.1,751.1,365.7,0.486886,1,p:2.1.1.2.2.2
U2570,103,FUSE2,73616.903,73616.903,74406.5697,789.6667,789.6667,365.7,0.463107,1,p:1.1.2.1.2.2
U2571,103,FUSE2,73690.303,73690.303,75253.603,1563.3,1563.3,365.7,0.233928,1,p:2.1.5.1.2.2
U5329,213,FUSE0,73754.103,73754.103,74546.203,792.1,792.1,271.3,0.342507,1,p:1.1.3.1.2.2
U5330,213,FUSE0,73758.703,73758.703,74505.203,746.5,746.5,271.3,0.363429,1,p:2.1.1.2.2.2
U5331,213,FUSE0,73763.303,73763.303,74612.803,849.5,849.5,271.3,0.319364,1,p:1.1.4.1.2.2
U5332,213,FUSE0,73954.903,73954.903,74647.603,692.7,692.7,271.3,0.391656,1,p:2.1.2.1.2.2
U5333,213,FUSE0,73998.4697,73998.4697,74789.803,791.3333,791.3333,271.3,0.342839,1,p:1.1.3.1.2.2
U5334,213,FUSE0,74003.1363,74003.1363,74748.803,745.6667,745.6667,271.3,0.363835,1,p:2.1.1.2.2.2
U5335,213,FUSE0,74065.0697,74065.0697,74856.403,791.3333,791.3333,271.3,0.342839,1,p:1.1.4.1.2.2
U5336,213,FUSE0,74099.8697,74099.8697,75497.203,1397.3333,1397.3333,271.3,0.194156,1,p:2.1.5.1.2.2
U5337,213,FUSE0,74292.903,74292.903,74891.203,598.3,598.3,271.3,0.453451,1,p:1.1.2.1.2.2
U5338,213,FUSE1,74305.8697,74305.8697,75095.403,789.5333,789.5333,333.3,0.422148,1,p:2.1.3.1.2.2
U5339,213,FUSE1,74336.4697,74336.4697,75162.003,825.5333,825.5333,333.3,0.403739,1,p:1.1.4.1.2.2
U5340,213,FUSE1,74403.0697,74403.0697,75802.803,1399.7333,1399.7333,333.3,0.238117,1,p:2.1.5.1.2.2
U5341,213,FUSE1,74437.8697,74437.8697,75058.1697,620.3,620.3,333.3,0.537321,1,p:1.1.1.2.2.2
U5342,213,FUSE1,74536.503,74536.503,75216.803,680.3,680.3,333.3,0.489931,1,p:2.1.2.1.2.2
U5343,213,FUSE1,74577.503,74577.503,75401.003,823.5,823.5,333.3,0.404736,1,p:1.1.3.1.2.2
U5344,213,FUSE1,74608.903,74608.903,75467.603,858.7,858.7,333.3,0.388145,1,p:2.1.4.1.2.2
U5345,213,FUSE1,74644.103,74644.103,75363.7697,719.6667,719.6667,333.3,0.463131,1,p:1.1.1.2.2.2
U5346,213,FUSE1,74678.903,74678.903,76108.403,1429.5,1429.5,333.3,0.233158,1,p:2.1.5.1.2.2
U5347,213,FUSE2,74780.103,74780.103,75554.803,774.7,774.7,365.7,0.472054,1,p:1.1.2.1.2.2
U5348,213,FUSE2,74821.103,74821.103,75739.003,917.9,917.9,365.7,0.398409,1,p:2.1.3.1.2.2
U5349,213,FUSE2,74887.703,74887.703,75807.403,919.7,919.7,365.7,0.39763,1,p:1.1.4.1.2.2
U5350,213,FUSE2,74922.503,74922.503,75701.7697,779.2667,779.2667,365.7,0.469287,1,p:2.1.1.2.2.2
U5351,213,FUSE2,74946.903,74946.903,76446.403,1499.5,1499.5,365.7,0.243881,1,p:1.1.5.1.2.2
U5352,213,FUSE2,75089.4697,75089.4697,75892.803,803.3333,803.3333,365.7,0.455228,1,p:2.1.2.1.2.2
U5353,213,FUSE2,75126.703,75126.703,76077.003,950.3,950.3,365.7,0.384826,1,p:1.1.3.1.2.2
U5354,213,FUSE2,75193.303,75193.303,76143.603,950.3,950.3,365.7,0.384826,1,p:2.1.4.1.2.2
U5355,213,FUSE2,75248.103,75248.103,76039.7697,791.6667,791.6667,365.7,0.461937,1,p:1.1.1.2.2.2
U5356,213,FUSE2,75284.903,75284.903,76784.603,1499.7,1499.7,365.7,0.243849,1,p:2.1.5.1.2.2
U5357,213,FUSE2,75395.0697,75395.0697,76230.803,835.7333,835.7333,365.7,0.43758,1,p:1.1.2.1.2.2
U2623,106,FUSE0,75432.303,75432.303,76320.603,888.3,888.3,271.3,0.305415,1,p:2.1.3.1.2.2
U2624,106,FUSE0,75498.903,75498.903,76387.203,888.3,888.3,271.3,0.305415,1,p:1.1.4.1.2.2
U2625,106,FUSE0,75528.503,75528.503,76283.3697,754.8667,754.8667,271.3,0.359401,1,p:2.1.1.2.2.2
U2626,106,FUSE0,75586.103,75586.103,77028.003,1441.9,1441.9,271.3,0.188155,1,p:1.1.5.1.2.2
U2627,106,FUSE0,75733.0697,75733.0697,76474.403,741.3333,741.3333,271.3,0.365962,1,p:2.1.2.1.2.2
U2628,106,FUSE0,75770.303,75770.303,76564.203,793.9,793.9,271.3,0.341731,1,p:1.1.3.1.2.2
U2629,106,FUSE0,75834.103,75834.103,76630.803,796.7,796.7,271.3,0.34053,1,p:2.1.4.1.2.2
U2630,106,FUSE0,75838.703,75838.703,76526.9697,688.2667,688.2667,271.3,0.394179,1,p:1.1.1.2.2.2
U2631,106,FUSE1,75924.103,75924.103,77333.603,1409.5,1409.5,333.3,0.236467,1,p:2.1.5.1.2.2
U2632,106,FUSE1,76071.0697,76071.0697,76780.003,708.9333,708.9333,333.3,0.470143,1,p:1.1.2.1.2.2
U2633,106,FUSE1,76108.303,76108.303,76869.803,761.5,761.5,333.3,0.437689,1,p:2.1.3.1.2.2
U2634,106,FUSE1,76139.703,76139.703,76936.403,796.7,796.7,333.3,0.418351,1,p:1.1.4.1.2.2
U2635,106,FUSE1,76174.903,76174.903,76832.5697,657.6667,657.6667,333.3,0.506792,1,p:2.1.1.2.2.2
U2636,106,FUSE1,76262.103,76262.103,77639.203,1377.1,1377.1,333.3,0.24203,1,p:1.1.5.1.2.2
U2637,106,FUSE1,76314.6697,76314.6697,77085.603,770.9333,770.9333,333.3,0.432333,1,p:2.1.2.1.2.2
U2638,106,FUSE1,76351.903,76351.903,77175.403,823.5,823.5,333.3,0.404736,1,p:1.1.3.1.2.2
U2639,106,FUSE2,76418.503,76418.503,77274.403,855.9,855.9,365.7,0.42727,1,p:2.1.4.1.2.2
U2640,106,FUSE2,76477.703,76477.703,77170.5697,692.8667,692.8667,365.7,0.527807,1,p:1.1.1.2.2.2
U2641,106,FUSE2,76505.703,76505.703,77977.203,1471.5,1471.5,365.7,0.248522,1,p:2.1.5.1.2.2
U2642,106,FUSE2,76558.2697,76558.2697,77423.603,865.3333,865.3333,365.7,0.422612,1,p:1.1.2.1.2.2
U2643,106,FUSE2,76595.503,76595.503,77513.403,917.9,917.9,365.7,0.398409,1,p:2.1.3.1.2.2
U2644,106,FUSE2,76662.103,76662.103,77612.403,950.3,950.3,365.7,0.384826,1,p:1.1.4.1.2.2
U2645,106,FUSE2,76811.303,76811.303,77508.5697,697.2667,697.2667,365.7,0.524477,1,p:2.1.1.2.2.2
U2646,106,FUSE2,76815.903,76815.903,78315.403,1499.5,1499.5,365.7,0.243881,1,p:1.1.5.1.2.2
U2647,106,FUSE2,76863.8697,76863.8697,77761.603,897.7333,897.7333,365.7,0.407359,1,p:2.1.2.1.2.2
U3399,137,FUSE0,76901.103,76901.103,77757.003,855.9,855.9,271.3,0.316976,1,p:1.1.3.1.2.2
U3400,137,FUSE0,76967.703,76967.703,77856.003,888.3,888.3,271.3,0.305415,1,p:2.1.4.1.2.2
U3401,137,FUSE0,77059.303,77059.303,77752.1697,692.8667,692.8667,271.3,0.391562,1,p:1.1.1.2.2.2
U3402,137,FUSE0,77116.903,77116.903,78559.003,1442.1,1442.1,271.3,0.188128,1,p:2.1.5.1.2.2
U3403,137,FUSE0,77201.8697,77201.8697,78000.603,798.7333,798.7333,271.3,0.339663,1,p:1.1.3.1.2.2
U3404,137,FUSE0,77206.703,77206.703,78005.203,798.5,798.5,271.3,0.339762,1,p:2.1.2.1.2.2
U3405,137,FUSE0,77305.703,77305.703,78099.603,793.9,793.9,271.3,0.341731,1,p:1.1.4.1.2.2
U3406,137,FUSE0,77364.903,77364.903,77995.7697,630.8667,630.8667,271.3,0.430043,1,p:2.1.1.2.2.2
U3407,137,FUSE1,77454.903,77454.903,78864.403,1409.5,1409.5,333.3,0.236467,1,p:1.1.5.1.2.2
U3408,137,FUSE1,77539.8697,77539.8697,78306.203,766.3333,766.3333,333.3,0.434928,1,p:2.1.3.1.2.2
U3409,137,FUSE1,77544.703,77544.703,78310.803,766.1,766.1,333.3,0.435061,1,p:1.1.2.1.2.2
U3410,137,FUSE1,77643.703,77643.703,78405.203,761.5,761.5,333.3,0.437689,1,p:2.1.4.1.2.2
U3411,137,FUSE1,77670.503,77670.503,78301.3697,630.8667,630.8667,333.3,0.528321,1,p:1.1.1.2.2.2
E022,356,FUSE0,77783.4697,77783.4697,79111.3697,1327.9,1327.9,271.3,0.204308,1,p:1.1.5.1.2.2
E023,356,FUSE0,77788.303,77788.303,78549.803,761.5,761.5,271.3,0.356271,1,p:2.1.3.1.2.2
E024,356,FUSE0,77792.903,77792.903,78554.403,761.5,761.5,271.3,0.356271,1,p:1.2.2.1.2.2
E025,356,FUSE0,77887.303,77887.303,78544.9697,657.6667,657.6667,271.3,0.412519,1,p:2.1.1.2.2.2
E026,356,FUSE0,78008.503,78008.503,78686.803,678.3,678.3,271.3,0.399971,1,p:1.1.4.1.2.2
E027,356,FUSE0,78027.0697,78027.0697,79351.603,1324.5333,1324.5333,271.3,0.204827,1,p:2.1.5.1.2.2
E028,356,FUSE0,78031.903,78031.903,78793.403,761.5,761.5,271.3,0.356271,1,p:1.2.3.1.2.2
E029,356,FUSE0,78036.503,78036.503,78798.003,761.5,761.5,271.3,0.356271,1,p:2.1.2.1.2.2
E030,356,FUSE0,78130.903,78130.903,78788.5697,657.6667,657.6667,271.3,0.412519,1,p:1.1.1.2.2.2
E031,356,FUSE1,78332.6697,78332.6697,79092.9697,760.3,760.3,333.3,0.43838,1,p:2.1.4.1.2.2
E032,356,FUSE1,78337.503,78337.503,79102.1697,764.6667,764.6667,333.3,0.435876,1,p:1.2.3.1.2.2
E033,356,FUSE1,78342.103,78342.103,79106.7697,764.6667,764.6667,333.3,0.435876,1,p:2.1.2.1.2.2
E034,356,FUSE1,78346.703,78346.703,79657.203,1310.5,1310.5,333.3,0.25433,1,p:1.2.5.1.2.2
E035,356,FUSE1,78436.503,78436.503,79097.5697,661.0667,661.0667,333.3,0.504185,1,p:2.1.1.2.2.2
E036,356,FUSE1,78576.2697,78576.2697,79398.5697,822.3,822.3,333.3,0.405327,1,p:1.1.4.1.2.2
E037,356,FUSE1,78581.103,78581.103,79404.603,823.5,823.5,333.3,0.404736,1,p:2.1.3.1.2.2
E038,356,FUSE1,78585.703,78585.703,79409.203,823.5,823.5,333.3,0.404736,1,p:1.2.2.1.2.2
E039,356,FUSE1,78590.303,78590.303,79962.803,1372.5,1372.5,333.3,0.242842,1,p:2.1.5.1.2.2
E040,356,FUSE2,78718.103,78718.103,79432.1697,714.0667,714.0667,365.7,0.512137,1,p:1.1.1.1.2.2
E041,356,FUSE2,78819.8697,78819.8697,79736.5697,916.7,916.7,365.7,0.398931,1,p:2.1.4.1.2.2
E042,356,FUSE2,78824.703,78824.703,79742.603,917.9,917.9,365.7,0.398409,1,p:1.2.3.1.2.2
E043,356,FUSE2,78829.303,78829.303,79747.203,917.9,917.9,365.7,0.398409,1,p:2.1.2.1.2.2
E044,356,FUSE2,78895.703,78895.703,80300.803,1405.1,1405.1,365.7,0.260266,1,p:1.1.5.1.2.2
E045,356,FUSE2,79124.2697,79124.2697,79796.9697,672.7,672.7,365.7,0.54363,1,p:2.1.1.1.2.2
E046,356,FUSE2,79128.8697,79128.8697,80074.5697,945.7,945.7,365.7,0.386698,1,p:1.2.4.1.2.2
E047,356,FUSE2,79133.4697,79133.4697,80080.603,947.1333,947.1333,365.7,0.386112,1,p:2.1.3.1.2.2
E048,356,FUSE2,79138.0697,79138.0697,80085.203,947.1333,947.1333,365.7,0.386112,1,p:1.2.2.1.2.2
E049,356,FUSE2,79142.6697,79142.6697,80638.803,1496.1333,1496.1333,365.7,0.24443,1,p:2.1.5.1.2.2
U3412,137,FUSE1,79382.903,79382.903,80944.403,1561.5,1561.5,333.3,0.213449,1,p:2.1.5.1.2.2
U3413,137,FUSE1,79429.8697,79429.8697,80386.203,956.3333,956.3333,333.3,0.348519,1,p:1.1.3.1.2.2
U3414,137,FUSE2,79435.903,79435.903,80423.203,987.3,987.3,365.7,0.370404,1,p:2.1.2.1.2.2
U3415,137,FUSE2,79440.503,79440.503,80412.5697,972.0667,972.0667,365.7,0.376209,1,p:1.1.4.1.2.2
U3416,137,FUSE2,79463.4697,79463.4697,80136.1697,672.7,672.7,365.7,0.54363,1,p:2.1.1.2.2.2
U3417,137,FUSE2,79688.503,79688.503,81282.403,1593.9,1593.9,365.7,0.229437,1,p:1.1.5.1.2.2
U3418,137,FUSE2,79767.8697,79767.8697,80724.203,956.3333,956.3333,365.7,0.382398,1,p:2.1.3.1.2.2
U3419,137,FUSE2,79773.903,79773.903,80761.203,987.3,987.3,365.7,0.370404,1,p:1.1.2.1.2.2
U3420,137,FUSE2,79778.503,79778.503,80750.5697,972.0667,972.0667,365.7,0.376209,1,p:2.1.4.1.2.2
U3421,137,FUSE2,79828.2697,79828.2697,80480.9697,652.7,652.7,365.7,0.560288,1,p:1.1.1.2.2.2
U1639,66,FUSE0,79994.103,79994.103,81526.003,1531.9,1531.9,271.3,0.1771,1,p:2.1.5.1.2.2
U1640,66,FUSE0,80105.8697,80105.8697,80967.803,861.9333,861.9333,271.3,0.314758,1,p:1.1.3.1.2.2
U1641,66,FUSE0,80111.903,80111.903,81004.803,892.9,892.9,271.3,0.303841,1,p:2.1.2.1.2.2
U1642,66,FUSE0,80116.503,80116.503,80994.1697,877.6667,877.6667,271.3,0.309115,1,p:1.1.4.1.2.2
U1643,66,FUSE0,80167.4697,80167.4697,80745.7697,578.3,578.3,271.3,0.469134,1,p:2.1.1.2.2.2
U1644,66,FUSE0,80332.103,80332.103,81769.603,1437.5,1437.5,271.3,0.18873,1,p:1.1.5.1.2.2
U1645,66,FUSE0,80417.503,80417.503,81211.403,793.9,793.9,271.3,0.341731,1,p:2.1.3.1.2.2
U1646,66,FUSE0,80443.8697,80443.8697,81248.403,804.5333,804.5333,271.3,0.337214,1,p:1.1.2.1.2.2
U1647,66,FUSE1,80454.503,80454.503,81299.7697,845.2667,845.2667,333.3,0.394313,1,p:2.1.4.1.2.2
U1648,66,FUSE1,80512.2697,80512.2697,81132.5697,620.3,620.3,333.3,0.537321,1,p:1.1.1.2.2.2
U1649,66,FUSE1,80670.103,80670.103,82075.203,1405.1,1405.1,333.3,0.237207,1,p:2.1.5.1.2.2
U1650,66,FUSE1,80755.503,80755.503,81517.003,761.5,761.5,333.3,0.437689,1,p:1.1.3.1.2.2
U1651,66,FUSE1,80777.0697,80777.0697,81554.003,776.9333,776.9333,333.3,0.428994,1,p:2.1.2.1.2.2
U1652,66,FUSE1,80781.8697,80781.8697,81605.3697,823.5,823.5,333.3,0.404736,1,p:1.1.4.1.2.2
U1653,66,FUSE1,80792.503,80792.503,81438.1697,645.6667,645.6667,333.3,0.516211,1,p:2.1.1.2.2.2
U1654,66,FUSE1,80975.703,80975.703,82380.803,1405.1,1405.1,333.3,0.237207,1,p:1.1.5.1.2.2
U1655,66,FUSE2,80999.103,80999.103,81855.003,855.9,855.9,365.7,0.42727,1,p:2.1.3.1.2.2
U1656,66,FUSE2,81025.4697,81025.4697,81892.003,866.5333,866.5333,365.7,0.422026,1,p:1.1.2.1.2.2
U1657,66,FUSE2,81036.103,81036.103,81943.3697,907.2667,907.2667,365.7,0.403079,1,p:2.1.4.1.2.2
U1658,66,FUSE2,81163.8697,81163.8697,81816.5697,652.7,652.7,365.7,0.560288,1,p:1.1.1.2.2.2
U1659,66,FUSE2,81242.703,81242.703,82718.803,1476.1,1476.1,365.7,0.247747,1,p:2.1.5.1.2.2
U1660,66,FUSE2,81279.703,81279.703,82193.003,913.3,913.3,365.7,0.400416,1,p:1.1.3.1.2.2
U1661,66,FUSE2,81313.703,81313.703,82230.003,916.3,916.3,365.7,0.399105,1,p:2.1.2.1.2.2
U1662,66,FUSE2,81331.0697,81331.0697,82281.3697,950.3,950.3,365.7,0.384826,1,p:1.1.4.1.2.2
U126,6,FUSE0,81469.4697,81469.4697,82060.1697,590.7,590.7,271.3,0.459286,1,p:2.1.1.1.2.2
U127,6,FUSE0,81548.303,81548.303,82962.403,1414.1,1414.1,271.3,0.191853,1,p:1.1.5.1.2.2
U128,6,FUSE0,81557.303,81557.303,82436.603,879.3,879.3,271.3,0.308541,1,p:2.1.3.1.2.2
U129,6,FUSE0,81585.303,81585.303,82473.603,888.3,888.3,271.3,0.305415,1,p:1.1.2.1.2.2
U130,6,FUSE0,81636.6697,81636.6697,82303.7697,667.1,667.1,271.3,0.406686,1,p:2.1.1.1.2.2
U131,6,FUSE0,81800.903,81800.903,83206.003,1405.1,1405.1,271.3,0.193082,1,p:1.1.5.1.2.2
U132,6,FUSE0,81847.8697,81847.8697,82546.1697,698.3,698.3,271.3,0.388515,1,p:2.1.4.1.2.2
U133,6,FUSE1,81886.303,81886.303,82742.203,855.9,855.9,333.3,0.389415,1,p:1.1.3.1.2.2
U134,6,FUSE1,81923.303,81923.303,82779.203,855.9,855.9,333.3,0.389415,1,p:2.1.2.1.2.2
U135,6,FUSE1,81974.6697,81974.6697,82609.3697,634.7,634.7,333.3,0.52513,1,p:1.1.1.1.2.2
E050,358,FUSE0,82091.4697,82091.4697,82985.803,894.3333,894.3333,271.3,0.303354,1,p:1.1.3.1.2.2
E051,358,FUSE0,82106.503,82106.503,83022.803,916.3,916.3,271.3,0.296082,1,p:2.1.2.1.2.2
E052,358,FUSE0,82224.303,82224.303,82902.603,678.3,678.3,271.3,0.399971,1,p:1.1.4.1.2.2
E053,358,FUSE0,82261.303,82261.303,82852.9697,591.6667,591.6667,271.3,0.458535,1,p:2.1.1.2.2.2
E054,358,FUSE0,82312.6697,82312.6697,83229.403,916.7333,916.7333,271.3,0.295942,1,p:1.1.3.1.2.2
E055,358,FUSE0,82335.0697,82335.0697,83449.603,1114.5333,1114.5333,271.3,0.24342,1,p:2.1.5.1.2.2
E056,358,FUSE0,82412.103,82412.103,83266.403,854.3,854.3,271.3,0.31757,1,p:1.1.2.1.2.2
E057,358,FUSE0,82467.903,82467.903,83096.5697,628.6667,628.6667,271.3,0.431548,1,p:2.1.1.1.2.2
E058,358,FUSE0,82504.903,82504.903,83183.203,678.3,678.3,271.3,0.399971,1,p:1.1.4.1.2.2
E059,358,FUSE1,82577.4697,82577.4697,83535.003,957.5333,957.5333,333.3,0.348082,1,p:2.1.3.1.2.2
E060,358,FUSE1,82640.6697,82640.6697,83572.003,931.3333,931.3333,333.3,0.357874,1,p:1.1.2.1.2.2
E061,358,FUSE1,82750.103,82750.103,83402.1697,652.0667,652.0667,333.3,0.511144,1,p:2.1.1.2.2.2
E062,358,FUSE1,82773.503,82773.503,83520.803,747.3,747.3,333.3,0.446006,1,p:1.1.4.1.2.2
E063,358,FUSE1,82810.503,82810.503,83755.203,944.7,944.7,333.3,0.35281,1,p:2.1.5.1.2.2
E064,358,FUSE1,82884.2697,82884.2697,83840.603,956.3333,956.3333,333.3,0.348519,1,p:1.1.3.1.2.2
E065,358,FUSE1,82933.903,82933.903,83877.603,943.7,943.7,333.3,0.353184,1,p:2.1.2.1.2.2
E066,358,FUSE1,82993.703,82993.703,83707.7697,714.0667,714.0667,333.3,0.466763,1,p:1.1.1.2.2.2
E067,358,FUSE1,83017.103,83017.103,83826.403,809.3,809.3,333.3,0.411837,1,p:2.1.4.1.2.2
E068,358,FUSE1,83054.103,83054.103,84060.803,1006.7,1006.7,333.3,0.331082,1,p:1.1.5.1.2.2
E069,358,FUSE2,83127.8697,83127.8697,84178.603,1050.7333,1050.7333,365.7,0.348043,1,p:2.1.3.1.2.2
E070,358,FUSE2,83214.503,83214.503,84215.603,1001.1,1001.1,365.7,0.365298,1,p:1.1.2.1.2.2
E071,358,FUSE2,83237.303,83237.303,84045.7697,808.4667,808.4667,365.7,0.452338,1,p:2.1.1.1.2.2
E072,358,FUSE2,83260.703,83260.703,84164.403,903.7,903.7,365.7,0.40467,1,p:1.1.4.1.2.2
E073,358,FUSE2,83297.703,83297.703,84398.803,1101.1,1101.1,365.7,0.332122,1,p:2.1.5.1.2.2
E074,358,FUSE2,83433.4697,83433.4697,84516.603,1083.1333,1083.1333,365.7,0.337632,1,p:1.1.3.1.2.2
E075,358,FUSE2,83480.903,83480.903,84553.603,1072.7,1072.7,365.7,0.340915,1,p:2.1.2.1.2.2
E076,358,FUSE2,83552.103,83552.103,84383.7697,831.6667,831.6667,365.7,0.439719,1,p:1.1.1.1.2.2
E077,358,FUSE2,83566.303,83566.303,84502.403,936.1,936.1,365.7,0.390663,1,p:2.1.4.1.2.2
E078,358,FUSE2,83603.303,83603.303,84736.803,1133.5,1133.5,365.7,0.322629,1,p:1.1.5.1.2.2
E079,358,FUSE2,83739.0697,83739.0697,84854.603,1115.5333,1115.5333,365.7,0.327825,1,p:2.1.3.1.2.2
E080,358,FUSE2,83786.503,83786.503,84891.603,1105.1,1105.1,365.7,0.33092,1,p:1.1.2.1.2.2
E081,358,FUSE2,83857.703,83857.703,84721.7697,864.0667,864.0667,365.7,0.423231,1,p:2.1.1.1.2.2
U136,6,FUSE1,83871.903,83871.903,85042.403,1170.5,1170.5,333.3,0.28475,1,p:2.1.5.1.2.2
U137,6,FUSE1,83908.903,83908.903,84808.003,899.1,899.1,333.3,0.370704,1,p:1.1.4.1.2.2
U138,6,FUSE1,84077.0697,84077.0697,85160.203,1083.1333,1083.1333,333.3,0.307718,1,p:2.1.3.1.2.2
U139,6,FUSE1,84092.103,84092.103,85197.203,1105.1,1105.1,333.3,0.301602,1,p:1.1.2.1.2.2
U140,6,FUSE2,84195.703,84195.703,85059.7697,864.0667,864.0667,365.7,0.423231,1,p:2.1.1.1.2.2
U141,6,FUSE2,84209.903,84209.903,85380.403,1170.5,1170.5,365.7,0.312431,1,p:1.2.5.1.2.2
U142,6,FUSE2,84246.903,84246.903,85146.003,899.1,899.1,365.7,0.40674,1,p:2.1.4.1.2.2
U143,6,FUSE2,84415.0697,84415.0697,85498.203,1083.1333,1083.1333,365.7,0.337632,1,p:1.1.3.1.2.2
U144,6,FUSE2,84430.103,84430.103,85535.203,1105.1,1105.1,365.7,0.33092,1,p:2.1.2.1.2.2
U145,6,FUSE2,84533.703,84533.703,85397.7697,864.0667,864.0667,365.7,0.423231,1,p:1.1.1.1.2.2
U146,6,FUSE2,84547.903,84547.903,85718.403,1170.5,1170.5,365.7,0.312431,1,p:2.1.5.1.2.2
U147,6,FUSE2,84584.903,84584.903,85484.003,899.1,899.1,365.7,0.40674,1,p:1.1.4.1.2.2
U5854,234,FUSE0,84753.0697,84753.0697,85741.803,988.7333,988.7333,271.3,0.274391,1,p:2.1.3.1.2.2
U5855,234,FUSE0,84768.103,84768.103,85778.803,1010.7,1010.7,271.3,0.268428,1,p:1.1.2.1.2.2
U5856,234,FUSE0,84839.303,84839.303,85641.3697,802.0667,802.0667,271.3,0.338251,1,p:2.1.1.1.2.2
U5857,234,FUSE0,84885.903,84885.903,85962.003,1076.1,1076.1,271.3,0.252114,1,p:1.2.5.1.2.2
U5858,234,FUSE0,84922.903,84922.903,85727.603,804.7,804.7,271.3,0.337144,1,p:2.1.4.1.2.2
U5859,234,FUSE0,85073.703,85073.703,85985.403,911.7,911.7,271.3,0.297576,1,p:1.1.3.1.2.2
U5860,234,FUSE0,85091.0697,85091.0697,86022.403,931.3333,931.3333,271.3,0.291303,1,p:2.1.2.1.2.2
U5861,234,FUSE0,85177.303,85177.303,85884.9697,707.6667,707.6667,271.3,0.383373,1,p:1.1.1.1.2.2
U5862,234,FUSE1,85191.503,85191.503,86267.603,1076.1,1076.1,333.3,0.30973,1,p:2.1.5.1.2.2
U5863,234,FUSE1,85228.503,85228.503,86033.203,804.7,804.7,333.3,0.414192,1,p:1.1.4.1.2.2
U5864,234,FUSE1,85411.703,85411.703,86291.003,879.3,879.3,333.3,0.379052,1,p:2.1.3.1.2.2
U5865,234,FUSE1,85429.0697,85429.0697,86328.003,898.9333,898.9333,333.3,0.370773,1,p:1.1.2.1.2.2
U5866,234,FUSE1,85515.303,85515.303,86190.5697,675.2667,675.2667,333.3,0.493583,1,p:2.1.1.1.2.2
U5867,234,FUSE1,85529.503,85529.503,86573.203,1043.7,1043.7,333.3,0.319345,1,p:1.1.5.1.2.2
U5868,234,FUSE1,85566.503,85566.503,86338.803,772.3,772.3,333.3,0.431568,1,p:2.1.4.1.2.2
U5869,234,FUSE1,85672.6697,85672.6697,86596.603,923.9333,923.9333,333.3,0.36074,1,p:1.1.3.1.2.2
U5870,234,FUSE2,85749.703,85749.703,86666.003,916.3,916.3,365.7,0.399105,1,p:2.1.2.1.2.2
U5871,234,FUSE2,85758.903,85758.903,86528.5697,769.6667,769.6667,365.7,0.475141,1,p:1.1.1.1.2.2
U5872,234,FUSE2,85773.103,85773.103,86911.203,1138.1,1138.1,365.7,0.321325,1,p:2.1.5.1.2.2
U5873,234,FUSE2,85810.103,85810.103,86676.803,866.7,866.7,365.7,0.421945,1,p:1.1.4.1.2.2
U5874,234,FUSE2,85916.2697,85916.2697,86934.603,1018.3333,1018.3333,365.7,0.359116,1,p:2.1.3.1.2.2
U5875,234,FUSE2,85993.303,85993.303,87004.003,1010.7,1010.7,365.7,0.361828,1,p:1.2.2.1.2.2
U5876,234,FUSE2,86016.703,86016.703,86866.5697,849.8667,849.8667,365.7,0.430303,1,p:2.1.1.1.2.2
U5877,234,FUSE2,86053.703,86053.703,89967.0001,3913.2971,3913.2971,365.7,0.093451,1,p:1.1.5.1.2.2
U8569,343,FUSE0,86064.503,86064.503,86920.403,855.9,855.9,271.3,0.316976,1,p:2.1.4.1.2.2
U8570,343,FUSE0,86221.8697,86221.8697,89957.8001,3735.9304,3735.9304,271.3,0.072619,1,p:1.1.3.1.2.2
U8571,343,FUSE0,86298.903,86298.903,89962.4001,3663.4971,3663.4971,271.3,0.074055,1,p:2.1.2.1.2.2
U8572,343,FUSE0,86322.303,86322.303,89948.6001,3626.2971,3626.2971,271.3,0.074815,1,p:1.1.1.1.2.2
U8573,343,FUSE0,86359.303,86359.303,89953.2001,3593.8971,3593.8971,271.3,0.075489,1,p:2.1.4.1.2.2
U8574,343,FUSE0,86370.103,86370.103,89976.2001,3606.0971,3606.0971,271.3,0.075234,1,p:1.1.3.1.2.2
U8575,343,FUSE1,86559.8697,86559.8697,89990.0001,3430.1304,3430.1304,333.3,0.097168,1,p:2.1.5.1.2.2
U8576,343,FUSE1,86604.503,86604.503,89985.4001,3380.8971,3380.8971,333.3,0.098583,1,p:1.2.2.1.2.2
U8577,343,FUSE1,86627.903,86627.903,89971.6001,3343.6971,3343.6971,333.3,0.09968,1,p:2.1.1.1.2.2
U8578,343,FUSE1,86697.303,86697.303,89980.8001,3283.4971,3283.4971,333.3,0.101508,1,p:1.1.4.1.2.2
U8579,343,FUSE1,86708.103,86708.103,89994.6001,3286.4971,3286.4971,333.3,0.101415,1,p:2.1.3.1.2.2
U8580,343,FUSE1,86897.8697,86897.8697,90008.4001,3110.5304,3110.5304,333.3,0.107152,1,p:1.1.5.1.2.2
U8581,343,FUSE2,86942.503,86942.503,90013.0001,3070.4971,3070.4971,365.7,0.119101,1,p:2.1.2.1.2.2
U8582,343,FUSE2,86951.703,86951.703,89999.2001,3047.4971,3047.4971,365.7,0.12,1,p:1.1.1.1.2.2
U8583,343,FUSE2,86965.903,86965.903,90003.8001,3037.8971,3037.8971,365.7,0.120379,1,p:2.1.4.1.2.2
U8584,343,FUSE2,87035.303,87035.303,90017.6001,2982.2971,2982.2971,365.7,0.122624,1,p:1.1.3.1.2.2
U8585,343,FUSE2,89979.9001,89979.9001,90812.6001,832.7,832.7,365.7,0.439174,1,p:2.1.5.1.2.2
U8586,343,FUSE2,89984.5001,89984.5001,91841.137,1856.6369,1856.6369,365.7,0.196969,1,p:1.1.2.1.2.2
U8587,343,FUSE2,89989.1001,89989.1001,90663.6001,674.5,674.5,365.7,0.542179,1,p:2.1.1.2.2.2
U148,7,FUSE0,89993.7001,91155.037,92036.2001,2042.5,2042.5,271.3,0.132827,1,p:1.1.4.1.2.2
U149,7,FUSE0,89998.3001,89998.3001,90659.0001,660.7,660.7,271.3,0.410625,1,p:2.1.3.1.2.2
U150,7,FUSE0,90002.9001,91161.637,91919.937,1917.0369,1917.0369,271.3,0.14152,1,p:1.2.5.1.2.2
U151,7,FUSE0,90007.5001,90007.5001,90629.4001,621.9,621.9,271.3,0.436244,1,p:2.1.2.1.2.2
U152,7,FUSE0,90012.1001,91168.237,92279.8001,2267.7,2267.7,271.3,0.119637,1,p:1.1.4.1.2.2
U153,7,FUSE0,90016.7001,90016.7001,90902.6001,885.9,885.9,271.3,0.306242,1,p:2.1.3.1.2.2
U154,7,FUSE0,90021.3001,91174.837,91737.937,1716.6369,1716.6369,271.3,0.158042,1,p:1.1.1.2.2.2
U155,7,FUSE0,90025.9001,90025.9001,91056.2001,1030.3,1030.3,271.3,0.263321,1,p:2.1.5.1.2.2
U156,7,FUSE0,90030.5001,91181.437,92084.737,2054.2369,2054.2369,271.3,0.132069,1,p:1.1.2.1.2.2
U157,7,FUSE1,90035.1001,90035.1001,90802.6001,767.5,767.5,333.3,0.434267,1,p:2.1.4.1.2.2
U158,7,FUSE1,90039.7001,91188.037,91900.737,1861.0369,1861.0369,333.3,0.179094,1,p:1.1.3.1.2.2
U159,7,FUSE1,90044.3001,90044.3001,90968.6001,924.3,924.3,333.3,0.360597,1,p:2.1.1.2.2.2
U160,7,FUSE1,90048.9001,91194.637,92225.537,2176.6369,2176.6369,333.3,0.153126,1,p:1.2.5.1.2.2
U161,7,FUSE1,90660.7001,90660.7001,91341.0001,680.3,680.3,333.3,0.489931,1,p:2.1.2.1.2.2
U162,7,FUSE1,90690.3001,91201.237,92585.4001,1895.1,1895.1,333.3,0.175875,1,p:1.1.4.1.2.2
U163,7,FUSE1,90694.9001,90694.9001,91415.2001,720.3,720.3,333.3,0.462724,1,p:2.1.3.1.2.2
U164,7,FUSE1,90833.9001,91207.837,92043.537,1209.6369,1209.6369,333.3,0.275537,1,p:1.1.1.2.2.2
U165,7,FUSE1,90843.9001,90843.9001,91644.2001,800.3,800.3,333.3,0.416469,1,p:2.1.5.1.2.2
U166,7,FUSE2,90933.9001,91214.437,92422.737,1488.8369,1488.8369,365.7,0.245628,1,p:1.1.2.1.2.2
U167,7,FUSE2,90999.9001,90999.9001,91792.6001,792.7,792.7,365.7,0.461335,1,p:2.1.4.1.2.2
U168,7,FUSE2,91087.5001,91221.037,92238.737,1151.2369,1151.2369,365.7,0.317658,1,p:1.1.3.1.2.2
U169,7,FUSE2,91372.3001,91372.3001,92381.537,1009.2369,1009.2369,365.7,0.362353,1,p:2.1.1.2.2.2
U170,7,FUSE2,91446.5001,91446.5001,92563.537,1117.0369,1117.0369,365.7,0.327384,1,p:1.2.5.1.2.2
U171,7,FUSE2,91675.5001,91675.5001,92760.737,1085.2369,1085.2369,365.7,0.336977,1,p:2.1.2.1.2.2
U172,7,FUSE2,91769.237,91769.237,92923.4001,1154.1631,1154.1631,365.7,0.316853,1,p:1.1.4.1.2.2
U173,7,FUSE2,91823.9001,91823.9001,92576.737,752.8369,752.8369,365.7,0.485763,1,p:2.1.3.2.2.2
U174,7,FUSE2,91872.437,91872.437,92719.537,847.1,847.1,365.7,0.431708,1,p:1.1.1.2.2.2
U4649,186,FUSE0,91932.037,91932.037,92807.137,875.1,875.1,271.3,0.310022,1,p:2.1.5.1.2.2
U4650,186,FUSE0,91951.237,91951.237,93004.337,1053.1,1053.1,271.3,0.25762,1,p:1.1.2.1.2.2
U4651,186,FUSE0,92067.5001,92067.5001,93167.0001,1099.5,1099.5,271.3,0.246749,1,p:2.1.4.1.2.2
U4652,186,FUSE0,92074.837,92074.837,93050.737,975.9,975.9,271.3,0.278,1,p:1.1.5.1.2.2
U4653,186,FUSE0,92116.037,92116.037,92820.337,704.3,704.3,271.3,0.385205,1,p:2.1.3.2.2.2
U4654,186,FUSE0,92256.837,92256.837,92963.137,706.3,706.3,271.3,0.384114,1,p:1.2.1.2.2.2
U4655,186,FUSE0,92270.037,92270.037,93247.937,977.9,977.9,271.3,0.277431,1,p:2.1.2.1.2.2
U4656,186,FUSE0,92311.1001,92311.1001,93410.6001,1099.5,1099.5,271.3,0.246749,1,p:1.1.4.1.2.2
U4657,186,FUSE1,92412.837,92412.837,93356.337,943.5,943.5,333.3,0.353259,1,p:2.1.5.1.2.2
U4658,186,FUSE1,92454.037,92454.037,93154.337,700.3,700.3,333.3,0.475939,1,p:1.1.3.2.2.2
U4659,186,FUSE1,92594.837,92594.837,93268.737,673.9,673.9,333.3,0.494584,1,p:2.1.1.2.2.2
U4660,186,FUSE1,92608.037,92608.037,93553.537,945.5,945.5,333.3,0.352512,1,p:1.1.2.1.2.2
U4661,186,FUSE1,92616.7001,92616.7001,93716.2001,1099.5,1099.5,333.3,0.303138,1,p:2.1.4.1.2.2
U4662,186,FUSE1,92750.837,92750.837,93661.937,911.1,911.1,333.3,0.365822,1,p:1.1.5.1.2.2
U4663,186,FUSE1,92792.037,92792.037,93512.337,720.3,720.3,333.3,0.462724,1,p:2.1.3.2.2.2
U4664,186,FUSE1,92838.437,92838.437,93574.337,735.9,735.9,333.3,0.452915,1,p:1.2.1.2.2.2
U4665,186,FUSE2,92851.637,92851.637,93891.537,1039.9,1039.9,365.7,0.351668,1,p:2.1.2.1.2.2
U4666,186,FUSE2,92954.7001,92954.7001,94054.2001,1099.5,1099.5,365.7,0.332606,1,p:1.1.4.1.2.2
U4667,186,FUSE2,92994.437,92994.437,93999.937,1005.5,1005.5,365.7,0.3637,1,p:2.1.5.1.2.2
U4668,186,FUSE2,93035.637,93035.637,93850.337,814.7,814.7,365.7,0.448877,1,p:1.1.3.2.2.2
U4669,186,FUSE2,93082.037,93082.037,93912.337,830.3,830.3,365.7,0.440443,1,p:2.1.1.2.2.2
U4670,186,FUSE2,93185.637,93185.637,94229.537,1043.9,1043.9,365.7,0.350321,1,p:1.1.2.1.2.2
U4671,186,FUSE2,93198.3001,93198.3001,94392.2001,1193.9,1193.9,365.7,0.306307,1,p:2.1.4.1.2.2
U4672,186,FUSE2,93279.237,93279.237,94337.937,1058.7,1058.7,365.7,0.345424,1,p:1.1.5.1.2.2
U4673,186,FUSE2,93300.037,93300.037,94188.337,888.3,888.3,365.7,0.411685,1,p:2.1.3.2.2.2
U3139,126,FUSE0,93387.637,93387.637,94155.937,768.3,768.3,271.3,0.353117,1,p:1.1.1.2.2.2
U3140,126,FUSE0,93441.9001,93441.9001,94473.137,1031.2369,1031.2369,271.3,0.263082,1,p:2.1.2.1.2.2
U3141,126,FUSE0,93543.637,93543.637,94635.8001,1092.1631,1092.1631,271.3,0.248406,1,p:1.1.4.1.2.2
U3142,126,FUSE0,93584.837,93584.837,94399.537,814.7,814.7,271.3,0.333006,1,p:2.1.1.2.2.2
U3143,126,FUSE0,93605.637,93605.637,94581.537,975.9,975.9,271.3,0.278,1,p:1.1.5.1.2.2
U3144,126,FUSE0,93693.237,93693.237,94431.937,738.7,738.7,271.3,0.367267,1,p:2.1.3.2.2.2
U3145,126,FUSE0,93747.5001,93747.5001,94716.737,969.2369,969.2369,271.3,0.279911,1,p:1.1.2.1.2.2
U3146,126,FUSE0,93881.637,93881.637,94879.4001,997.7631,997.7631,271.3,0.271908,1,p:2.1.4.1.2.2
U3147,126,FUSE1,93922.837,93922.837,94705.137,782.3,782.3,333.3,0.426051,1,p:1.1.1.1.2.2
U3148,126,FUSE1,93943.637,93943.637,94887.137,943.5,943.5,333.3,0.353259,1,p:2.1.5.1.2.2
U3149,126,FUSE1,94031.237,94031.237,94737.537,706.3,706.3,333.3,0.471896,1,p:1.1.3.2.2.2
U3150,126,FUSE1,94085.5001,94085.5001,95022.337,936.8369,936.8369,333.3,0.355772,1,p:2.1.2.1.2.2
U3151,126,FUSE1,94187.237,94187.237,95185.0001,997.7631,997.7631,333.3,0.334047,1,p:1.1.4.1.2.2
U3152,126,FUSE1,94219.637,94219.637,95010.737,791.1,791.1,333.3,0.421312,1,p:2.1.1.1.2.2
U3153,126,FUSE1,94260.837,94260.837,95192.737,931.9,931.9,333.3,0.357656,1,p:1.1.5.1.2.2
U3154,126,FUSE1,94369.237,94369.237,95089.537,720.3,720.3,333.3,0.462724,1,p:2.1.3.2.2.2
U3155,126,FUSE2,94423.5001,94423.5001,95360.337,936.8369,936.8369,365.7,0.390356,1,p:1.1.2.1.2.2
U3156,126,FUSE2,94430.837,94430.837,95523.0001,1092.1631,1092.1631,365.7,0.33484,1,p:2.1.4.1.2.2
U3157,126,FUSE2,94463.237,94463.237,95348.737,885.5,885.5,365.7,0.412987,1,p:1.1.1.1.2.2
U3158,126,FUSE2,94504.437,94504.437,95530.737,1026.3,1026.3,365.7,0.356329,1,p:2.1.5.1.2.2
U3159,126,FUSE2,94612.837,94612.837,95427.537,814.7,814.7,365.7,0.448877,1,p:1.1.3.2.2.2
U3160,126,FUSE2,94667.1001,94667.1001,95698.337,1031.2369,1031.2369,365.7,0.354623,1,p:2.1.2.1.2.2
U3161,126,FUSE2,94736.437,94736.437,95861.0001,1124.5631,1124.5631,365.7,0.325193,1,p:1.1.4.1.2.2
U3162,126,FUSE2,94748.037,94748.037,95686.737,938.7,938.7,365.7,0.389581,1,p:2.1.1.1.2.2
U3163,126,FUSE2,94768.837,94768.837,95868.737,1099.9,1099.9,365.7,0.332485,1,p:1.2.5.1.2.2
U3164,126,FUSE2,94910.7001,94910.7001,95765.537,854.8369,854.8369,365.7,0.427801,1,p:2.1.3.2.2.2
U663,27,FUSE0,94918.437,94918.437,95941.937,1023.5,1023.5,271.3,0.265071,1,p:1.1.2.2.2.2
U664,27,FUSE0,95042.037,95042.037,96104.6001,1062.5631,1062.5631,271.3,0.255326,1,p:2.1.4.1.2.2
U665,27,FUSE0,95053.637,95053.637,95930.337,876.7,876.7,271.3,0.309456,1,p:1.1.1.1.2.2
U666,27,FUSE0,95120.837,95120.837,96112.337,991.5,991.5,271.3,0.273626,1,p:2.1.5.1.2.2
U667,27,FUSE0,95216.3001,95216.3001,96009.137,792.8369,792.8369,271.3,0.342189,1,p:1.1.3.2.2.2
U668,27,FUSE0,95224.037,95224.037,96185.537,961.5,961.5,271.3,0.282163,1,p:2.1.2.2.2.2
U669,27,FUSE0,95380.037,95380.037,96348.2001,968.1631,968.1631,271.3,0.280221,1,p:1.1.4.1.2.2
U670,27,FUSE0,95391.637,95391.637,96173.937,782.3,782.3,271.3,0.346798,1,p:2.1.1.1.2.2
U671,27,FUSE0,95458.837,95458.837,96355.937,897.1,897.1,271.3,0.302419,1,p:1.2.5.1.2.2
U672,27,FUSE1,95554.3001,95554.3001,96314.737,760.4369,760.4369,333.3,0.438301,1,p:2.1.3.1.2.2
U673,27,FUSE1,95562.037,95562.037,96491.137,929.1,929.1,333.3,0.358734,1,p:1.1.2.1.2.2
U674,27,FUSE1,95718.037,95718.037,96653.8001,935.7631,935.7631,333.3,0.35618,1,p:2.1.4.1.2.2
U675,27,FUSE1,95729.637,95729.637,96479.537,749.9,749.9,333.3,0.444459,1,p:1.1.1.1.2.2
U676,27,FUSE1,95796.837,95796.837,96661.537,864.7,864.7,333.3,0.385452,1,p:2.1.5.1.2.2
U677,27,FUSE1,95892.3001,95892.3001,96620.337,728.0369,728.0369,333.3,0.457806,1,p:1.1.3.1.2.2
U678,27,FUSE1,95900.037,95900.037,96962.937,1062.9,1062.9,333.3,0.313576,1,p:2.1.4.1.2.2
U679,27,FUSE1,95961.637,95961.637,96796.737,835.1,835.1,333.3,0.399114,1,p:1.1.2.1.2.2
U680,27,FUSE1,95973.237,95973.237,96785.137,811.9,811.9,333.3,0.410519,1,p:2.1.1.1.2.2
U681,27,FUSE2,96040.437,96040.437,96999.537,959.1,959.1,365.7,0.381295,1,p:1.2.5.1.2.2
U682,27,FUSE2,96135.9001,96135.9001,96958.337,822.4369,822.4369,365.7,0.444654,1,p:2.1.3.1.2.2
U683,27,FUSE2,96143.637,96143.637,97134.737,991.1,991.1,365.7,0.368984,1,p:1.2.2.1.2.2
U684,27,FUSE2,96205.237,96205.237,97300.937,1095.7,1095.7,365.7,0.333759,1,p:2.1.4.1.2.2
U685,27,FUSE2,96216.837,96216.837,97123.137,906.3,906.3,365.7,0.403509,1,p:1.1.1.1.2.2
U686,27,FUSE2,96346.037,96346.037,97337.537,991.5,991.5,365.7,0.368835,1,p:2.1.5.1.2.2
U687,27,FUSE2,96379.5001,96379.5001,97296.337,916.8369,916.8369,365.7,0.398871,1,p:1.1.3.1.2.2
U688,27,FUSE2,96387.237,96387.237,97472.737,1085.5,1085.5,365.7,0.336895,1,p:2.1.2.1.2.2
U689,27,FUSE2,96510.837,96510.837,97635.4001,1124.5631,1124.5631,365.7,0.325193,1,p:1.2.4.1.2.2
U690,27,FUSE2,96522.437,96522.437,97461.137,938.7,938.7,365.7,0.389581,1,p:2.1.1.1.2.2
U5728,229,FUSE0,96651.637,96651.637,97581.137,929.5,929.5,271.3,0.291877,1,p:1.2.5.1.2.2
U5729,229,FUSE0,96685.1001,96685.1001,97539.937,854.8369,854.8369,271.3,0.31737,1,p:2.1.3.1.2.2
U5730,229,FUSE0,96692.837,96692.837,97716.337,1023.5,1023.5,271.3,0.265071,1,p:1.1.2.1.2.2
U5731,229,FUSE0,96816.437,96816.437,97879.0001,1062.5631,1062.5631,271.3,0.255326,1,p:2.1.4.1.2.2
U5732,229,FUSE0,96828.037,96828.037,97704.737,876.7,876.7,271.3,0.309456,1,p:1.1.1.1.2.2
U5733,229,FUSE0,96989.637,96989.637,97824.737,835.1,835.1,271.3,0.324871,1,p:2.1.5.1.2.2
U5734,229,FUSE0,96994.237,96994.237,97783.537,789.3,789.3,271.3,0.343722,1,p:1.1.3.1.2.2
U5735,229,FUSE0,97030.837,97030.837,97959.937,929.1,929.1,271.3,0.292003,1,p:2.1.2.1.2.2
U5736,229,FUSE1,97154.437,97154.437,98184.6001,1030.1631,1030.1631,333.3,0.323541,1,p:1.2.4.1.2.2
U5737,229,FUSE1,97166.037,97166.037,98010.337,844.3,844.3,333.3,0.394765,1,p:2.1.1.1.2.2
U5738,229,FUSE1,97327.637,97327.637,98147.937,820.3,820.3,333.3,0.406315,1,p:1.2.5.1.2.2
U5739,229,FUSE1,97332.237,97332.237,98089.137,756.9,756.9,333.3,0.440349,1,p:2.1.3.1.2.2
U5740,229,FUSE1,97368.837,97368.837,98265.537,896.7,896.7,333.3,0.371696,1,p:1.1.2.1.2.2
U5741,229,FUSE1,97492.437,97492.437,98490.2001,997.7631,997.7631,333.3,0.334047,1,p:2.1.4.1.2.2
U5742,229,FUSE1,97504.037,97504.037,98315.937,811.9,811.9,333.3,0.410519,1,p:1.1.1.1.2.2
U5743,229,FUSE1,97571.237,97571.237,98453.537,882.3,882.3,333.3,0.377763,1,p:2.1.5.1.2.2
U5744,229,FUSE2,97612.437,97612.437,98427.137,814.7,814.7,365.7,0.448877,1,p:1.1.3.1.2.2
U5745,229,FUSE2,97666.7001,97666.7001,98603.537,936.8369,936.8369,365.7,0.390356,1,p:2.1.2.1.2.2
U5746,229,FUSE2,97736.037,97736.037,98828.2001,1092.1631,1092.1631,365.7,0.33484,1,p:1.2.4.1.2.2
U5747,229,FUSE2,97747.637,97747.637,98653.937,906.3,906.3,365.7,0.403509,1,p:2.1.1.1.2.2
U5748,229,FUSE2,97814.837,97814.837,98791.537,976.7,976.7,365.7,0.374424,1,p:1.2.5.1.2.2
U5749,229,FUSE2,97856.037,97856.037,98765.137,909.1,909.1,365.7,0.402266,1,p:2.1.3.1.2.2
U5750,229,FUSE2,97910.3001,97910.3001,98941.537,1031.2369,1031.2369,365.7,0.354623,1,p:1.1.2.1.2.2
U768,31,FUSE0,97991.237,97991.237,99071.8001,1080.5631,1080.5631,271.3,0.251073,1,p:2.1.4.1.2.2
U769,31,FUSE0,98041.637,98041.637,98897.537,855.9,855.9,271.3,0.316976,1,p:1.1.1.1.2.2
U770,31,FUSE0,98120.437,98120.437,99035.137,914.7,914.7,271.3,0.2966,1,p:2.1.5.1.2.2
U771,31,FUSE0,98179.237,98179.237,99008.737,829.5,829.5,271.3,0.327064,1,p:1.1.3.1.2.2
U772,31,FUSE0,98215.9001,98215.9001,99185.137,969.2369,969.2369,271.3,0.279911,1,p:2.1.2.1.2.2
U773,31,FUSE0,98296.837,98296.837,99318.937,1022.1,1022.1,271.3,0.265434,1,p:1.2.4.1.2.2
U774,31,FUSE0,98347.237,98347.237,99141.137,793.9,793.9,271.3,0.341731,1,p:2.1.1.1.2.2
U775,31,FUSE0,98458.437,98458.437,99278.737,820.3,820.3,271.3,0.330733,1,p:1.2.5.1.2.2
U776,31,FUSE1,98484.837,98484.837,99314.337,829.5,829.5,333.3,0.401808,1,p:2.1.3.1.2.2
U777,31,FUSE1,98521.5001,98521.5001,99490.737,969.2369,969.2369,333.3,0.343879,1,p:1.1.2.1.2.2
U778,31,FUSE1,98634.837,98634.837,99624.537,989.7,989.7,333.3,0.336769,1,p:2.1.4.1.2.2
U779,31,FUSE1,98685.237,98685.237,99446.737,761.5,761.5,333.3,0.437689,1,p:1.1.1.1.2.2
U780,31,FUSE1,98796.437,98796.437,99596.737,800.3,800.3,333.3,0.416469,1,p:2.1.5.1.2.2
U781,31,FUSE1,98822.837,98822.837,99619.937,797.1,797.1,333.3,0.418141,1,p:1.1.3.1.2.2
U782,31,FUSE1,98859.5001,98859.5001,99796.337,936.8369,936.8369,333.3,0.355772,1,p:2.1.2.1.2.2
U783,31,FUSE1,98928.837,98928.837,99926.6001,997.7631,997.7631,333.3,0.334047,1,p:1.2.4.1.2.2
U784,31,FUSE2,98972.837,98972.837,99784.737,811.9,811.9,365.7,0.450425,1,p:2.1.1.1.2.2
U785,31,FUSE2,99040.037,99040.037,99934.737,894.7,894.7,365.7,0.40874,1,p:1.2.5.1.2.2
U786,31,FUSE2,99066.437,99066.437,99957.937,891.5,891.5,365.7,0.410208,1,p:2.1.3.1.2.2
U787,31,FUSE2,99103.1001,99103.1001,100134.337,1031.2369,1031.2369,365.7,0.354623,1,p:1.1.2.1.2.2
U788,31,FUSE2,99172.437,99172.437,100264.6001,1092.1631,1092.1631,365.7,0.33484,1,p:2.1.4.1.2.2
U789,31,FUSE2,99216.437,99216.437,100122.737,906.3,906.3,365.7,0.403509,1,p:1.1.1.1.2.2
U790,31,FUSE2,99310.037,99310.037,100272.737,962.7,962.7,365.7,0.379869,1,p:2.1.5.1.2.2
U791,31,FUSE2,99345.637,99345.637,100295.937,950.3,950.3,365.7,0.384826,1,p:1.1.3.1.2.2
U3036,122,FUSE0,99350.237,99350.237,100377.937,1027.7,1027.7,271.3,0.263988,1,p:2.1.2.1.2.2
U3037,122,FUSE0,99478.037,99478.037,100508.2001,1030.1631,1030.1631,271.3,0.263356,1,p:1.2.4.1.2.2
U3038,122,FUSE0,99522.037,99522.037,100366.337,844.3,844.3,271.3,0.321331,1,p:2.1.1.1.2.2
U3039,122,FUSE0,99628.037,99628.037,100516.337,888.3,888.3,271.3,0.305415,1,p:1.2.5.1.2.2
U3040,122,FUSE0,99651.237,99651.237,100621.537,970.3,970.3,271.3,0.279604,1,p:2.1.2.1.2.2
U3041,122,FUSE0,99655.837,99655.837,100751.8001,1095.9631,1095.9631,271.3,0.247545,1,p:1.1.4.1.2.2
U3042,122,FUSE0,99816.037,99816.037,100539.537,723.5,723.5,271.3,0.374983,1,p:2.1.3.1.2.2
U3043,122,FUSE0,99827.637,99827.637,100609.937,782.3,782.3,271.3,0.346798,1,p:1.1.1.1.2.2
U3044,122,FUSE0,99957.9001,99957.9001,100759.937,802.0369,802.0369,271.3,0.338264,1,p:2.1.5.1.2.2
U3045,122,FUSE0,99966.037,99966.037,100865.137,899.1,899.1,271.3,0.301746,1,p:1.1.2.1.2.2
U3046,122,FUSE1,99989.237,99989.237,101057.4001,1068.1631,1068.1631,333.3,0.312031,1,p:2.1.4.1.2.2
U3047,122,FUSE1,100154.037,100154.037,100894.337,740.3,740.3,333.3,0.450223,1,p:1.2.3.1.2.2
U3048,122,FUSE1,100165.637,100165.637,100915.537,749.9,749.9,333.3,0.444459,1,p:2.1.1.1.2.2
U3049,122,FUSE1,100295.9001,100295.9001,101076.2001,780.3,780.3,333.3,0.427143,1,p:1.1.5.1.2.2
U3050,122,FUSE1,100304.037,100304.037,101170.737,866.7,866.7,333.3,0.384562,1,p:2.1.2.1.2.2
U3051,122,FUSE1,100327.237,100327.237,101363.0001,1035.7631,1035.7631,333.3,0.321792,1,p:1.1.4.1.2.2
U3052,122,FUSE1,100397.637,100397.637,101221.137,823.5,823.5,333.3,0.404736,1,p:2.1.1.1.2.2
U3053,122,FUSE1,100409.237,100409.237,101199.937,790.7,790.7,333.3,0.421525,1,p:1.1.3.1.2.2
U3054,122,FUSE1,100539.5001,100539.5001,101381.8001,842.3,842.3,333.3,0.395702,1,p:2.1.5.1.2.2
U3055,122,FUSE1,100547.637,100547.637,101476.337,928.7,928.7,333.3,0.358889,1,p:1.1.2.1.2.2
U3056,122,FUSE2,100570.837,100570.837,101701.0001,1130.1631,1130.1631,365.7,0.323582,1,p:2.1.4.1.2.2
U3057,122,FUSE2,100641.237,100641.237,101537.937,896.7,896.7,365.7,0.407829,1,p:1.1.3.1.2.2
U3058,122,FUSE2,100652.837,100652.837,101559.137,906.3,906.3,365.7,0.403509,1,p:2.1.1.1.2.2
U3059,122,FUSE2,100783.1001,100783.1001,101719.8001,936.7,936.7,365.7,0.390413,1,p:1.1.5.1.2.2
U3060,122,FUSE2,100791.237,100791.237,101814.337,1023.1,1023.1,365.7,0.357443,1,p:2.1.2.1.2.2
U3061,122,FUSE2,100896.437,100896.437,102039.0001,1142.5631,1142.5631,365.7,0.32007,1,p:1.1.4.1.2.2
U3062,122,FUSE2,100925.637,100925.637,101897.137,971.5,971.5,365.7,0.376428,1,p:2.1.1.1.2.2
U3063,122,FUSE2,100946.837,100946.837,101875.937,929.1,929.1,365.7,0.393607,1,p:1.1.3.1.2.2
U3064,122,FUSE2,101088.7001,101088.7001,102057.8001,969.1,969.1,365.7,0.37736,1,p:2.1.5.1.2.2
U331,14,FUSE0,101107.5001,101107.5001,102062.4001,954.9,954.9,271.3,0.284114,1,p:1.1.2.2.2.2
U332,14,FUSE0,101202.037,101202.037,102282.6001,1080.5631,1080.5631,271.3,0.251073,1,p:2.1.4.1.2.2
U333,14,FUSE0,101231.237,101231.237,102119.537,888.3,888.3,271.3,0.305415,1,p:1.1.3.1.2.2
U334,14,FUSE0,101252.437,101252.437,102140.737,888.3,888.3,271.3,0.305415,1,p:2.1.1.1.2.2
U335,14,FUSE0,101394.3001,101394.3001,102301.4001,907.1,907.1,271.3,0.299085,1,p:1.1.5.1.2.2
U336,14,FUSE0,101413.1001,101413.1001,102306.0001,892.9,892.9,271.3,0.303841,1,p:2.1.2.2.2.2
U337,14,FUSE0,101507.637,101507.637,102526.2001,1018.5631,1018.5631,271.3,0.266356,1,p:1.1.4.1.2.2
U338,14,FUSE0,101569.237,101569.237,102384.337,815.1,815.1,271.3,0.332843,1,p:2.1.1.2.2.2
U339,14,FUSE1,101590.437,101590.437,102425.137,834.7,834.7,333.3,0.399305,1,p:1.1.3.1.2.2
U340,14,FUSE1,101732.3001,101732.3001,102607.0001,874.7,874.7,333.3,0.381045,1,p:2.1.5.1.2.2
U341,14,FUSE1,101751.1001,101751.1001,102611.6001,860.5,860.5,333.3,0.387333,1,p:1.1.2.2.2.2
U342,14,FUSE1,101845.637,101845.637,102831.8001,986.1631,986.1631,333.3,0.337977,1,p:2.1.4.1.2.2
U343,14,FUSE1,101907.237,101907.237,102730.737,823.5,823.5,333.3,0.404736,1,p:1.1.3.1.2.2
U344,14,FUSE1,101928.437,101928.437,102689.937,761.5,761.5,333.3,0.437689,1,p:2.1.1.2.2.2
U345,14,FUSE1,102070.3001,102070.3001,102912.6001,842.3,842.3,333.3,0.395702,1,p:1.1.5.1.2.2
U346,14,FUSE1,102089.1001,102089.1001,102917.2001,828.1,828.1,333.3,0.402488,1,p:2.1.2.2.2.2
U347,14,FUSE2,102093.7001,102093.7001,103169.8001,1076.1,1076.1,365.7,0.339838,1,p:1.1.4.1.2.2
U348,14,FUSE2,102150.837,102150.837,103027.937,877.1,877.1,365.7,0.416942,1,p:2.1.1.2.2.2
U349,14,FUSE2,102172.037,102172.037,103068.737,896.7,896.7,365.7,0.407829,1,p:1.1.3.1.2.2
U350,14,FUSE2,102313.9001,102313.9001,103250.6001,936.7,936.7,365.7,0.390413,1,p:2.1.5.1.2.2
U351,14,FUSE2,102332.7001,102332.7001,103255.2001,922.5,922.5,365.7,0.396423,1,p:1.1.2.2.2.2
U352,14,FUSE2,102337.3001,102337.3001,103507.8001,1170.5,1170.5,365.7,0.312431,1,p:2.1.4.1.2.2
U353,14,FUSE2,102415.637,102415.637,103406.737,991.1,991.1,365.7,0.368984,1,p:1.1.3.1.2.2
U354,14,FUSE2,102456.437,102456.437,103365.937,909.5,909.5,365.7,0.402089,1,p:2.1.1.2.2.2
U355,14,FUSE2,102557.5001,102557.5001,103588.6001,1031.1,1031.1,365.7,0.35467,1,p:1.1.5.1.2.2
U7051,282,FUSE0,102638.3001,102638.3001,103494.337,856.0369,856.0369,271.3,0.316926,1,p:2.1.2.1.2.2
U7052,282,FUSE0,102642.9001,102642.9001,103751.4001,1108.5,1108.5,271.3,0.244745,1,p:1.1.4.1.2.2
U7053,282,FUSE0,102721.237,102721.237,103737.937,1016.7,1016.7,271.3,0.266844,1,p:2.1.2.1.2.2
U7054,282,FUSE0,102762.037,102762.037,103650.337,888.3,888.3,271.3,0.305415,1,p:1.1.3.1.2.2
U7055,282,FUSE0,102863.1001,102863.1001,103609.537,746.4369,746.4369,271.3,0.36346,1,p:2.1.1.2.2.2
U7056,282,FUSE0,102943.9001,102943.9001,103832.2001,888.3,888.3,271.3,0.305415,1,p:1.1.5.1.2.2
U7057,282,FUSE0,102948.5001,102948.5001,103995.0001,1046.5,1046.5,271.3,0.259245,1,p:2.1.4.1.2.2
U7058,282,FUSE1,103059.237,103059.237,104043.537,984.3,984.3,333.3,0.338616,1,p:1.1.2.1.2.2
U7059,282,FUSE1,103100.037,103100.037,103955.937,855.9,855.9,333.3,0.389415,1,p:2.1.3.1.2.2
U7060,282,FUSE1,103201.1001,103201.1001,103915.137,714.0369,714.0369,333.3,0.466783,1,p:1.1.1.2.2.2
U7061,282,FUSE1,103281.9001,103281.9001,104137.8001,855.9,855.9,333.3,0.389415,1,p:2.1.5.1.2.2
U7062,282,FUSE1,103286.5001,103286.5001,104300.6001,1014.1,1014.1,333.3,0.328666,1,p:1.1.4.1.2.2
U7063,282,FUSE1,103397.237,103397.237,104349.137,951.9,951.9,333.3,0.350142,1,p:2.1.2.1.2.2
U7064,282,FUSE1,103438.037,103438.037,104261.537,823.5,823.5,333.3,0.404736,1,p:1.1.3.1.2.2
U7065,282,FUSE2,103525.637,103525.637,104253.137,727.5,727.5,365.7,0.50268,1,p:2.1.1.1.2.2
U7066,282,FUSE2,103539.1001,103539.1001,104475.8001,936.7,936.7,365.7,0.390413,1,p:1.1.5.1.2.2
U7067,282,FUSE2,103619.9001,103619.9001,104638.6001,1018.7,1018.7,365.7,0.358987,1,p:2.1.4.1.2.2
U7068,282,FUSE2,103640.837,103640.837,104687.137,1046.3,1046.3,365.7,0.349517,1,p:1.1.2.1.2.2
U7069,282,FUSE2,103681.637,103681.637,104599.537,917.9,917.9,365.7,0.398409,1,p:2.1.3.1.2.2
U7070,282,FUSE2,103769.237,103769.237,104591.137,821.9,821.9,365.7,0.444945,1,p:1.2.1.1.2.2
U7071,282,FUSE2,103782.7001,103782.7001,104813.8001,1031.1,1031.1,365.7,0.35467,1,p:2.1.5.1.2.2
U7072,282,FUSE2,103863.5001,103863.5001,104976.6001,1113.1,1113.1,365.7,0.328542,1,p:1.1.4.1.2.2
U6805,272,FUSE0,103946.437,103946.437,104930.737,984.3,984.3,271.3,0.275627,1,p:2.1.2.1.2.2
U6806,272,FUSE0,103987.237,103987.237,104843.137,855.9,855.9,271.3,0.316976,1,p:1.1.3.1.2.2
U6807,272,FUSE0,104026.3001,104026.3001,104834.737,808.4369,808.4369,271.3,0.335586,1,p:2.1.1.1.2.2
U6808,272,FUSE0,104074.837,104074.837,105057.4001,982.5631,982.5631,271.3,0.276115,1,p:1.1.5.1.2.2
U6809,272,FUSE0,104169.1001,104169.1001,105220.2001,1051.1,1051.1,271.3,0.258111,1,p:2.1.4.1.2.2
U6810,272,FUSE0,104284.437,104284.437,105174.337,889.9,889.9,271.3,0.304866,1,p:1.1.2.1.2.2
U6811,272,FUSE0,104292.837,104292.837,105086.737,793.9,793.9,271.3,0.341731,1,p:2.1.3.1.2.2
U6812,272,FUSE1,104331.9001,104331.9001,105140.337,808.4369,808.4369,333.3,0.412277,1,p:1.1.1.1.2.2
U6813,272,FUSE1,104380.437,104380.437,105363.0001,982.5631,982.5631,333.3,0.339215,1,p:2.1.5.1.2.2
U6814,272,FUSE1,104507.1001,104507.1001,105525.8001,1018.7,1018.7,333.3,0.327182,1,p:1.1.4.1.2.2
U6815,272,FUSE1,104622.437,104622.437,105479.937,857.5,857.5,333.3,0.388688,1,p:2.1.2.1.2.2
U6816,272,FUSE1,104630.837,104630.837,105392.337,761.5,761.5,333.3,0.437689,1,p:1.1.3.1.2.2
U6817,272,FUSE1,104669.9001,104669.9001,105445.937,776.0369,776.0369,333.3,0.42949,1,p:2.1.1.1.2.2
U6818,272,FUSE2,104718.437,104718.437,105701.0001,982.5631,982.5631,365.7,0.37219,1,p:1.2.5.1.2.2
U6819,272,FUSE2,104845.1001,104845.1001,105863.8001,1018.7,1018.7,365.7,0.358987,1,p:2.1.4.1.2.2
U6820,272,FUSE2,104866.037,104866.037,105817.937,951.9,951.9,365.7,0.384179,1,p:1.1.2.1.2.2
U6821,272,FUSE2,104874.437,104874.437,105730.337,855.9,855.9,365.7,0.42727,1,p:2.1.3.1.2.2
U6822,272,FUSE2,104962.037,104962.037,105783.937,821.9,821.9,365.7,0.444945,1,p:1.1.1.1.2.2
U6823,272,FUSE2,105007.9001,105007.9001,106039.0001,1031.1,1031.1,365.7,0.35467,1,p:2.1.5.1.2.2
U6824,272,FUSE2,105088.7001,105088.7001,106201.8001,1113.1,1113.1,365.7,0.328542,1,p:1.1.4.1.2.2
U4702,188,FUSE0,105118.037,105118.037,106061.537,943.5,943.5,271.3,0.287546,1,p:2.1.2.2.2.2
U4703,188,FUSE0,105171.637,105171.637,105973.937,802.3,802.3,271.3,0.338153,1,p:1.2.3.1.2.2
U4704,188,FUSE0,105205.637,105205.637,106027.537,821.9,821.9,271.3,0.330089,1,p:2.1.1.1.2.2
U4705,188,FUSE0,105251.5001,105251.5001,106282.6001,1031.1,1031.1,271.3,0.263117,1,p:1.1.5.1.2.2
U4706,188,FUSE0,105394.3001,105394.3001,106305.137,910.8369,910.8369,271.3,0.297858,1,p:2.1.2.2.2.2
U4707,188,FUSE0,105423.637,105423.637,106217.537,793.9,793.9,271.3,0.341731,1,p:1.1.3.1.2.2
U4708,188,FUSE0,105477.237,105477.237,106445.4001,968.1631,968.1631,271.3,0.280221,1,p:2.1.4.1.2.2
U4709,188,FUSE0,105511.237,105511.237,106271.137,759.9,759.9,271.3,0.357021,1,p:1.1.1.1.2.2
U4710,188,FUSE0,105557.1001,105557.1001,106527.737,970.6369,970.6369,271.3,0.279507,1,p:2.1.5.1.2.2
U4711,188,FUSE1,105732.3001,105732.3001,106610.737,878.4369,878.4369,333.3,0.379424,1,p:1.1.2.1.2.2
U4712,188,FUSE1,105761.637,105761.637,106523.137,761.5,761.5,333.3,0.437689,1,p:2.1.3.1.2.2
U4713,188,FUSE1,105815.237,105815.237,106751.0001,935.7631,935.7631,333.3,0.35618,1,p:1.2.4.1.2.2
U4714,188,FUSE1,105849.237,105849.237,106576.737,727.5,727.5,333.3,0.458144,1,p:2.1.1.1.2.2
U4715,188,FUSE1,105895.1001,105895.1001,106833.337,938.2369,938.2369,333.3,0.355241,1,p:1.1.5.1.2.2
U4716,188,FUSE1,106005.237,106005.237,106916.337,911.1,911.1,333.3,0.365822,1,p:2.1.2.1.2.2
U4717,188,FUSE1,106058.837,106058.837,106828.737,769.9,769.9,333.3,0.432913,1,p:1.1.3.1.2.2
U4718,188,FUSE1,106070.3001,106070.3001,107056.6001,986.3,986.3,333.3,0.33793,1,p:2.1.4.1.2.2
U4719,188,FUSE1,106092.837,106092.837,106882.337,789.5,789.5,333.3,0.422166,1,p:1.1.1.1.2.2
U4720,188,FUSE1,106233.1001,106233.1001,107137.4001,904.3,904.3,333.3,0.368572,1,p:2.1.5.1.2.2
U4721,188,FUSE2,106248.837,106248.837,107254.337,1005.5,1005.5,365.7,0.3637,1,p:1.1.2.1.2.2
U4722,188,FUSE2,106302.437,106302.437,107166.737,864.3,864.3,365.7,0.423117,1,p:2.1.3.1.2.2
U4723,188,FUSE2,106313.9001,106313.9001,107394.6001,1080.7,1080.7,365.7,0.338392,1,p:1.2.4.1.2.2
U4724,188,FUSE2,106336.437,106336.437,107220.337,883.9,883.9,365.7,0.413735,1,p:2.1.1.1.2.2
U4725,188,FUSE2,106476.7001,106476.7001,107475.4001,998.7,998.7,365.7,0.366176,1,p:1.2.5.1.2.2
U4726,188,FUSE2,106554.437,106554.437,107592.337,1037.9,1037.9,365.7,0.352346,1,p:2.1.2.1.2.2
U4727,188,FUSE2,106559.037,106559.037,107504.737,945.7,945.7,365.7,0.386698,1,p:1.1.3.1.2.2
U4728,188,FUSE2,106608.037,106608.037,107732.6001,1124.5631,1124.5631,365.7,0.325193,1,p:2.1.4.1.2.2
U4729,188,FUSE2,106642.037,106642.037,107558.337,916.3,916.3,365.7,0.399105,1,p:1.1.1.1.2.2
U4730,188,FUSE2,106782.3001,106782.3001,107813.4001,1031.1,1031.1,365.7,0.35467,1,p:2.1.5.1.2.2
U3526,142,FUSE0,106860.037,106860.037,107835.937,975.9,975.9,271.3,0.278,1,p:1.1.2.2.2.2
U3527,142,FUSE0,106864.637,106864.637,107748.337,883.7,883.7,271.3,0.307005,1,p:2.1.3.1.2.2
U3528,142,FUSE0,106913.637,106913.637,107976.2001,1062.5631,1062.5631,271.3,0.255326,1,p:1.1.4.1.2.2
U3529,142,FUSE0,106947.637,106947.637,107801.937,854.3,854.3,271.3,0.31757,1,p:2.1.1.1.2.2
U3530,142,FUSE0,107087.9001,107087.9001,108057.0001,969.1,969.1,271.3,0.27995,1,p:1.2.5.1.2.2
U3531,142,FUSE0,107168.7001,107168.7001,108079.537,910.8369,910.8369,271.3,0.297858,1,p:2.1.2.2.2.2
U3532,142,FUSE0,107198.037,107198.037,107991.937,793.9,793.9,271.3,0.341731,1,p:1.1.3.1.2.2
U3533,142,FUSE0,107251.637,107251.637,108219.8001,968.1631,968.1631,271.3,0.280221,1,p:2.1.4.1.2.2
U3534,142,FUSE0,107285.637,107285.637,108045.537,759.9,759.9,271.3,0.357021,1,p:1.1.1.1.2.2
U3535,142,FUSE1,107425.9001,107425.9001,108362.6001,936.7,936.7,333.3,0.355824,1,p:2.1.5.1.2.2
U3536,142,FUSE1,107506.7001,107506.7001,108385.137,878.4369,878.4369,333.3,0.379424,1,p:1.1.2.2.2.2
U3537,142,FUSE1,107536.037,107536.037,108297.537,761.5,761.5,333.3,0.437689,1,p:2.1.3.1.2.2
U3538,142,FUSE1,107589.637,107589.637,108525.4001,935.7631,935.7631,333.3,0.35618,1,p:1.1.4.1.2.2
U3539,142,FUSE1,107623.637,107623.637,108351.137,727.5,727.5,333.3,0.458144,1,p:2.1.1.1.2.2
U3540,142,FUSE1,107763.9001,107763.9001,108668.2001,904.3,904.3,333.3,0.368572,1,p:1.2.5.1.2.2
U3541,142,FUSE1,107779.637,107779.637,108693.737,914.1,914.1,333.3,0.364621,1,p:2.1.2.2.2.2
U3542,142,FUSE1,107833.237,107833.237,108603.137,769.9,769.9,333.3,0.432913,1,p:1.1.3.1.2.2
U3543,142,FUSE1,107844.7001,107844.7001,108831.0001,986.3,986.3,333.3,0.33793,1,p:2.1.4.1.2.2
U3544,142,FUSE2,107867.237,107867.237,108689.137,821.9,821.9,365.7,0.444945,1,p:1.1.1.1.2.2
U3545,142,FUSE2,108007.5001,108007.5001,109006.2001,998.7,998.7,365.7,0.366176,1,p:2.1.5.1.2.2
U3546,142,FUSE2,108023.237,108023.237,109031.737,1008.5,1008.5,365.7,0.362618,1,p:1.1.2.2.2.2
U3547,142,FUSE2,108076.837,108076.837,108941.137,864.3,864.3,365.7,0.423117,1,p:2.1.3.1.2.2
U3548,142,FUSE2,108088.3001,108088.3001,109169.0001,1080.7,1080.7,365.7,0.338392,1,p:1.2.4.1.2.2
U3549,142,FUSE2,108110.837,108110.837,109027.137,916.3,916.3,365.7,0.399105,1,p:2.1.1.1.2.2
U3550,142,FUSE2,108251.1001,108251.1001,109344.2001,1093.1,1093.1,365.7,0.334553,1,p:1.2.5.1.2.2
U3551,142,FUSE2,108328.837,108328.837,109366.737,1037.9,1037.9,365.7,0.352346,1,p:2.1.2.2.2.2
U3552,142,FUSE2,108382.437,108382.437,109279.137,896.7,896.7,365.7,0.407829,1,p:1.1.3.1.2.2
U3553,142,FUSE2,108393.9001,108393.9001,109507.0001,1113.1,1113.1,365.7,0.328542,1,p:2.1.4.1.2.2
U1864,75,FUSE0,108416.437,108416.437,109270.737,854.3,854.3,271.3,0.31757,1,p:1.1.1.2.2.2
U1865,75,FUSE0,108556.7001,108556.7001,109587.8001,1031.1,1031.1,271.3,0.263117,1,p:2.1.5.1.2.2
U1866,75,FUSE0,108634.437,108634.437,109610.337,975.9,975.9,271.3,0.278,1,p:1.1.2.2.2.2
U1867,75,FUSE0,108699.5001,108699.5001,109522.737,823.2369,823.2369,271.3,0.329553,1,p:2.1.3.1.2.2
U1868,75,FUSE0,108720.437,108720.437,109750.6001,1030.1631,1030.1631,271.3,0.263356,1,p:1.2.4.1.2.2
U1869,75,FUSE0,108725.037,108725.037,109514.337,789.3,789.3,271.3,0.343722,1,p:2.1.1.2.2.2
U1870,75,FUSE0,108862.3001,108862.3001,109831.4001,969.1,969.1,271.3,0.27995,1,p:1.1.5.1.2.2
U1871,75,FUSE0,108972.437,108972.437,109853.937,881.5,881.5,271.3,0.307771,1,p:2.1.2.2.2.2
U1872,75,FUSE0,109037.5001,109037.5001,109766.337,728.8369,728.8369,271.3,0.372237,1,p:1.1.3.1.2.2
U1873,75,FUSE0,109058.437,109058.437,109994.2001,935.7631,935.7631,271.3,0.289924,1,p:2.1.4.1.2.2
U1874,75,FUSE1,109063.037,109063.037,109819.937,756.9,756.9,333.3,0.440349,1,p:1.1.1.1.2.2
U1875,75,FUSE1,109200.3001,109200.3001,110137.0001,936.7,936.7,333.3,0.355824,1,p:2.1.5.1.2.2
U1876,75,FUSE1,109302.037,109302.037,110159.537,857.5,857.5,333.3,0.388688,1,p:1.1.2.2.2.2
U1877,75,FUSE1,109310.437,109310.437,110071.937,761.5,761.5,333.3,0.437689,1,p:2.1.3.1.2.2
U1878,75,FUSE1,109375.5001,109375.5001,110299.8001,924.3,924.3,333.3,0.360597,1,p:1.2.4.1.2.2
U1879,75,FUSE1,109398.037,109398.037,110125.537,727.5,727.5,333.3,0.458144,1,p:2.1.1.1.2.2
U1880,75,FUSE1,109538.3001,109538.3001,110442.6001,904.3,904.3,333.3,0.368572,1,p:1.1.5.1.2.2
U1881,75,FUSE1,109545.637,109545.637,110468.137,922.5,922.5,333.3,0.361301,1,p:2.1.2.2.2.2
U1882,75,FUSE1,109554.037,109554.037,110377.537,823.5,823.5,333.3,0.404736,1,p:1.1.3.1.2.2
U1883,75,FUSE2,109619.1001,109619.1001,110637.8001,1018.7,1018.7,365.7,0.358987,1,p:2.1.4.1.2.2
U1884,75,FUSE2,109641.637,109641.637,110463.537,821.9,821.9,365.7,0.444945,1,p:1.2.1.1.2.2
U1885,75,FUSE2,109781.9001,109781.9001,110780.6001,998.7,998.7,365.7,0.366176,1,p:2.1.5.1.2.2
U1886,75,FUSE2,109797.637,109797.637,110806.137,1008.5,1008.5,365.7,0.362618,1,p:1.1.2.2.2.2
U1887,75,FUSE2,109851.237,109851.237,110715.537,864.3,864.3,365.7,0.423117,1,p:2.1.3.1.2.2
U1888,75,FUSE2,109862.7001,109862.7001,110975.8001,1113.1,1113.1,365.7,0.328542,1,p:1.2.4.1.2.2
U1889,75,FUSE2,109885.237,109885.237,110801.537,916.3,916.3,365.7,0.399105,1,p:2.1.1.1.2.2
U1890,75,FUSE2,110025.5001,110025.5001,111118.6001,1093.1,1093.1,365.7,0.334553,1,p:1.2.5.1.2.2
U1891,75,FUSE2,110103.237,110103.237,111141.137,1037.9,1037.9,365.7,0.352346,1,p:2.1.2.2.2.2
U1892,75,FUSE2,110156.837,110156.837,111053.537,896.7,896.7,365.7,0.407829,1,p:1.1.3.1.2.2
U4388,176,FUSE0,110168.3001,110168.3001,111219.4001,1051.1,1051.1,271.3,0.258111,1,p:2.1.4.1.2.2
U4389,176,FUSE0,110190.837,110190.837,111045.137,854.3,854.3,271.3,0.31757,1,p:1.1.1.1.2.2
U4390,176,FUSE0,110331.1001,110331.1001,111362.2001,1031.1,1031.1,271.3,0.263117,1,p:2.1.5.1.2.2
U4391,176,FUSE0,110408.837,110408.837,111463.0001,1054.1631,1054.1631,271.3,0.257361,1,p:1.1.4.1.2.2
U4392,176,FUSE0,110473.9001,110473.9001,111384.737,910.8369,910.8369,271.3,0.297858,1,p:2.1.2.2.2.2
U4393,176,FUSE0,110494.837,110494.837,111297.137,802.3,802.3,271.3,0.338153,1,p:1.2.3.1.2.2
U4394,176,FUSE0,110499.437,110499.437,111288.737,789.3,789.3,271.3,0.343722,1,p:2.1.1.1.2.2
U4395,176,FUSE0,110669.1001,110669.1001,111607.337,938.2369,938.2369,271.3,0.289159,1,p:1.2.5.1.2.2
U4396,176,FUSE1,110746.837,110746.837,111768.6001,1021.7631,1021.7631,333.3,0.326201,1,p:2.1.4.1.2.2
U4397,176,FUSE1,110811.9001,110811.9001,111690.337,878.4369,878.4369,333.3,0.379424,1,p:1.1.2.2.2.2
U4398,176,FUSE1,110832.837,110832.837,111602.737,769.9,769.9,333.3,0.432913,1,p:2.1.3.1.2.2
U4399,176,FUSE1,110837.437,110837.437,111594.337,756.9,756.9,333.3,0.440349,1,p:1.1.1.1.2.2
U4400,176,FUSE1,111007.1001,111007.1001,111912.937,905.8369,905.8369,333.3,0.367947,1,p:2.1.5.1.2.2
U4401,176,FUSE1,111076.437,111076.437,112074.2001,997.7631,997.7631,333.3,0.334047,1,p:1.1.4.1.2.2
U4402,176,FUSE1,111084.837,111084.837,111995.937,911.1,911.1,333.3,0.365822,1,p:2.1.2.2.2.2
U4403,176,FUSE1,111149.9001,111149.9001,111908.337,758.4369,758.4369,333.3,0.439456,1,p:1.2.3.1.2.2
U4404,176,FUSE2,111172.437,111172.437,111932.337,759.9,759.9,365.7,0.481248,1,p:2.1.1.1.2.2
U4405,176,FUSE2,111250.7001,111250.7001,112250.937,1000.2369,1000.2369,365.7,0.365613,1,p:1.2.5.1.2.2
U4406,176,FUSE2,111320.037,111320.037,112412.2001,1092.1631,1092.1631,365.7,0.33484,1,p:2.1.4.1.2.2
U4407,176,FUSE2,111328.437,111328.437,112333.937,1005.5,1005.5,365.7,0.3637,1,p:1.1.2.2.2.2
U4408,176,FUSE2,111393.5001,111393.5001,112246.337,852.8369,852.8369,365.7,0.428804,1,p:2.1.3.1.2.2
U4409,176,FUSE2,111416.037,111416.037,112270.337,854.3,854.3,365.7,0.42807,1,p:1.2.1.1.2.2
U4410,176,FUSE2,111494.3001,111494.3001,112587.4001,1093.1,1093.1,365.7,0.334553,1,p:2.1.5.1.2.2
U4411,176,FUSE2,111625.637,111625.637,112750.2001,1124.5631,1124.5631,365.7,0.325193,1,p:1.1.4.1.2.2
U2297,93,FUSE0,111634.037,111634.037,112577.537,943.5,943.5,271.3,0.287546,1,p:2.1.2.1.2.2
U2298,93,FUSE0,111638.637,111638.637,112489.937,851.3,851.3,271.3,0.318689,1,p:1.1.3.2.2.2
U2299,93,FUSE0,111721.637,111721.637,112513.937,792.3,792.3,271.3,0.342421,1,p:2.1.1.2.2.2
U2300,93,FUSE0,111799.9001,111799.9001,112821.137,1021.2369,1021.2369,271.3,0.265658,1,p:1.2.2.1.2.2
U2301,93,FUSE0,111939.637,111939.637,112831.0001,891.3631,891.3631,271.3,0.304365,1,p:2.1.5.1.2.2
U2302,93,FUSE0,111944.237,111944.237,112733.537,789.3,789.3,271.3,0.343722,1,p:1.1.3.2.2.2
U2303,93,FUSE0,111963.637,111963.637,112993.8001,1030.1631,1030.1631,271.3,0.263356,1,p:2.1.4.1.2.2
U2304,93,FUSE0,112027.237,112027.237,112757.537,730.3,730.3,271.3,0.371491,1,p:1.2.1.2.2.2
U2305,93,FUSE0,112105.5001,112105.5001,113067.737,962.2369,962.2369,271.3,0.281947,1,p:2.1.2.1.2.2
U2306,93,FUSE0,112277.637,112277.637,113074.6001,796.9631,796.9631,271.3,0.340417,1,p:1.1.5.1.2.2
U2307,93,FUSE1,112282.237,112282.237,113039.137,756.9,756.9,333.3,0.440349,1,p:2.1.3.1.2.2
U2308,93,FUSE1,112301.637,112301.637,113299.4001,997.7631,997.7631,333.3,0.334047,1,p:1.1.4.1.2.2
U2309,93,FUSE1,112365.237,112365.237,113063.137,697.9,697.9,333.3,0.477576,1,p:2.1.1.2.2.2
U2310,93,FUSE1,112443.5001,112443.5001,113373.337,929.8369,929.8369,333.3,0.35845,1,p:1.1.2.1.2.2
U2311,93,FUSE1,112521.237,112521.237,113380.2001,858.9631,858.9631,333.3,0.388026,1,p:2.1.5.1.2.2
U2312,93,FUSE1,112545.237,112545.237,113344.737,799.5,799.5,333.3,0.416886,1,p:1.1.3.1.2.2
U2313,93,FUSE1,112608.837,112608.837,113605.0001,996.1631,996.1631,333.3,0.334584,1,p:2.1.4.1.2.2
U2314,93,FUSE1,112618.7001,112618.7001,113368.737,750.0369,750.0369,333.3,0.444378,1,p:1.2.1.2.2.2
U2315,93,FUSE1,112764.837,112764.837,113675.937,911.1,911.1,333.3,0.365822,1,p:2.1.2.1.2.2
U2316,93,FUSE1,112781.5001,112781.5001,113687.337,905.8369,905.8369,333.3,0.367947,1,p:1.1.5.1.2.2
U2317,93,FUSE2,112788.837,112788.837,113682.737,893.9,893.9,365.7,0.409106,1,p:2.1.3.1.2.2
U2318,93,FUSE2,112852.437,112852.437,113943.0001,1090.5631,1090.5631,365.7,0.335331,1,p:1.1.4.1.2.2
U2319,93,FUSE2,112862.3001,112862.3001,113706.737,844.4369,844.4369,365.7,0.43307,1,p:2.1.1.2.2.2
U2320,93,FUSE2,113025.1001,113025.1001,114013.937,988.8369,988.8369,365.7,0.369828,1,p:1.1.2.1.2.2
U2321,93,FUSE2,113070.437,113070.437,114025.337,954.9,954.9,365.7,0.382972,1,p:2.1.5.1.2.2
U2322,93,FUSE2,113094.437,113094.437,114020.737,926.3,926.3,365.7,0.394797,1,p:1.1.3.1.2.2
U2323,93,FUSE2,113099.037,113099.037,114281.0001,1181.9631,1181.9631,365.7,0.309401,1,p:2.1.4.1.2.2
U2324,93,FUSE2,113105.9001,113105.9001,114044.737,938.8369,938.8369,365.7,0.389525,1,p:1.1.1.2.2.2
U2325,93,FUSE2,113330.7001,113330.7001,114351.937,1021.2369,1021.2369,365.7,0.358095,1,p:2.1.2.1.2.2
U969,39,FUSE0,113376.037,113376.037,114268.937,892.9,892.9,271.3,0.303841,1,p:1.1.5.1.2.2
U970,39,FUSE0,113400.037,113400.037,114264.337,864.3,864.3,271.3,0.313896,1,p:2.1.3.1.2.2
U971,39,FUSE0,113404.637,113404.637,114524.6001,1119.9631,1119.9631,271.3,0.24224,1,p:1.1.4.1.2.2
U972,39,FUSE0,113411.5001,113411.5001,114288.337,876.8369,876.8369,271.3,0.309408,1,p:2.1.1.2.2.2
U973,39,FUSE0,113636.3001,113636.3001,114512.537,876.2369,876.2369,271.3,0.309619,1,p:1.1.5.1.2.2
U974,39,FUSE0,113707.237,113707.237,114598.537,891.3,891.3,271.3,0.304387,1,p:2.1.2.1.2.2
U975,39,FUSE0,113714.037,113714.037,114507.937,793.9,793.9,271.3,0.341731,1,p:1.1.3.1.2.2
U976,39,FUSE0,113718.637,113718.637,114768.2001,1049.5631,1049.5631,271.3,0.258489,1,p:2.1.4.1.2.2
U977,39,FUSE1,113738.037,113738.037,114593.937,855.9,855.9,333.3,0.389415,1,p:1.1.1.1.2.2
U978,39,FUSE1,113974.3001,113974.3001,114818.137,843.8369,843.8369,333.3,0.394982,1,p:2.1.5.1.2.2
U979,39,FUSE1,114045.237,114045.237,114904.137,858.9,858.9,333.3,0.388054,1,p:1.1.2.1.2.2
U980,39,FUSE1,114052.037,114052.037,114813.537,761.5,761.5,333.3,0.437689,1,p:2.1.3.1.2.2
U981,39,FUSE1,114056.637,114056.637,115073.8001,1017.1631,1017.1631,333.3,0.327676,1,p:1.1.4.1.2.2
U982,39,FUSE1,114076.037,114076.037,114899.537,823.5,823.5,333.3,0.404736,1,p:2.1.1.1.2.2
U983,39,FUSE1,114295.637,114295.637,115122.2001,826.5631,826.5631,333.3,0.403236,1,p:1.1.5.1.2.2
U984,39,FUSE1,114300.237,114300.237,115206.737,906.5,906.5,333.3,0.367678,1,p:2.1.2.1.2.2
U985,39,FUSE2,114312.3001,114312.3001,115151.537,839.2369,839.2369,365.7,0.435753,1,p:1.1.3.1.2.2
U986,39,FUSE2,114319.637,114319.637,115411.8001,1092.1631,1092.1631,365.7,0.33484,1,p:2.1.4.1.2.2
U987,39,FUSE2,114383.237,114383.237,115237.537,854.3,854.3,365.7,0.42807,1,p:1.1.1.1.2.2
U988,39,FUSE2,114539.237,114539.237,115460.2001,920.9631,920.9631,365.7,0.397084,1,p:2.1.5.1.2.2
U989,39,FUSE2,114543.837,114543.837,115544.737,1000.9,1000.9,365.7,0.365371,1,p:1.1.2.1.2.2
U990,39,FUSE2,114555.9001,114555.9001,115489.537,933.6369,933.6369,365.7,0.391694,1,p:2.1.3.1.2.2
U991,39,FUSE2,114625.237,114625.237,115749.8001,1124.5631,1124.5631,365.7,0.325193,1,p:1.1.4.1.2.2
U6029,241,FUSE0,114629.837,114629.837,115481.137,851.3,851.3,271.3,0.318689,1,p:2.1.1.1.2.2
U6030,241,FUSE0,114799.5001,114799.5001,115703.8001,904.3,904.3,271.3,0.300011,1,p:1.2.5.1.2.2
U6031,241,FUSE0,114844.837,114844.837,115788.337,943.5,943.5,271.3,0.287546,1,p:2.1.2.1.2.2
U6032,241,FUSE0,114849.437,114849.437,115733.137,883.7,883.7,271.3,0.307005,1,p:1.1.3.1.2.2
U6033,241,FUSE0,114930.837,114930.837,115724.737,793.9,793.9,271.3,0.341731,1,p:2.1.1.1.2.2
U6034,241,FUSE0,114935.437,114935.437,115993.4001,1057.9631,1057.9631,271.3,0.256436,1,p:1.1.4.1.2.2
U6035,241,FUSE0,115105.1001,115105.1001,115947.4001,842.3,842.3,271.3,0.322094,1,p:2.1.5.1.2.2
U6036,241,FUSE1,115153.5001,115153.5001,116093.937,940.4369,940.4369,333.3,0.35441,1,p:1.1.2.1.2.2
U6037,241,FUSE1,115182.837,115182.837,116038.737,855.9,855.9,333.3,0.389415,1,p:2.1.3.1.2.2
U6038,241,FUSE1,115238.037,115238.037,116030.337,792.3,792.3,333.3,0.420674,1,p:1.1.1.1.2.2
U6039,241,FUSE1,115268.837,115268.837,116299.0001,1030.1631,1030.1631,333.3,0.323541,1,p:2.1.4.1.2.2
U6040,241,FUSE1,115443.1001,115443.1001,116263.4001,820.3,820.3,333.3,0.406315,1,p:1.2.5.1.2.2
U6041,241,FUSE1,115491.5001,115491.5001,116399.537,908.0369,908.0369,333.3,0.367056,1,p:2.1.2.1.2.2
U6042,241,FUSE1,115512.437,115512.437,116344.337,831.9,831.9,333.3,0.400649,1,p:1.1.3.1.2.2
U6043,241,FUSE1,115520.837,115520.837,116335.937,815.1,815.1,333.3,0.408907,1,p:2.1.1.1.2.2
U6044,241,FUSE2,115576.037,115576.037,116637.0001,1060.9631,1060.9631,365.7,0.344687,1,p:1.2.4.1.2.2
U6045,241,FUSE2,115735.1001,115735.1001,116601.4001,866.3,866.3,365.7,0.42214,1,p:2.1.5.1.2.2
U6046,241,FUSE2,115756.037,115756.037,116737.537,981.5,981.5,365.7,0.372593,1,p:1.1.2.1.2.2
U6047,241,FUSE2,115764.437,115764.437,116682.337,917.9,917.9,365.7,0.398409,1,p:2.1.3.1.2.2
U6048,241,FUSE2,115781.1001,115781.1001,116673.937,892.8369,892.8369,365.7,0.409593,1,p:1.1.1.1.2.2
U6049,241,FUSE2,115819.637,115819.637,116975.0001,1155.3631,1155.3631,365.7,0.316524,1,p:2.1.4.1.2.2
U6050,241,FUSE2,115978.7001,115978.7001,116939.4001,960.7,960.7,365.7,0.38066,1,p:1.1.5.1.2.2
U6051,241,FUSE2,116024.7001,116024.7001,117075.537,1050.8369,1050.8369,365.7,0.348008,1,p:2.1.2.1.2.2
U6282,251,FUSE0,116061.637,116061.637,116925.937,864.3,864.3,271.3,0.313896,1,p:1.1.3.1.2.2
U6283,251,FUSE0,116070.037,116070.037,116917.537,847.5,847.5,271.3,0.320118,1,p:2.1.1.1.2.2
U6284,251,FUSE0,116125.237,116125.237,117218.6001,1093.3631,1093.3631,271.3,0.248133,1,p:1.2.4.1.2.2
U6285,251,FUSE0,116294.7001,116294.7001,117183.0001,888.3,888.3,271.3,0.305415,1,p:2.1.5.1.2.2
U6286,251,FUSE0,116330.3001,116330.3001,117169.537,839.2369,839.2369,271.3,0.32327,1,p:1.1.3.1.2.2
U6287,251,FUSE0,116367.237,116367.237,117161.137,793.9,793.9,271.3,0.341731,1,p:2.1.1.1.2.2
U6288,251,FUSE0,116375.637,116375.637,117319.137,943.5,943.5,271.3,0.287546,1,p:1.1.2.1.2.2
U6289,251,FUSE1,116430.837,116430.837,117524.2001,1093.3631,1093.3631,333.3,0.304839,1,p:2.1.4.1.2.2
U6290,251,FUSE1,116632.7001,116632.7001,117488.6001,855.9,855.9,333.3,0.389415,1,p:1.1.5.1.2.2
U6291,251,FUSE1,116668.3001,116668.3001,117475.137,806.8369,806.8369,333.3,0.413095,1,p:2.1.3.1.2.2
U6292,251,FUSE1,116705.237,116705.237,117466.737,761.5,761.5,333.3,0.437689,1,p:1.1.1.1.2.2
U6293,251,FUSE1,116713.637,116713.637,117624.737,911.1,911.1,333.3,0.365822,1,p:2.1.2.1.2.2
U6294,251,FUSE1,116768.837,116768.837,117829.8001,1060.9631,1060.9631,333.3,0.314149,1,p:1.2.4.1.2.2
U6295,251,FUSE1,116948.837,116948.837,117794.2001,845.3631,845.3631,333.3,0.394268,1,p:2.1.5.1.2.2
U6296,251,FUSE1,116957.237,116957.237,117780.737,823.5,823.5,333.3,0.404736,1,p:1.1.3.1.2.2
U6297,251,FUSE2,116970.7001,116970.7001,117804.737,834.0369,834.0369,365.7,0.43847,1,p:2.1.1.1.2.2
U6298,251,FUSE2,117006.3001,117006.3001,117962.737,956.4369,956.4369,365.7,0.382357,1,p:1.2.2.1.2.2
U6299,251,FUSE2,117106.837,117106.837,118167.8001,1060.9631,1060.9631,365.7,0.344687,1,p:2.1.4.1.2.2
U6300,251,FUSE2,117192.437,117192.437,118132.2001,939.7631,939.7631,365.7,0.389141,1,p:1.1.5.1.2.2
U6301,251,FUSE2,117200.837,117200.837,118118.737,917.9,917.9,365.7,0.398409,1,p:2.1.3.1.2.2
U6302,251,FUSE2,117214.3001,117214.3001,118142.737,928.4369,928.4369,365.7,0.393888,1,p:1.1.1.1.2.2
U6303,251,FUSE2,117249.9001,117249.9001,118505.8001,1255.9,1255.9,365.7,0.291186,1,p:2.1.4.1.2.2
U6304,251,FUSE2,117350.437,117350.437,118300.737,950.3,950.3,365.7,0.384826,1,p:1.1.2.1.2.2
U7950,318,FUSE0,117498.037,117498.037,118375.8001,877.7631,877.7631,271.3,0.309081,1,p:2.1.5.1.2.2
U7951,318,FUSE0,117506.437,117506.437,118362.337,855.9,855.9,271.3,0.316976,1,p:1.1.3.1.2.2
U7952,318,FUSE0,117519.9001,117519.9001,118386.337,866.4369,866.4369,271.3,0.313121,1,p:2.1.1.1.2.2
U7953,318,FUSE0,117555.5001,117555.5001,118544.337,988.8369,988.8369,271.3,0.274363,1,p:1.2.2.1.2.2
U7954,318,FUSE0,117656.037,117656.037,118619.4001,963.3631,963.3631,271.3,0.281618,1,p:2.1.5.1.2.2
U7955,318,FUSE0,117812.037,117812.037,118749.4001,937.3631,937.3631,271.3,0.289429,1,p:1.1.4.1.2.2
U7956,318,FUSE0,117825.5001,117825.5001,118605.937,780.4369,780.4369,271.3,0.347626,1,p:2.1.3.1.2.2
U7957,318,FUSE0,117836.037,117836.037,118629.937,793.9,793.9,271.3,0.341731,1,p:1.1.1.1.2.2
U7958,318,FUSE1,117861.1001,117861.1001,118849.937,988.8369,988.8369,333.3,0.337063,1,p:2.1.2.1.2.2
U7959,318,FUSE1,117994.037,117994.037,118925.0001,930.9631,930.9631,333.3,0.358016,1,p:1.1.5.1.2.2
U7960,318,FUSE1,118150.037,118150.037,119055.0001,904.9631,904.9631,333.3,0.368302,1,p:2.1.4.1.2.2
U7961,318,FUSE1,118163.5001,118163.5001,118911.537,748.0369,748.0369,333.3,0.445566,1,p:1.1.3.1.2.2
U7962,318,FUSE1,118174.037,118174.037,118935.537,761.5,761.5,333.3,0.437689,1,p:2.1.1.1.2.2
U7963,318,FUSE1,118199.1001,118199.1001,119155.537,956.4369,956.4369,333.3,0.348481,1,p:1.1.2.1.2.2
U7964,318,FUSE1,118332.037,118332.037,119230.6001,898.5631,898.5631,333.3,0.370926,1,p:2.1.5.1.2.2
U7965,318,FUSE1,118393.637,118393.637,119360.6001,966.9631,966.9631,333.3,0.344687,1,p:1.1.4.1.2.2
U7966,318,FUSE2,118407.1001,118407.1001,119249.537,842.4369,842.4369,365.7,0.434098,1,p:2.1.3.1.2.2
U7967,318,FUSE2,118417.637,118417.637,119273.537,855.9,855.9,365.7,0.42727,1,p:1.1.1.1.2.2
U7968,318,FUSE2,118537.1001,118537.1001,119493.537,956.4369,956.4369,365.7,0.382357,1,p:2.1.2.1.2.2
U7969,318,FUSE2,118575.637,118575.637,119568.6001,992.9631,992.9631,365.7,0.368292,1,p:1.1.5.1.2.2
U7970,318,FUSE2,118637.237,118637.237,119698.6001,1061.3631,1061.3631,365.7,0.344557,1,p:2.1.4.1.2.2
U7971,318,FUSE2,118650.7001,118650.7001,119587.537,936.8369,936.8369,365.7,0.390356,1,p:1.1.3.1.2.2
U7972,318,FUSE2,118661.237,118661.237,119611.537,950.3,950.3,365.7,0.384826,1,p:2.1.1.1.2.2
U7973,318,FUSE2,118780.7001,118780.7001,119835.737,1055.0369,1055.0369,365.7,0.346623,1,p:1.1.2.2.2.2
U3252,131,FUSE0,118881.237,118881.237,119812.2001,930.9631,930.9631,271.3,0.291419,1,p:2.1.5.1.2.2
U3253,131,FUSE0,118942.837,118942.837,119942.2001,999.3631,999.3631,271.3,0.271473,1,p:1.1.4.1.2.2
U3254,131,FUSE0,118956.3001,118956.3001,119831.137,874.8369,874.8369,271.3,0.310115,1,p:2.1.3.1.2.2
U3255,131,FUSE0,118966.837,118966.837,119855.137,888.3,888.3,271.3,0.305415,1,p:1.1.1.1.2.2
U3256,131,FUSE0,119086.3001,119086.3001,120055.8001,969.5,969.5,271.3,0.279835,1,p:2.1.5.1.2.2
U3257,131,FUSE0,119186.837,119186.837,120079.337,892.5,892.5,271.3,0.303978,1,p:1.1.2.2.2.2
U3258,131,FUSE0,119261.9001,119261.9001,120185.8001,923.9,923.9,271.3,0.293646,1,p:2.1.4.1.2.2
U3259,131,FUSE0,119280.837,119280.837,120074.737,793.9,793.9,271.3,0.341731,1,p:1.1.3.1.2.2
U3260,131,FUSE0,119304.837,119304.837,120098.737,793.9,793.9,271.3,0.341731,1,p:2.1.1.1.2.2
U3261,131,FUSE1,119391.9001,119391.9001,120361.4001,969.5,969.5,333.3,0.343785,1,p:1.1.5.1.2.2
U3262,131,FUSE1,119524.837,119524.837,120384.937,860.1,860.1,333.3,0.387513,1,p:2.1.2.2.2.2
U3263,131,FUSE1,119599.9001,119599.9001,120491.4001,891.5,891.5,333.3,0.373864,1,p:1.1.4.1.2.2
U3264,131,FUSE1,119618.837,119618.837,120380.337,761.5,761.5,333.3,0.437689,1,p:2.1.3.1.2.2
U3265,131,FUSE1,119642.837,119642.837,120404.337,761.5,761.5,333.3,0.437689,1,p:1.1.1.1.2.2
U3266,131,FUSE1,119729.9001,119729.9001,120667.0001,937.1,937.1,333.3,0.355672,1,p:2.1.5.1.2.2
U3267,131,FUSE1,119843.5001,119843.5001,120690.537,847.0369,847.0369,333.3,0.393489,1,p:1.1.2.2.2.2
U3268,131,FUSE1,119862.437,119862.437,120797.0001,934.5631,934.5631,333.3,0.356637,1,p:2.1.4.1.2.2
U3269,131,FUSE1,119867.037,119867.037,120685.937,818.9,818.9,333.3,0.407009,1,p:1.1.3.1.2.2
U3270,131,FUSE2,119886.437,119886.437,120742.337,855.9,855.9,365.7,0.42727,1,p:2.1.1.1.2.2
U3271,131,FUSE2,119973.5001,119973.5001,121005.0001,1031.5,1031.5,365.7,0.354532,1,p:1.1.5.1.2.2
U3272,131,FUSE2,120087.1001,120087.1001,121028.537,941.4369,941.4369,365.7,0.388449,1,p:2.1.2.2.2.2
U3273,131,FUSE2,120106.037,120106.037,121135.0001,1028.9631,1028.9631,365.7,0.355406,1,p:1.1.4.1.2.2
U3274,131,FUSE2,120110.637,120110.637,121023.937,913.3,913.3,365.7,0.400416,1,p:2.1.3.1.2.2
U3275,131,FUSE2,120130.037,120130.037,121080.337,950.3,950.3,365.7,0.384826,1,p:1.1.1.1.2.2
U3276,131,FUSE2,120217.1001,120217.1001,121343.0001,1125.9,1125.9,365.7,0.324807,1,p:2.1.5.1.2.2
U3277,131,FUSE2,120392.7001,120392.7001,121362.337,969.6369,969.6369,365.7,0.377151,1,p:1.1.2.2.2.2
U2272,92,FUSE0,120411.637,120411.637,121378.6001,966.9631,966.9631,271.3,0.280569,1,p:2.1.4.1.2.2
U2273,92,FUSE0,120416.237,120416.237,121267.537,851.3,851.3,271.3,0.318689,1,p:1.1.3.1.2.2
U2274,92,FUSE0,120435.637,120435.637,121323.937,888.3,888.3,271.3,0.305415,1,p:2.1.1.1.2.2
U2275,92,FUSE0,120522.7001,120522.7001,121622.2001,1099.5,1099.5,271.3,0.246749,1,p:1.1.4.1.2.2
U2276,92,FUSE0,120698.3001,120698.3001,121586.6001,888.3,888.3,271.3,0.305415,1,p:2.1.5.1.2.2
U2277,92,FUSE0,120717.237,120717.237,121605.937,888.7,888.7,271.3,0.305277,1,p:1.1.2.2.2.2
U2278,92,FUSE0,120721.837,120721.837,121511.137,789.3,789.3,271.3,0.343722,1,p:2.1.3.1.2.2
U2279,92,FUSE0,120773.637,120773.637,121567.537,793.9,793.9,271.3,0.341731,1,p:1.1.1.1.2.2
U2280,92,FUSE1,120828.3001,120828.3001,121927.8001,1099.5,1099.5,333.3,0.303138,1,p:2.1.4.1.2.2
U2281,92,FUSE1,121036.3001,121036.3001,121892.2001,855.9,855.9,333.3,0.389415,1,p:1.1.5.1.2.2
U2282,92,FUSE1,121055.237,121055.237,121911.537,856.3,856.3,333.3,0.389233,1,p:2.1.2.2.2.2
U2283,92,FUSE1,121059.837,121059.837,121816.737,756.9,756.9,333.3,0.440349,1,p:1.1.3.1.2.2
U2284,92,FUSE1,121111.637,121111.637,121873.137,761.5,761.5,333.3,0.437689,1,p:2.1.1.1.2.2
U2285,92,FUSE1,121166.3001,121166.3001,122233.4001,1067.1,1067.1,333.3,0.312342,1,p:1.1.4.1.2.2
U2286,92,FUSE1,121298.837,121298.837,122197.8001,898.9631,898.9631,333.3,0.37076,1,p:2.1.5.1.2.2
U2287,92,FUSE1,121355.237,121355.237,122217.137,861.9,861.9,333.3,0.386704,1,p:1.1.2.2.2.2
U2288,92,FUSE1,121374.3001,121374.3001,122122.337,748.0369,748.0369,333.3,0.445566,1,p:2.1.3.1.2.2
U2289,92,FUSE2,121393.637,121393.637,122211.137,817.5,817.5,365.7,0.447339,1,p:1.2.1.1.2.2
U2290,92,FUSE2,121409.9001,121409.9001,122571.4001,1161.5,1161.5,365.7,0.314851,1,p:2.1.4.1.2.2
U2291,92,FUSE2,121542.437,121542.437,122535.8001,993.3631,993.3631,365.7,0.368143,1,p:1.1.5.1.2.2
U2292,92,FUSE2,121598.837,121598.837,122555.137,956.3,956.3,365.7,0.382411,1,p:2.1.2.2.2.2
U2293,92,FUSE2,121617.9001,121617.9001,122460.337,842.4369,842.4369,365.7,0.434098,1,p:1.1.3.1.2.2
U2294,92,FUSE2,121637.237,121637.237,122549.137,911.9,911.9,365.7,0.401031,1,p:2.1.1.1.2.2
U2295,92,FUSE2,121653.5001,121653.5001,122909.4001,1255.9,1255.9,365.7,0.291186,1,p:1.1.4.1.2.2
U2296,92,FUSE2,121848.037,121848.037,122873.8001,1025.7631,1025.7631,365.7,0.356515,1,p:2.1.5.1.2.2
U5151,206,FUSE0,121904.437,121904.437,122798.737,894.3,894.3,271.3,0.303366,1,p:1.1.2.1.2.2
U5152,206,FUSE0,121923.5001,121923.5001,122703.937,780.4369,780.4369,271.3,0.347626,1,p:2.1.3.1.2.2
U5153,206,FUSE0,121942.837,121942.837,122792.737,849.9,849.9,271.3,0.319214,1,p:1.2.1.1.2.2
U5154,206,FUSE0,121959.1001,121959.1001,123042.337,1083.2369,1083.2369,271.3,0.250453,1,p:2.1.2.1.2.2
U5155,206,FUSE0,122153.637,122153.637,122947.537,793.9,793.9,271.3,0.341731,1,p:1.1.3.1.2.2
U5156,206,FUSE0,122229.1001,122229.1001,123153.0001,923.9,923.9,271.3,0.293646,1,p:2.1.4.1.2.2
U5157,206,FUSE0,122242.437,122242.437,123117.4001,874.9631,874.9631,271.3,0.31007,1,p:1.1.5.1.2.2
U5158,206,FUSE0,122248.437,122248.437,123036.337,787.9,787.9,271.3,0.344333,1,p:2.1.1.1.2.2
U5159,206,FUSE1,122264.7001,122264.7001,123347.937,1083.2369,1083.2369,333.3,0.307689,1,p:1.1.2.1.2.2
U5160,206,FUSE1,122491.637,122491.637,123253.137,761.5,761.5,333.3,0.437689,1,p:2.1.3.1.2.2
U5161,206,FUSE1,122567.1001,122567.1001,123458.6001,891.5,891.5,333.3,0.373864,1,p:1.1.4.1.2.2
U5162,206,FUSE1,122580.437,122580.437,123423.0001,842.5631,842.5631,333.3,0.395579,1,p:2.1.5.1.2.2
U5163,206,FUSE1,122586.437,122586.437,123341.937,755.5,755.5,333.3,0.441165,1,p:1.2.1.1.2.2
U5164,206,FUSE1,122602.7001,122602.7001,123653.537,1050.8369,1050.8369,333.3,0.317176,1,p:2.1.2.1.2.2
U5165,206,FUSE1,122735.237,122735.237,123558.737,823.5,823.5,333.3,0.404736,1,p:1.1.3.1.2.2
U5166,206,FUSE1,122824.037,122824.037,123765.6001,941.5631,941.5631,333.3,0.353986,1,p:2.1.4.1.2.2
U5167,206,FUSE2,122830.037,122830.037,123761.0001,930.9631,930.9631,365.7,0.392819,1,p:1.1.5.1.2.2
U5168,206,FUSE2,122905.1001,122905.1001,123679.937,774.8369,774.8369,365.7,0.47197,1,p:2.1.1.1.2.2
U5169,206,FUSE2,122940.7001,122940.7001,123991.537,1050.8369,1050.8369,365.7,0.348008,1,p:1.2.2.1.2.2
U5170,206,FUSE2,122978.837,122978.837,123896.737,917.9,917.9,365.7,0.398409,1,p:2.1.3.1.2.2
U5171,206,FUSE2,123067.637,123067.637,124103.6001,1035.9631,1035.9631,365.7,0.353005,1,p:1.1.4.1.2.2
U5172,206,FUSE2,123073.637,123073.637,124099.0001,1025.3631,1025.3631,365.7,0.356654,1,p:2.1.5.1.2.2
U5173,206,FUSE2,123148.7001,123148.7001,124017.937,869.2369,869.2369,365.7,0.420714,1,p:1.1.1.1.2.2
U4760,190,FUSE0,123184.3001,123184.3001,124235.137,1050.8369,1050.8369,271.3,0.258175,1,p:2.1.2.1.2.2
U4761,190,FUSE0,123284.437,123284.437,124140.337,855.9,855.9,271.3,0.316976,1,p:1.1.3.1.2.2
U4762,190,FUSE0,123373.237,123373.237,124347.2001,973.9631,973.9631,271.3,0.278553,1,p:2.1.4.1.2.2
U4763,190,FUSE0,123379.237,123379.237,124342.6001,963.3631,963.3631,271.3,0.281618,1,p:1.1.5.1.2.2
U4764,190,FUSE0,123454.3001,123454.3001,124261.537,807.2369,807.2369,271.3,0.336085,1,p:2.1.1.1.2.2
U4765,190,FUSE0,123489.9001,123489.9001,124478.737,988.8369,988.8369,271.3,0.274363,1,p:1.2.2.1.2.2
U4766,190,FUSE0,123590.037,123590.037,124383.937,793.9,793.9,271.3,0.341731,1,p:2.1.3.1.2.2
U4767,190,FUSE1,123684.837,123684.837,124652.8001,967.9631,967.9631,333.3,0.344331,1,p:1.1.4.1.2.2
U4768,190,FUSE1,123711.237,123711.237,124648.2001,936.9631,936.9631,333.3,0.355724,1,p:2.1.5.1.2.2
U4769,190,FUSE1,123792.3001,123792.3001,124567.137,774.8369,774.8369,333.3,0.430155,1,p:1.1.1.1.2.2
U4770,190,FUSE1,123796.9001,123796.9001,124784.337,987.4369,987.4369,333.3,0.337541,1,p:2.1.2.1.2.2
U4771,190,FUSE1,123928.037,123928.037,124689.537,761.5,761.5,333.3,0.437689,1,p:1.1.3.1.2.2
U4772,190,FUSE1,124022.837,124022.837,124958.4001,935.5631,935.5631,333.3,0.356256,1,p:2.1.4.1.2.2
U4773,190,FUSE1,124049.237,124049.237,124953.8001,904.5631,904.5631,333.3,0.368465,1,p:1.1.5.1.2.2
U4774,190,FUSE2,124130.3001,124130.3001,124905.137,774.8369,774.8369,365.7,0.47197,1,p:2.1.1.1.2.2
U4775,190,FUSE2,124134.9001,124134.9001,125122.337,987.4369,987.4369,365.7,0.370353,1,p:1.2.2.1.2.2
U4776,190,FUSE2,124171.637,124171.637,125027.537,855.9,855.9,365.7,0.42727,1,p:2.1.3.1.2.2
U4777,190,FUSE2,124266.437,124266.437,125296.4001,1029.9631,1029.9631,365.7,0.355061,1,p:1.1.4.1.2.2
U4778,190,FUSE2,124292.837,124292.837,125291.8001,998.9631,998.9631,365.7,0.36608,1,p:2.1.5.1.2.2
U4779,190,FUSE2,124373.9001,124373.9001,125243.137,869.2369,869.2369,365.7,0.420714,1,p:1.1.1.1.2.2
U4780,190,FUSE2,124378.5001,124378.5001,125460.337,1081.8369,1081.8369,365.7,0.338036,1,p:2.1.2.2.2.2
U4781,190,FUSE2,124415.237,124415.237,125365.537,950.3,950.3,365.7,0.384826,1,p:1.1.3.1.2.2
U1195,48,FUSE0,124510.037,124510.037,125540.0001,1029.9631,1029.9631,271.3,0.263407,1,p:2.1.4.1.2.2
U1196,48,FUSE0,124598.437,124598.437,125535.4001,936.9631,936.9631,271.3,0.289552,1,p:1.1.5.1.2.2
U1197,48,FUSE0,124679.5001,124679.5001,125486.737,807.2369,807.2369,271.3,0.336085,1,p:2.1.1.1.2.2
U1198,48,FUSE0,124684.1001,124684.1001,125783.6001,1099.5,1099.5,271.3,0.246749,1,p:1.2.4.1.2.2
U1199,48,FUSE0,124720.837,124720.837,125703.937,983.1,983.1,271.3,0.275964,1,p:2.1.2.2.2.2
U1200,48,FUSE0,124815.637,124815.637,125609.137,793.5,793.5,271.3,0.341903,1,p:1.1.3.1.2.2
U1201,48,FUSE0,124936.437,124936.437,125779.0001,842.5631,842.5631,271.3,0.321994,1,p:2.1.5.1.2.2
U1202,48,FUSE0,124985.1001,124985.1001,125730.337,745.2369,745.2369,271.3,0.364045,1,p:1.1.1.1.2.2
U1203,48,FUSE1,124989.7001,124989.7001,126089.2001,1099.5,1099.5,333.3,0.303138,1,p:2.1.4.1.2.2
U1204,48,FUSE1,125058.837,125058.837,126009.537,950.7,950.7,333.3,0.350584,1,p:1.1.2.2.2.2
U1205,48,FUSE1,125153.637,125153.637,125914.737,761.1,761.1,333.3,0.437919,1,p:2.1.3.1.2.2
U1206,48,FUSE1,125274.437,125274.437,126084.6001,810.1631,810.1631,333.3,0.411399,1,p:1.1.5.1.2.2
U1207,48,FUSE1,125323.1001,125323.1001,126035.937,712.8369,712.8369,333.3,0.467568,1,p:2.1.1.1.2.2
U1208,48,FUSE1,125327.7001,125327.7001,126393.4001,1065.7,1065.7,333.3,0.312752,1,p:1.1.4.1.2.2
U1209,48,FUSE1,125396.837,125396.837,126315.137,918.3,918.3,333.3,0.362953,1,p:2.1.2.2.2.2
U1210,48,FUSE1,125491.637,125491.637,126220.337,728.7,728.7,333.3,0.45739,1,p:1.1.3.1.2.2
U1211,48,FUSE2,125518.037,125518.037,126422.6001,904.5631,904.5631,365.7,0.404284,1,p:2.1.5.1.2.2
U1212,48,FUSE2,125566.7001,125566.7001,126373.937,807.2369,807.2369,365.7,0.453027,1,p:1.1.1.1.2.2
U1213,48,FUSE2,125571.3001,125571.3001,126731.4001,1160.1,1160.1,365.7,0.315231,1,p:2.1.4.1.2.2
U1214,48,FUSE2,125640.437,125640.437,126653.137,1012.7,1012.7,365.7,0.361114,1,p:1.1.2.2.2.2
U1215,48,FUSE2,125735.237,125735.237,126558.337,823.1,823.1,365.7,0.444296,1,p:2.1.3.1.2.2
U1216,48,FUSE2,125761.637,125761.637,126760.6001,998.9631,998.9631,365.7,0.36608,1,p:1.2.5.1.2.2
U1217,48,FUSE2,125810.3001,125810.3001,126711.937,901.6369,901.6369,365.7,0.405596,1,p:2.1.1.1.2.2
U1218,48,FUSE2,125814.9001,125814.9001,127069.4001,1254.5,1254.5,365.7,0.291511,1,p:1.1.4.1.2.2
U1219,48,FUSE2,125946.037,125946.037,126991.137,1045.1,1045.1,365.7,0.349919,1,p:2.1.2.2.2.2
U8019,321,FUSE0,126040.837,126040.837,126801.937,761.1,761.1,271.3,0.356458,1,p:1.1.3.1.2.2
U8020,321,FUSE0,126067.237,126067.237,127004.2001,936.9631,936.9631,271.3,0.289552,1,p:2.1.5.1.2.2
U8021,321,FUSE0,126115.9001,126115.9001,126955.537,839.6369,839.6369,271.3,0.323116,1,p:1.1.1.1.2.2
U8022,321,FUSE0,126120.5001,126120.5001,127045.537,925.0369,925.0369,271.3,0.293286,1,p:2.1.3.1.2.2
U8023,321,FUSE0,126251.637,126251.637,127313.0001,1061.3631,1061.3631,271.3,0.255615,1,p:1.1.4.1.2.2
U8024,321,FUSE0,126346.437,126346.437,127247.8001,901.3631,901.3631,271.3,0.300989,1,p:2.1.5.1.2.2
U8025,321,FUSE0,126405.237,126405.237,127234.737,829.5,829.5,271.3,0.327064,1,p:1.2.2.2.2.2
U8026,321,FUSE0,126424.7001,126424.7001,127199.137,774.4369,774.4369,271.3,0.350319,1,p:2.1.1.1.2.2
U8027,321,FUSE1,126453.9001,126453.9001,127351.137,897.2369,897.2369,333.3,0.371474,1,p:1.1.3.1.2.2
U8028,321,FUSE1,126589.637,126589.637,127618.6001,1028.9631,1028.9631,333.3,0.323918,1,p:2.1.4.1.2.2
U8029,321,FUSE1,126684.437,126684.437,127553.4001,868.9631,868.9631,333.3,0.383561,1,p:1.1.5.1.2.2
U8030,321,FUSE1,126743.237,126743.237,127540.337,797.1,797.1,333.3,0.418141,1,p:2.1.2.2.2.2
U8031,321,FUSE1,126762.7001,126762.7001,127504.737,742.0369,742.0369,333.3,0.449169,1,p:1.1.1.1.2.2
U8032,321,FUSE1,126791.9001,126791.9001,127656.737,864.8369,864.8369,333.3,0.385391,1,p:2.1.3.1.2.2
U8033,321,FUSE1,126833.237,126833.237,127924.2001,1090.9631,1090.9631,333.3,0.30551,1,p:1.1.4.1.2.2
U8034,321,FUSE1,126986.837,126986.837,127859.0001,872.1631,872.1631,333.3,0.382153,1,p:2.1.5.1.2.2
U8035,321,FUSE2,127022.437,127022.437,127878.337,855.9,855.9,365.7,0.42727,1,p:1.1.2.2.2.2
U8036,321,FUSE2,127035.5001,127035.5001,127842.737,807.2369,807.2369,365.7,0.453027,1,p:2.1.1.1.2.2
U8037,321,FUSE2,127076.837,127076.837,127994.737,917.9,917.9,365.7,0.398409,1,p:1.1.3.1.2.2
U8038,321,FUSE2,127100.7001,127100.7001,128262.2001,1161.5,1161.5,365.7,0.314851,1,p:2.1.4.1.2.2
U8039,321,FUSE2,127230.437,127230.437,128197.0001,966.5631,966.5631,365.7,0.378351,1,p:1.1.5.1.2.2
U8040,321,FUSE2,127266.037,127266.037,128216.337,950.3,950.3,365.7,0.384826,1,p:2.1.2.2.2.2
U8041,321,FUSE2,127279.1001,127279.1001,128180.737,901.6369,901.6369,365.7,0.405596,1,p:1.1.1.1.2.2
U8042,321,FUSE2,127344.3001,127344.3001,128332.737,988.4369,988.4369,365.7,0.369978,1,p:2.1.3.2.2.2
U384,16,FUSE0,127382.437,127382.437,128505.8001,1123.3631,1123.3631,271.3,0.241507,1,p:1.1.4.1.2.2
U385,16,FUSE0,127536.037,127536.037,128440.6001,904.5631,904.5631,271.3,0.299924,1,p:2.1.5.1.2.2
U386,16,FUSE0,127571.637,127571.637,128459.937,888.3,888.3,271.3,0.305415,1,p:1.1.2.2.2.2
U387,16,FUSE0,127584.7001,127584.7001,128424.337,839.6369,839.6369,271.3,0.323116,1,p:2.1.1.1.2.2
U388,16,FUSE0,127649.9001,127649.9001,128749.4001,1099.5,1099.5,271.3,0.246749,1,p:1.1.4.1.2.2
U389,16,FUSE0,127688.037,127688.037,128684.2001,996.1631,996.1631,271.3,0.272345,1,p:2.1.5.1.2.2
U390,16,FUSE0,127874.037,127874.037,128576.337,702.3,702.3,271.3,0.386302,1,p:1.1.3.2.2.2
U391,16,FUSE0,127890.3001,127890.3001,128703.537,813.2369,813.2369,271.3,0.333605,1,p:2.1.2.2.2.2
U392,16,FUSE0,127909.637,127909.637,128667.937,758.3,758.3,271.3,0.357774,1,p:1.1.1.1.2.2
U393,16,FUSE1,127955.5001,127955.5001,129055.0001,1099.5,1099.5,333.3,0.303138,1,p:2.1.4.1.2.2
U394,16,FUSE1,128026.037,128026.037,128989.8001,963.7631,963.7631,333.3,0.345832,1,p:1.1.5.1.2.2
U395,16,FUSE1,128212.037,128212.037,128932.337,720.3,720.3,333.3,0.462724,1,p:2.1.3.2.2.2
U396,16,FUSE1,128228.3001,128228.3001,129009.137,780.8369,780.8369,333.3,0.42685,1,p:1.2.2.2.2.2
U397,16,FUSE1,128247.637,128247.637,128973.537,725.9,725.9,333.3,0.459154,1,p:2.1.1.1.2.2
U398,16,FUSE1,128293.5001,128293.5001,129360.6001,1067.1,1067.1,333.3,0.312342,1,p:1.1.4.1.2.2
U399,16,FUSE1,128364.037,128364.037,129295.4001,931.3631,931.3631,333.3,0.357863,1,p:2.1.5.1.2.2
U400,16,FUSE1,128455.637,128455.637,129237.937,782.3,782.3,333.3,0.426051,1,p:1.2.3.2.2.2
U401,16,FUSE1,128471.9001,128471.9001,129279.137,807.2369,807.2369,333.3,0.41289,1,p:2.1.1.1.2.2
U402,16,FUSE2,128491.237,128491.237,129347.137,855.9,855.9,365.7,0.42727,1,p:1.1.2.1.2.2
U403,16,FUSE2,128537.1001,128537.1001,129698.6001,1161.5,1161.5,365.7,0.314851,1,p:2.1.4.1.2.2
U404,16,FUSE2,128607.637,128607.637,129633.4001,1025.7631,1025.7631,365.7,0.356515,1,p:1.1.5.1.2.2
U405,16,FUSE2,128699.237,128699.237,129575.937,876.7,876.7,365.7,0.417132,1,p:2.1.3.2.2.2
U406,16,FUSE2,128715.5001,128715.5001,129685.137,969.6369,969.6369,365.7,0.377151,1,p:1.2.2.1.2.2
U407,16,FUSE2,128734.837,128734.837,129617.137,882.3,882.3,365.7,0.414485,1,p:2.1.1.1.2.2
U408,16,FUSE2,128780.7001,128780.7001,130036.6001,1255.9,1255.9,365.7,0.291186,1,p:1.1.4.1.2.2
U409,16,FUSE2,128963.637,128963.637,129971.4001,1007.7631,1007.7631,365.7,0.362883,1,p:2.1.5.1.2.2
U4731,189,FUSE0,129004.837,129004.837,129819.537,814.7,814.7,271.3,0.333006,1,p:1.2.3.1.2.2
U4732,189,FUSE0,129021.1001,129021.1001,129860.737,839.6369,839.6369,271.3,0.323116,1,p:2.1.1.2.2.2
U4733,189,FUSE0,129040.437,129040.437,129928.737,888.3,888.3,271.3,0.305415,1,p:1.1.2.1.2.2
U4734,189,FUSE0,129086.3001,129086.3001,130063.137,976.8369,976.8369,271.3,0.277733,1,p:2.1.3.1.2.2
U4735,189,FUSE0,129269.237,129269.237,130172.337,903.1,903.1,271.3,0.30041,1,p:1.1.2.1.2.2
U4736,189,FUSE0,129310.437,129310.437,130280.2001,969.7631,969.7631,271.3,0.279759,1,p:2.1.4.1.2.2
U4737,189,FUSE0,129326.7001,129326.7001,130215.0001,888.3,888.3,271.3,0.305415,1,p:1.1.5.1.2.2
U4738,189,FUSE0,129378.437,129378.437,130104.337,725.9,725.9,271.3,0.373743,1,p:2.1.1.2.2.2
U4739,189,FUSE0,129391.9001,129391.9001,130306.737,914.8369,914.8369,271.3,0.296556,1,p:1.1.3.1.2.2
U4740,189,FUSE0,129607.237,129607.237,130415.937,808.7,808.7,271.3,0.335477,1,p:2.1.2.1.2.2
U4741,189,FUSE1,129648.437,129648.437,130585.8001,937.3631,937.3631,333.3,0.355572,1,p:1.2.4.1.2.2
U4742,189,FUSE1,129664.7001,129664.7001,130520.6001,855.9,855.9,333.3,0.389415,1,p:2.1.5.1.2.2
U4743,189,FUSE1,129716.437,129716.437,130409.937,693.5,693.5,333.3,0.480606,1,p:1.2.1.2.2.2
U4744,189,FUSE1,129729.9001,129729.9001,130612.337,882.4369,882.4369,333.3,0.377704,1,p:2.1.3.1.2.2
U4745,189,FUSE1,129850.837,129850.837,130721.537,870.7,870.7,333.3,0.382795,1,p:1.1.2.1.2.2
U4746,189,FUSE1,129892.037,129892.037,130891.4001,999.3631,999.3631,333.3,0.333512,1,p:2.1.4.1.2.2
U4747,189,FUSE1,129960.037,129960.037,130826.2001,866.1631,866.1631,333.3,0.384801,1,p:1.1.5.1.2.2
U4748,189,FUSE1,130002.7001,130002.7001,130715.537,712.8369,712.8369,333.3,0.467568,1,p:2.1.1.2.2.2
U4749,189,FUSE1,130067.9001,130067.9001,130917.937,850.0369,850.0369,333.3,0.392101,1,p:1.1.3.1.2.2
U4750,189,FUSE2,130094.437,130094.437,131059.537,965.1,965.1,365.7,0.378924,1,p:2.1.2.1.2.2
U4751,189,FUSE2,130135.637,130135.637,131229.4001,1093.7631,1093.7631,365.7,0.33435,1,p:1.1.4.1.2.2
U4752,189,FUSE2,130203.637,130203.637,131164.2001,960.5631,960.5631,365.7,0.380714,1,p:2.1.5.1.2.2
U4753,189,FUSE2,130246.3001,130246.3001,131053.537,807.2369,807.2369,365.7,0.453027,1,p:1.2.1.2.2.2
U4754,189,FUSE2,130311.5001,130311.5001,131255.937,944.4369,944.4369,365.7,0.387215,1,p:2.1.3.1.2.2
U4755,189,FUSE2,130338.037,130338.037,131397.537,1059.5,1059.5,365.7,0.345163,1,p:1.1.2.1.2.2
U4756,189,FUSE2,130441.237,130441.237,131567.4001,1126.1631,1126.1631,365.7,0.324731,1,p:2.1.4.1.2.2
U4757,189,FUSE2,130447.237,130447.237,131502.2001,1054.9631,1054.9631,365.7,0.346647,1,p:1.1.5.1.2.2
U4758,189,FUSE2,130551.9001,130551.9001,131391.537,839.6369,839.6369,365.7,0.435545,1,p:2.1.1.2.2.2
U4759,189,FUSE2,130617.1001,130617.1001,131593.937,976.8369,976.8369,365.7,0.374372,1,p:1.1.3.1.2.2
U8588,344,FUSE0,130643.637,130643.637,131641.137,997.5,997.5,271.3,0.27198,1,p:2.1.2.1.2.2
U8589,344,FUSE0,130746.837,130746.837,131811.0001,1064.1631,1064.1631,271.3,0.254942,1,p:1.1.4.1.2.2
U8590,344,FUSE0,130752.837,130752.837,131745.8001,992.9631,992.9631,271.3,0.273223,1,p:2.1.5.1.2.2
U8591,344,FUSE0,130857.5001,130857.5001,131635.137,777.6369,777.6369,271.3,0.348877,1,p:1.2.1.2.2.2
U8592,344,FUSE0,130922.7001,130922.7001,131884.737,962.0369,962.0369,271.3,0.282006,1,p:2.1.2.1.2.2
U8593,344,FUSE0,130949.237,130949.237,131837.537,888.3,888.3,271.3,0.305415,1,p:1.1.3.1.2.2
U8594,344,FUSE0,131084.837,131084.837,132056.0001,971.1631,971.1631,271.3,0.279356,1,p:2.1.4.1.2.2
U8595,344,FUSE1,131090.837,131090.837,132051.4001,960.5631,960.5631,333.3,0.346984,1,p:1.1.5.1.2.2
U8596,344,FUSE1,131195.5001,131195.5001,131940.737,745.2369,745.2369,333.3,0.44724,1,p:2.1.1.2.2.2
U8597,344,FUSE1,131260.7001,131260.7001,132190.337,929.6369,929.6369,333.3,0.358527,1,p:1.1.2.1.2.2
U8598,344,FUSE1,131287.237,131287.237,132143.137,855.9,855.9,333.3,0.389415,1,p:2.1.3.1.2.2
U8599,344,FUSE1,131422.837,131422.837,132361.6001,938.7631,938.7631,333.3,0.355042,1,p:1.1.4.1.2.2
U8600,344,FUSE1,131428.837,131428.837,132357.0001,928.1631,928.1631,333.3,0.359096,1,p:2.1.5.1.2.2
U8601,344,FUSE1,131533.5001,131533.5001,132246.337,712.8369,712.8369,333.3,0.467568,1,p:1.2.1.2.2.2
U8602,344,FUSE2,131598.7001,131598.7001,132528.337,929.6369,929.6369,365.7,0.393379,1,p:2.1.2.1.2.2
U8603,344,FUSE2,131625.237,131625.237,132481.137,855.9,855.9,365.7,0.42727,1,p:1.1.3.1.2.2
U8604,344,FUSE2,131666.437,131666.437,132699.6001,1033.1631,1033.1631,365.7,0.353962,1,p:2.1.4.1.2.2
U8605,344,FUSE2,131672.437,131672.437,132695.0001,1022.5631,1022.5631,365.7,0.357631,1,p:1.1.5.1.2.2
E082,352,FUSE0,131777.1001,131777.1001,132724.737,947.6369,947.6369,271.3,0.286291,1,p:1.1.3.1.2.2
E083,352,FUSE0,131842.3001,131842.3001,132771.937,929.6369,929.6369,271.3,0.291834,1,p:2.1.2.1.2.2
E084,352,FUSE0,131868.837,131868.837,132489.937,621.1,621.1,271.3,0.436806,1,p:1.1.1.1.2.2
E085,352,FUSE0,131916.037,131916.037,132943.2001,1027.1631,1027.1631,271.3,0.264126,1,p:2.1.4.1.2.2
E086,352,FUSE0,131972.037,131972.037,132938.6001,966.5631,966.5631,271.3,0.280685,1,p:1.1.5.1.2.2
E087,352,FUSE0,132082.7001,132082.7001,132968.337,885.6369,885.6369,271.3,0.306333,1,p:2.1.3.1.2.2
E088,352,FUSE0,132087.3001,132087.3001,132733.537,646.2369,646.2369,271.3,0.419815,1,p:1.2.1.1.2.2
E089,352,FUSE0,132174.437,132174.437,133015.537,841.1,841.1,271.3,0.322554,1,p:2.1.2.1.2.2
E090,352,FUSE0,132221.637,132221.637,133182.2001,960.5631,960.5631,271.3,0.282439,1,p:1.1.5.1.2.2
E091,352,FUSE0,132277.637,132277.637,133186.8001,909.1631,909.1631,271.3,0.298406,1,p:2.1.4.1.2.2
E092,352,FUSE0,132388.3001,132388.3001,132977.137,588.8369,588.8369,271.3,0.460739,1,p:1.1.1.1.2.2
E093,352,FUSE1,132392.9001,132392.9001,133321.137,928.2369,928.2369,333.3,0.359068,1,p:2.1.2.1.2.2
E094,352,FUSE1,132512.437,132512.437,133487.8001,975.3631,975.3631,333.3,0.341719,1,p:1.1.5.1.2.2
E095,352,FUSE1,132521.237,132521.237,133492.4001,971.1631,971.1631,333.3,0.343197,1,p:2.1.4.1.2.2
E096,352,FUSE1,132559.637,132559.637,133273.937,714.3,714.3,333.3,0.466611,1,p:1.1.3.1.2.2
E097,352,FUSE1,132726.3001,132726.3001,133366.6001,640.3,640.3,333.3,0.520537,1,p:2.1.1.1.2.2
E098,352,FUSE1,132730.9001,132730.9001,133793.4001,1062.5,1062.5,333.3,0.313694,1,p:1.2.5.1.2.2
E099,352,FUSE1,132756.037,132756.037,133798.0001,1041.9631,1041.9631,333.3,0.319877,1,p:2.1.4.1.2.2
E100,352,FUSE1,132764.837,132764.837,133579.537,814.7,814.7,333.3,0.409108,1,p:1.2.3.1.2.2
E101,352,FUSE1,132803.237,132803.237,133626.737,823.5,823.5,333.3,0.404736,1,p:2.1.2.1.2.2
E102,352,FUSE1,132969.9001,132969.9001,133672.2001,702.3,702.3,333.3,0.474584,1,p:1.1.1.1.2.2
E103,352,FUSE2,132974.5001,132974.5001,134131.4001,1156.9,1156.9,365.7,0.316103,1,p:2.1.5.1.2.2
E104,352,FUSE2,132999.637,132999.637,134136.0001,1136.3631,1136.3631,365.7,0.321816,1,p:1.1.4.1.2.2
E105,352,FUSE2,133008.437,133008.437,133917.537,909.1,909.1,365.7,0.402266,1,p:2.1.3.1.2.2
E106,352,FUSE2,133046.837,133046.837,133964.737,917.9,917.9,365.7,0.398409,1,p:1.1.2.1.2.2
E107,352,FUSE2,133213.5001,133213.5001,134010.2001,796.7,796.7,365.7,0.459018,1,p:2.1.1.1.2.2
E108,352,FUSE2,133218.1001,133218.1001,134469.4001,1251.3,1251.3,365.7,0.292256,1,p:1.2.5.1.2.2
E109,352,FUSE2,133305.237,133305.237,134474.0001,1168.7631,1168.7631,365.7,0.312895,1,p:2.1.4.1.2.2
E110,352,FUSE2,133352.437,133352.437,134255.537,903.1,903.1,365.7,0.404939,1,p:1.1.3.1.2.2
E111,352,FUSE2,133397.9001,133397.9001,134302.737,904.8369,904.8369,365.7,0.404161,1,p:2.1.2.1.2.2
E112,352,FUSE2,133519.1001,133519.1001,134348.2001,829.1,829.1,365.7,0.441081,1,p:1.1.1.1.2.2
U8606,344,FUSE2,133523.7001,133523.7001,134686.2001,1162.5,1162.5,365.7,0.314581,1,p:2.1.1.2.2.2
U8607,344,FUSE2,133610.837,133610.837,134640.737,1029.9,1029.9,365.7,0.355083,1,p:1.1.2.2.2.2
U8608,344,FUSE2,133658.037,133658.037,134593.537,935.5,935.5,365.7,0.390914,1,p:2.1.3.1.2.2
U6848,274,FUSE0,133703.5001,133703.5001,134717.6001,1014.1,1014.1,271.3,0.267528,1,p:1.1.4.1.2.2
U6849,274,FUSE0,133824.7001,133824.7001,134713.0001,888.3,888.3,271.3,0.305415,1,p:2.1.5.1.2.2
U6850,274,FUSE0,133829.3001,133829.3001,134929.8001,1100.5,1100.5,271.3,0.246524,1,p:1.1.1.2.2.2
U6851,274,FUSE0,133948.837,133948.837,134961.2001,1012.3631,1012.3631,271.3,0.267987,1,p:2.1.4.1.2.2
U6852,274,FUSE0,133996.037,133996.037,134884.337,888.3,888.3,271.3,0.305415,1,p:1.1.2.2.2.2
U6853,274,FUSE0,134041.5001,134041.5001,134837.137,795.6369,795.6369,271.3,0.340985,1,p:2.1.3.1.2.2
U6854,274,FUSE0,134162.7001,134162.7001,134956.6001,793.9,793.9,271.3,0.341731,1,p:1.1.5.1.2.2
U6855,274,FUSE0,134167.3001,134167.3001,135173.4001,1006.1,1006.1,271.3,0.269655,1,p:2.1.1.2.2.2
U6856,274,FUSE0,134286.837,134286.837,135203.4001,916.5631,916.5631,271.3,0.295997,1,p:1.1.4.1.2.2
U6857,274,FUSE0,134334.037,134334.037,135127.937,793.9,793.9,271.3,0.341731,1,p:2.1.2.2.2.2
U6858,274,FUSE1,134379.5001,134379.5001,135142.737,763.2369,763.2369,333.3,0.436693,1,p:1.1.3.1.2.2
U6859,274,FUSE1,134500.7001,134500.7001,135301.0001,800.3,800.3,333.3,0.416469,1,p:2.1.5.1.2.2
U6860,274,FUSE1,134505.3001,134505.3001,135479.0001,973.7,973.7,333.3,0.342303,1,p:1.1.1.2.2.2
U6861,274,FUSE1,134624.837,134624.837,135509.0001,884.1631,884.1631,333.3,0.376967,1,p:2.1.4.1.2.2
U6862,274,FUSE1,134672.037,134672.037,135433.537,761.5,761.5,333.3,0.437689,1,p:1.1.2.2.2.2
U6863,274,FUSE1,134717.5001,134717.5001,135448.337,730.8369,730.8369,333.3,0.456053,1,p:2.1.3.1.2.2
U6864,274,FUSE1,134744.3001,134744.3001,135606.6001,862.3,862.3,333.3,0.386524,1,p:1.2.5.1.2.2
U6865,274,FUSE1,134748.9001,134748.9001,135784.6001,1035.7,1035.7,333.3,0.321811,1,p:2.1.1.2.2.2
U6866,274,FUSE1,134868.437,134868.437,135814.6001,946.1631,946.1631,333.3,0.352265,1,p:1.1.4.1.2.2
U6867,274,FUSE1,134915.637,134915.637,135739.137,823.5,823.5,333.3,0.404736,1,p:2.1.2.2.2.2
U6868,274,FUSE2,134961.1001,134961.1001,135789.2001,828.1,828.1,365.7,0.441613,1,p:1.1.3.1.2.2
U6869,274,FUSE2,134987.9001,134987.9001,135944.6001,956.7,956.7,365.7,0.382251,1,p:2.1.5.1.2.2
U6870,274,FUSE2,134992.5001,134992.5001,136122.6001,1130.1,1130.1,365.7,0.3236,1,p:1.1.1.2.2.2
U6871,274,FUSE2,135159.237,135159.237,136152.6001,993.3631,993.3631,365.7,0.368143,1,p:2.1.4.1.2.2
U6872,274,FUSE2,135174.037,135174.037,136077.137,903.1,903.1,365.7,0.404939,1,p:1.1.2.2.2.2
U6873,274,FUSE2,135204.7001,135204.7001,136127.2001,922.5,922.5,365.7,0.396423,1,p:2.1.3.1.2.2
U6874,274,FUSE2,135234.7001,135234.7001,136282.6001,1047.9,1047.9,365.7,0.348984,1,p:1.1.5.1.2.2
U6875,274,FUSE2,135332.3001,135332.3001,136460.6001,1128.3,1128.3,365.7,0.324116,1,p:2.1.1.2.2.2
U6876,274,FUSE2,135464.837,135464.837,136490.6001,1025.7631,1025.7631,365.7,0.356515,1,p:1.1.4.1.2.2
U718,29,FUSE0,135479.637,135479.637,136320.737,841.1,841.1,271.3,0.322554,1,p:2.1.2.1.2.2
U719,29,FUSE0,135510.3001,135510.3001,136367.937,857.6369,857.6369,271.3,0.316334,1,p:1.1.3.1.2.2
U720,29,FUSE0,135540.3001,135540.3001,136526.2001,985.9,985.9,271.3,0.27518,1,p:2.1.5.1.2.2
U721,29,FUSE0,135637.9001,135637.9001,136704.2001,1066.3,1066.3,271.3,0.254431,1,p:1.1.1.2.2.2
U722,29,FUSE0,135770.437,135770.437,136564.337,793.9,793.9,271.3,0.341731,1,p:2.1.2.1.2.2
U723,29,FUSE0,135815.9001,135815.9001,136734.2001,918.3,918.3,271.3,0.295437,1,p:1.1.4.1.2.2
U724,29,FUSE0,135820.5001,135820.5001,136611.537,791.0369,791.0369,271.3,0.342968,1,p:2.1.3.1.2.2
U725,29,FUSE0,135845.9001,135845.9001,136769.8001,923.9,923.9,271.3,0.293646,1,p:1.1.5.1.2.2
U726,29,FUSE1,135975.9001,135975.9001,137009.8001,1033.9,1033.9,333.3,0.322372,1,p:2.1.1.1.2.2
U727,29,FUSE1,136108.437,136108.437,136869.937,761.5,761.5,333.3,0.437689,1,p:1.1.2.1.2.2
U728,29,FUSE1,136153.9001,136153.9001,137039.8001,885.9,885.9,333.3,0.376228,1,p:2.1.4.1.2.2
U729,29,FUSE1,136158.5001,136158.5001,136917.137,758.6369,758.6369,333.3,0.439341,1,p:1.1.3.1.2.2
U730,29,FUSE1,136183.9001,136183.9001,137075.4001,891.5,891.5,333.3,0.373864,1,p:2.1.5.1.2.2
U731,29,FUSE1,136313.9001,136313.9001,137315.4001,1001.5,1001.5,333.3,0.332801,1,p:1.1.1.1.2.2
U732,29,FUSE1,136352.037,136352.037,137175.537,823.5,823.5,333.3,0.404736,1,p:2.1.2.1.2.2
U733,29,FUSE1,136399.237,136399.237,137345.4001,946.1631,946.1631,333.3,0.352265,1,p:1.1.4.1.2.2
U734,29,FUSE2,136491.9001,136491.9001,137255.137,763.2369,763.2369,365.7,0.479143,1,p:2.1.3.1.2.2
U735,29,FUSE2,136521.9001,136521.9001,137413.4001,891.5,891.5,365.7,0.410208,1,p:1.2.5.1.2.2
U736,29,FUSE2,136557.5001,136557.5001,137653.4001,1095.9,1095.9,365.7,0.333698,1,p:2.1.1.1.2.2
U737,29,FUSE2,136595.637,136595.637,137513.537,917.9,917.9,365.7,0.398409,1,p:1.1.2.1.2.2
U738,29,FUSE2,136642.837,136642.837,137683.4001,1040.5631,1040.5631,365.7,0.351444,1,p:2.1.4.1.2.2
U739,29,FUSE2,136735.5001,136735.5001,137593.137,857.6369,857.6369,365.7,0.426404,1,p:1.1.3.1.2.2
U740,29,FUSE2,136765.5001,136765.5001,137751.4001,985.9,985.9,365.7,0.37093,1,p:2.1.5.1.2.2
U741,29,FUSE2,136801.1001,136801.1001,137991.4001,1190.3,1190.3,365.7,0.307233,1,p:1.1.1.1.2.2
U742,29,FUSE2,136901.237,136901.237,137851.537,950.3,950.3,365.7,0.384826,1,p:2.1.2.2.2.2
U4782,191,FUSE0,136948.437,136948.437,137927.0001,978.5631,978.5631,271.3,0.277243,1,p:1.1.4.1.2.2
U4783,191,FUSE0,137041.1001,137041.1001,137836.737,795.6369,795.6369,271.3,0.340985,1,p:2.1.3.1.2.2
U4784,191,FUSE0,137071.1001,137071.1001,137996.0001,924.9,924.9,271.3,0.293329,1,p:1.2.5.1.2.2
U4785,191,FUSE0,137106.7001,137106.7001,138235.0001,1128.3,1128.3,271.3,0.24045,1,p:2.1.1.1.2.2
U4786,191,FUSE0,137206.837,137206.837,138170.6001,963.7631,963.7631,271.3,0.281501,1,p:1.1.4.1.2.2
U4787,191,FUSE0,137286.437,137286.437,138095.137,808.7,808.7,271.3,0.335477,1,p:2.1.2.2.2.2
U4788,191,FUSE0,137346.7001,137346.7001,138080.337,733.6369,733.6369,271.3,0.369801,1,p:1.1.3.1.2.2
U4789,191,FUSE0,137376.7001,137376.7001,138239.6001,862.9,862.9,271.3,0.314405,1,p:2.1.5.1.2.2
U4790,191,FUSE0,137444.7001,137444.7001,138480.8001,1036.1,1036.1,271.3,0.261847,1,p:1.1.1.1.2.2
U4791,191,FUSE1,137544.837,137544.837,138476.2001,931.3631,931.3631,333.3,0.357863,1,p:2.1.4.1.2.2
U4792,191,FUSE1,137624.437,137624.437,138400.737,776.3,776.3,333.3,0.429344,1,p:1.1.2.2.2.2
U4793,191,FUSE1,137684.7001,137684.7001,138405.337,720.6369,720.6369,333.3,0.462508,1,p:2.1.3.1.2.2
U4794,191,FUSE1,137714.7001,137714.7001,138544.2001,829.5,829.5,333.3,0.401808,1,p:1.1.5.1.2.2
U4795,191,FUSE1,137782.7001,137782.7001,138786.4001,1003.7,1003.7,333.3,0.332071,1,p:2.1.1.1.2.2
U4796,191,FUSE1,137868.037,137868.037,138781.8001,913.7631,913.7631,333.3,0.364755,1,p:1.1.4.1.2.2
U4797,191,FUSE1,137882.837,137882.837,138706.337,823.5,823.5,333.3,0.404736,1,p:2.1.2.2.2.2
E113,365,FUSE0,137958.3001,137958.3001,139030.0001,1071.7,1071.7,271.3,0.253149,1,p:1.1.1.1.2.2
E114,365,FUSE0,138022.7001,138022.7001,138681.0001,658.3,658.3,271.3,0.412122,1,p:2.1.3.1.2.2
E115,365,FUSE0,138027.3001,138027.3001,138791.0001,763.7,763.7,271.3,0.355244,1,p:1.2.5.1.2.2
E116,365,FUSE0,138111.637,138111.637,138924.6001,812.9631,812.9631,271.3,0.333717,1,p:2.1.3.1.2.2
E117,365,FUSE0,138126.437,138126.437,139271.4001,1144.9631,1144.9631,271.3,0.236951,1,p:1.1.1.2.2.2
E118,365,FUSE0,138201.9001,138201.9001,138949.937,748.0369,748.0369,271.3,0.362683,1,p:2.1.2.1.2.2
E119,365,FUSE0,138266.3001,138266.3001,139034.6001,768.3,768.3,271.3,0.353117,1,p:1.1.5.1.2.2
E120,365,FUSE0,138270.9001,138270.9001,139025.4001,754.5,754.5,271.3,0.359576,1,p:2.1.4.1.2.2
E121,365,FUSE0,138432.037,138432.037,139515.0001,1082.9631,1082.9631,271.3,0.250516,1,p:1.1.1.1.2.2
E122,365,FUSE0,138436.637,138436.637,139168.2001,731.5631,731.5631,271.3,0.37085,1,p:2.1.3.1.2.2
E123,365,FUSE1,138507.5001,138507.5001,139255.537,748.0369,748.0369,333.3,0.445566,1,p:1.1.2.1.2.2
E124,365,FUSE1,138512.1001,138512.1001,139337.0001,824.9,824.9,333.3,0.404049,1,p:2.1.5.1.2.2
E125,365,FUSE1,138575.5001,138575.5001,139331.0001,755.5,755.5,333.3,0.441165,1,p:1.1.4.1.2.2
E126,365,FUSE1,138712.3001,138712.3001,139820.6001,1108.3,1108.3,333.3,0.300731,1,p:2.1.1.1.2.2
E127,365,FUSE1,138737.637,138737.637,139473.8001,736.1631,736.1631,333.3,0.452753,1,p:1.1.3.1.2.2
E128,365,FUSE1,138813.1001,138813.1001,139561.137,748.0369,748.0369,333.3,0.445566,1,p:2.1.2.1.2.2
E129,365,FUSE1,138817.7001,138817.7001,139642.6001,824.9,824.9,333.3,0.404049,1,p:1.2.5.1.2.2
E130,365,FUSE1,138822.3001,138822.3001,139636.6001,814.3,814.3,333.3,0.409309,1,p:2.1.4.1.2.2
E131,365,FUSE1,138955.9001,138955.9001,140126.2001,1170.3,1170.3,333.3,0.284799,1,p:1.1.1.1.2.2
E132,365,FUSE1,138981.237,138981.237,139779.4001,798.1631,798.1631,333.3,0.417584,1,p:2.1.3.1.2.2
E133,365,FUSE1,139056.7001,139056.7001,139866.737,810.0369,810.0369,333.3,0.411463,1,p:1.1.2.1.2.2
E134,365,FUSE2,139061.3001,139061.3001,139980.6001,919.3,919.3,365.7,0.397803,1,p:2.1.5.1.2.2
E135,365,FUSE2,139065.9001,139065.9001,139974.6001,908.7,908.7,365.7,0.402443,1,p:1.2.4.1.2.2
E136,365,FUSE2,139199.5001,139199.5001,140464.2001,1264.7,1264.7,365.7,0.289159,1,p:2.1.1.1.2.2
E137,365,FUSE2,139286.837,139286.837,140117.4001,830.5631,830.5631,365.7,0.440304,1,p:1.1.3.1.2.2
E138,365,FUSE2,139302.7001,139302.7001,140204.737,902.0369,902.0369,365.7,0.405416,1,p:2.1.2.1.2.2
E139,365,FUSE2,139362.3001,139362.3001,140318.6001,956.3,956.3,365.7,0.382411,1,p:1.1.5.1.2.2
E140,365,FUSE2,139368.3001,139368.3001,140312.6001,944.3,944.3,365.7,0.387271,1,p:2.1.4.1.2.2
E141,365,FUSE2,139505.1001,139505.1001,140802.2001,1297.1,1297.1,365.7,0.281937,1,p:1.1.1.1.2.2
E142,365,FUSE2,139546.3001,139546.3001,140455.4001,909.1,909.1,365.7,0.402266,1,p:2.1.3.1.2.2
E143,365,FUSE2,139592.437,139592.437,140542.737,950.3,950.3,365.7,0.384826,1,p:1.1.2.1.2.2
U4798,191,FUSE1,139667.9001,139667.9001,140761.0001,1093.1,1093.1,333.3,0.304913,1,p:1.1.3.1.2.2
U4799,191,FUSE1,139673.9001,139673.9001,140624.2001,950.3,950.3,333.3,0.350731,1,p:2.1.5.1.2.2
U4800,191,FUSE2,139810.7001,139810.7001,141140.2001,1329.5,1329.5,365.7,0.275066,1,p:1.1.1.1.2.2
U4801,191,FUSE2,139851.9001,139851.9001,140650.6001,798.7,798.7,365.7,0.457869,1,p:2.1.4.1.2.2
U4802,191,FUSE2,139898.037,139898.037,140880.737,982.7,982.7,365.7,0.372138,1,p:1.1.2.2.2.2
U4803,191,FUSE2,140005.9001,140005.9001,141099.0001,1093.1,1093.1,365.7,0.334553,1,p:2.1.3.1.2.2
U4804,191,FUSE2,140011.9001,140011.9001,140962.2001,950.3,950.3,365.7,0.384826,1,p:1.1.5.1.2.2
U4805,191,FUSE2,140148.7001,140148.7001,141478.2001,1329.5,1329.5,365.7,0.275066,1,p:2.1.1.1.2.2
U4806,191,FUSE2,140157.5001,140157.5001,140988.6001,831.1,831.1,365.7,0.440019,1,p:1.1.4.1.2.2
U4807,191,FUSE2,140236.037,140236.037,141218.737,982.7,982.7,365.7,0.372138,1,p:2.1.2.2.2.2
U6529,261,FUSE0,140343.9001,140343.9001,141342.6001,998.7,998.7,271.3,0.271653,1,p:1.1.3.1.2.2
U6530,261,FUSE0,140349.9001,140349.9001,141205.8001,855.9,855.9,271.3,0.316976,1,p:2.1.5.1.2.2
U6531,261,FUSE0,140486.7001,140486.7001,141721.8001,1235.1,1235.1,271.3,0.219658,1,p:1.1.1.1.2.2
U6532,261,FUSE0,140495.5001,140495.5001,141586.2001,1090.7,1090.7,271.3,0.248739,1,p:2.1.3.1.2.2
U6533,261,FUSE0,140574.037,140574.037,141252.337,678.3,678.3,271.3,0.399971,1,p:1.1.4.1.2.2
U6534,261,FUSE0,140655.5001,140655.5001,141449.4001,793.9,793.9,271.3,0.341731,1,p:2.1.5.1.2.2
U6535,261,FUSE0,140681.9001,140681.9001,141462.337,780.4369,780.4369,271.3,0.347626,1,p:1.1.2.2.2.2
U6536,261,FUSE0,140792.3001,140792.3001,141965.4001,1173.1,1173.1,271.3,0.231268,1,p:2.1.1.1.2.2
U6537,261,FUSE1,140833.5001,140833.5001,141891.8001,1058.3,1058.3,333.3,0.314939,1,p:1.1.3.1.2.2
U6538,261,FUSE1,140912.037,140912.037,141672.337,760.3,760.3,333.3,0.43838,1,p:2.1.4.1.2.2
U6539,261,FUSE1,140993.5001,140993.5001,141773.8001,780.3,780.3,333.3,0.427143,1,p:1.1.5.1.2.2
U6540,261,FUSE1,141019.9001,141019.9001,141767.937,748.0369,748.0369,333.3,0.445566,1,p:2.1.2.2.2.2
U6541,261,FUSE1,141130.3001,141130.3001,142271.0001,1140.7,1140.7,333.3,0.292189,1,p:1.1.1.1.2.2
U6542,261,FUSE1,141171.5001,141171.5001,142197.4001,1025.9,1025.9,333.3,0.324885,1,p:2.1.3.1.2.2
U6543,261,FUSE1,141237.1001,141237.1001,141977.937,740.8369,740.8369,333.3,0.449897,1,p:1.1.4.1.2.2
U6544,261,FUSE1,141250.037,141250.037,142079.4001,829.3631,829.3631,333.3,0.401875,1,p:2.1.5.1.2.2
U6545,261,FUSE2,141283.637,141283.637,142105.937,822.3,822.3,365.7,0.444728,1,p:1.1.2.2.2.2
U6546,261,FUSE2,141373.9001,141373.9001,142609.0001,1235.1,1235.1,365.7,0.296089,1,p:2.1.1.1.2.2
U6547,261,FUSE2,141480.7001,141480.7001,142535.4001,1054.7,1054.7,365.7,0.346734,1,p:1.1.3.1.2.2
U6548,261,FUSE2,141493.637,141493.637,142315.937,822.3,822.3,365.7,0.444728,1,p:2.1.4.1.2.2
U6549,261,FUSE2,141509.5001,141509.5001,142417.4001,907.9,907.9,365.7,0.402798,1,p:1.1.5.1.2.2
U6550,261,FUSE2,141617.5001,141617.5001,142443.937,826.4369,826.4369,365.7,0.442502,1,p:2.1.2.2.2.2
U6551,261,FUSE2,141703.637,141703.637,142947.0001,1243.3631,1243.3631,365.7,0.294122,1,p:1.1.1.1.2.2
U8480,339,FUSE0,141753.1001,141753.1001,142779.0001,1025.9,1025.9,271.3,0.264451,1,p:2.1.3.1.2.2
U8481,339,FUSE0,141799.237,141799.237,142559.537,760.3,760.3,271.3,0.356833,1,p:1.1.4.1.2.2
U8482,339,FUSE0,141805.1001,141805.1001,142661.0001,855.9,855.9,271.3,0.316976,1,p:2.1.5.1.2.2
U8483,339,FUSE0,141923.1001,141923.1001,142687.537,764.4369,764.4369,271.3,0.354902,1,p:1.1.2.2.2.2
U8484,339,FUSE0,141996.7001,141996.7001,143193.6001,1196.9,1196.9,271.3,0.226669,1,p:2.1.1.1.2.2
U8485,339,FUSE0,142009.237,142009.237,143022.6001,1013.3631,1013.3631,271.3,0.267722,1,p:1.1.3.1.2.2
U8486,339,FUSE0,142110.7001,142110.7001,142809.0001,698.3,698.3,271.3,0.388515,1,p:2.1.4.1.2.2
U8487,339,FUSE0,142137.237,142137.237,142904.6001,767.3631,767.3631,271.3,0.353548,1,p:1.1.5.1.2.2
U8488,339,FUSE1,142228.7001,142228.7001,142993.137,764.4369,764.4369,333.3,0.436007,1,p:2.1.2.1.2.2
U8489,339,FUSE1,142302.3001,142302.3001,143496.2001,1193.9,1193.9,333.3,0.279169,1,p:1.1.1.1.2.2
U8490,339,FUSE1,142347.237,142347.237,143328.2001,980.9631,980.9631,333.3,0.339768,1,p:2.1.3.1.2.2
U8491,339,FUSE1,142448.7001,142448.7001,143189.0001,740.3,740.3,333.3,0.450223,1,p:1.1.4.1.2.2
U8492,339,FUSE1,142475.237,142475.237,143275.537,800.3,800.3,333.3,0.416469,1,p:2.1.5.1.2.2
U8493,339,FUSE1,142566.7001,142566.7001,143298.737,732.0369,732.0369,333.3,0.455305,1,p:1.2.2.1.2.2
U8494,339,FUSE1,142590.837,142590.837,143801.8001,1210.9631,1210.9631,333.3,0.275235,1,p:2.1.1.1.2.2
U8495,339,FUSE1,142640.3001,142640.3001,143633.8001,993.5,993.5,333.3,0.335481,1,p:1.1.3.1.2.2
U8496,339,FUSE2,142692.3001,142692.3001,143527.0001,834.7,834.7,365.7,0.438121,1,p:2.1.4.1.2.2
U8497,339,FUSE2,142718.837,142718.837,143613.537,894.7,894.7,365.7,0.40874,1,p:1.1.5.1.2.2
U8498,339,FUSE2,142810.3001,142810.3001,143638.4001,828.1,828.1,365.7,0.441613,1,p:2.1.2.1.2.2
U8499,339,FUSE2,142840.3001,142840.3001,144139.8001,1299.5,1299.5,365.7,0.281416,1,p:1.1.1.1.2.2
U8500,339,FUSE2,142935.9001,142935.9001,143971.8001,1035.9,1035.9,365.7,0.353026,1,p:2.1.3.1.2.2
U8501,339,FUSE2,142978.3001,142978.3001,143865.0001,886.7,886.7,365.7,0.412428,1,p:1.1.4.1.2.2
U8502,339,FUSE2,143024.437,143024.437,143951.537,927.1,927.1,365.7,0.394456,1,p:2.1.5.1.2.2
U8503,339,FUSE2,143053.9001,143053.9001,143976.4001,922.5,922.5,365.7,0.396423,1,p:1.1.2.1.2.2
U8504,339,FUSE2,143220.3001,143220.3001,144477.8001,1257.5,1257.5,365.7,0.290815,1,p:2.1.1.2.2.2
U7801,312,FUSE0,143224.9001,143224.9001,144215.4001,990.5,990.5,271.3,0.273902,1,p:1.1.3.1.2.2
U7802,312,FUSE0,143306.837,143306.837,144108.6001,801.7631,801.7631,271.3,0.338379,1,p:2.1.4.1.2.2
U7803,312,FUSE0,143330.037,143330.037,144195.137,865.1,865.1,271.3,0.313605,1,p:1.1.5.1.2.2
U7804,312,FUSE0,143359.5001,143359.5001,144220.0001,860.5,860.5,271.3,0.315282,1,p:2.1.2.1.2.2
U7805,312,FUSE0,143527.5001,143527.5001,144459.0001,931.5,931.5,271.3,0.291251,1,p:1.1.3.1.2.2
U7806,312,FUSE0,143558.3001,143558.3001,144352.2001,793.9,793.9,271.3,0.341731,1,p:2.1.4.1.2.2
U7807,312,FUSE0,143644.837,143644.837,144721.4001,1076.5631,1076.5631,271.3,0.252006,1,p:1.1.1.2.2.2
U7808,312,FUSE0,143665.1001,143665.1001,144438.737,773.6369,773.6369,271.3,0.350681,1,p:2.1.5.1.2.2
U7809,312,FUSE0,143669.7001,143669.7001,144463.6001,793.9,793.9,271.3,0.341731,1,p:1.1.2.1.2.2
U7810,312,FUSE1,143833.1001,143833.1001,144764.6001,931.5,931.5,333.3,0.35781,1,p:2.1.3.1.2.2
U7811,312,FUSE1,143896.3001,143896.3001,144657.8001,761.5,761.5,333.3,0.437689,1,p:1.1.4.1.2.2
U7812,312,FUSE1,143982.837,143982.837,145027.0001,1044.1631,1044.1631,333.3,0.319203,1,p:2.1.1.2.2.2
U7813,312,FUSE1,144003.1001,144003.1001,144793.537,790.4369,790.4369,333.3,0.421666,1,p:1.1.5.1.2.2
U7814,312,FUSE1,144007.7001,144007.7001,144769.2001,761.5,761.5,333.3,0.437689,1,p:2.1.2.1.2.2
U7815,312,FUSE1,144139.9001,144139.9001,145070.2001,930.3,930.3,333.3,0.358272,1,p:1.1.3.1.2.2
U7816,312,FUSE1,144171.1001,144171.1001,144963.4001,792.3,792.3,333.3,0.420674,1,p:2.1.4.1.2.2
U7817,312,FUSE1,144226.437,144226.437,145332.6001,1106.1631,1106.1631,333.3,0.301312,1,p:1.1.1.2.2.2
U7818,312,FUSE1,144246.7001,144246.7001,145099.137,852.4369,852.4369,333.3,0.390997,1,p:2.1.5.1.2.2
U7819,312,FUSE2,144251.3001,144251.3001,145105.537,854.2369,854.2369,365.7,0.428101,1,p:1.1.2.1.2.2
U7820,312,FUSE2,144383.5001,144383.5001,145408.2001,1024.7,1024.7,365.7,0.356885,1,p:2.1.3.1.2.2
U7821,312,FUSE2,144470.037,144470.037,145301.4001,831.3631,831.3631,365.7,0.43988,1,p:1.1.4.1.2.2
U7822,312,FUSE2,144490.3001,144490.3001,145670.6001,1180.3,1180.3,365.7,0.309836,1,p:2.1.1.2.2.2
U7823,312,FUSE2,144494.9001,144494.9001,145437.137,942.2369,942.2369,365.7,0.388119,1,p:1.1.5.1.2.2
U7824,312,FUSE2,144509.1001,144509.1001,145443.537,934.4369,934.4369,365.7,0.391359,1,p:2.1.2.1.2.2
U7825,312,FUSE2,144689.1001,144689.1001,145746.2001,1057.1,1057.1,365.7,0.345946,1,p:1.1.3.2.2.2
U7826,312,FUSE2,144752.7001,144752.7001,145639.4001,886.7,886.7,365.7,0.412428,1,p:2.1.4.1.2.2
U7827,312,FUSE2,144795.9001,144795.9001,146008.6001,1212.7,1212.7,365.7,0.301559,1,p:1.1.1.2.2.2
U7253,290,FUSE0,144800.5001,144800.5001,145680.737,880.2369,880.2369,271.3,0.308212,1,p:2.1.5.1.2.2
U7254,290,FUSE0,144824.837,144824.837,145687.137,862.3,862.3,271.3,0.314624,1,p:1.1.2.1.2.2
U7255,290,FUSE0,144994.7001,144994.7001,145924.337,929.6369,929.6369,271.3,0.291834,1,p:2.1.5.1.2.2
U7256,290,FUSE0,145058.3001,145058.3001,145989.8001,931.5,931.5,271.3,0.291251,1,p:1.1.3.2.2.2
U7257,290,FUSE0,145101.5001,145101.5001,145883.0001,781.5,781.5,271.3,0.347153,1,p:2.1.4.1.2.2
U7258,290,FUSE0,145130.437,145130.437,146252.2001,1121.7631,1121.7631,271.3,0.241851,1,p:1.1.1.2.2.2
U7259,290,FUSE0,145136.837,145136.837,145930.737,793.9,793.9,271.3,0.341731,1,p:2.1.2.1.2.2
U7260,290,FUSE0,145332.7001,145332.7001,146167.937,835.2369,835.2369,271.3,0.324818,1,p:1.1.5.1.2.2
U7261,290,FUSE1,145363.9001,145363.9001,146295.4001,931.5,931.5,333.3,0.35781,1,p:2.1.3.1.2.2
U7262,290,FUSE1,145439.5001,145439.5001,146188.6001,749.1,749.1,333.3,0.444934,1,p:1.1.4.1.2.2
U7263,290,FUSE1,145468.437,145468.437,146557.8001,1089.3631,1089.3631,333.3,0.305959,1,p:2.1.1.2.2.2
U7264,290,FUSE1,145474.837,145474.837,146236.337,761.5,761.5,333.3,0.437689,1,p:1.1.2.1.2.2
U7265,290,FUSE1,145670.7001,145670.7001,146473.537,802.8369,802.8369,333.3,0.415153,1,p:2.1.5.1.2.2
U7266,290,FUSE1,145701.9001,145701.9001,146601.0001,899.1,899.1,333.3,0.370704,1,p:1.1.3.1.2.2
U7267,290,FUSE1,145712.037,145712.037,146494.2001,782.1631,782.1631,333.3,0.426126,1,p:2.1.4.1.2.2
U7268,290,FUSE1,145718.437,145718.437,146863.4001,1144.9631,1144.9631,333.3,0.291101,1,p:1.2.1.2.2.2
U7269,290,FUSE2,145777.5001,145777.5001,146574.337,796.8369,796.8369,365.7,0.45894,1,p:2.1.2.1.2.2
U7270,290,FUSE2,145914.3001,145914.3001,146811.537,897.2369,897.2369,365.7,0.407585,1,p:1.2.5.1.2.2
U7271,290,FUSE2,145955.637,145955.637,146939.0001,983.3631,983.3631,365.7,0.371887,1,p:2.1.3.1.2.2
U7272,290,FUSE2,145962.037,145962.037,146832.2001,870.1631,870.1631,365.7,0.420266,1,p:1.1.4.1.2.2
U7273,290,FUSE2,146021.1001,146021.1001,147201.4001,1180.3,1180.3,365.7,0.309836,1,p:2.1.1.2.2.2
U7274,290,FUSE2,146039.9001,146039.9001,146912.337,872.4369,872.4369,365.7,0.419171,1,p:1.1.2.1.2.2
U7275,290,FUSE2,146199.237,146199.237,147149.537,950.3,950.3,365.7,0.384826,1,p:2.1.5.1.2.2
U7276,290,FUSE2,146219.9001,146219.9001,147277.0001,1057.1,1057.1,365.7,0.345946,1,p:1.1.3.1.2.2
U7277,290,FUSE2,146267.637,146267.637,147170.2001,902.5631,902.5631,365.7,0.405179,1,p:2.1.4.1.2.2
U5556,222,FUSE0,146283.5001,146283.5001,147445.0001,1161.5,1161.5,271.3,0.233577,1,p:1.1.1.2.2.2
U5557,222,FUSE0,146326.7001,146326.7001,147155.937,829.2369,829.2369,271.3,0.327168,1,p:2.1.2.1.2.2
U5558,222,FUSE0,146504.837,146504.837,147393.137,888.3,888.3,271.3,0.305415,1,p:1.2.5.1.2.2
U5559,222,FUSE0,146525.5001,146525.5001,147688.6001,1163.1,1163.1,271.3,0.233256,1,p:2.1.1.2.2.2
U5560,222,FUSE0,146589.1001,146589.1001,147520.6001,931.5,931.5,271.3,0.291251,1,p:1.1.3.1.2.2
U5561,222,FUSE0,146605.637,146605.637,147399.537,793.9,793.9,271.3,0.341731,1,p:2.1.2.1.2.2
U5562,222,FUSE0,146632.3001,146632.3001,147413.8001,781.5,781.5,271.3,0.347153,1,p:1.1.4.1.2.2
U5563,222,FUSE0,146842.837,146842.837,147636.737,793.9,793.9,271.3,0.341731,1,p:2.1.5.1.2.2
U5564,222,FUSE0,146863.5001,146863.5001,147932.2001,1068.7,1068.7,271.3,0.25386,1,p:1.1.1.2.2.2
U5565,222,FUSE1,146894.7001,146894.7001,147826.2001,931.5,931.5,333.3,0.35781,1,p:2.1.3.1.2.2
U5566,222,FUSE1,146943.637,146943.637,147705.137,761.5,761.5,333.3,0.437689,1,p:1.1.2.1.2.2
U5567,222,FUSE1,146970.3001,146970.3001,147730.6001,760.3,760.3,333.3,0.43838,1,p:2.1.4.1.2.2
U5568,222,FUSE1,147180.837,147180.837,147961.137,780.3,780.3,333.3,0.427143,1,p:1.1.5.1.2.2
U5569,222,FUSE1,147187.237,147187.237,148237.8001,1050.5631,1050.5631,333.3,0.317258,1,p:2.1.1.2.2.2
U5570,222,FUSE1,147201.5001,147201.5001,148131.8001,930.3,930.3,333.3,0.358272,1,p:1.1.3.1.2.2
U5571,222,FUSE1,147232.7001,147232.7001,148010.737,778.0369,778.0369,333.3,0.428386,1,p:2.1.2.1.2.2
U5572,222,FUSE1,147308.3001,147308.3001,148048.6001,740.3,740.3,333.3,0.450223,1,p:1.1.4.1.2.2
U5573,222,FUSE1,147424.437,147424.437,148266.737,842.3,842.3,333.3,0.395702,1,p:2.1.5.1.2.2
U5574,222,FUSE2,147430.837,147430.837,148575.8001,1144.9631,1144.9631,365.7,0.319399,1,p:1.1.1.1.2.2
U5575,222,FUSE2,147445.1001,147445.1001,148469.8001,1024.7,1024.7,365.7,0.356885,1,p:2.1.3.1.2.2
U5576,222,FUSE2,147476.3001,147476.3001,148348.737,872.4369,872.4369,365.7,0.419171,1,p:1.1.2.1.2.2
U5577,222,FUSE2,147551.9001,147551.9001,148386.6001,834.7,834.7,365.7,0.438121,1,p:2.1.4.1.2.2
U5578,222,FUSE2,147668.037,147668.037,148604.737,936.7,936.7,365.7,0.390413,1,p:1.1.5.1.2.2
U5579,222,FUSE2,147719.9001,147719.9001,148913.8001,1193.9,1193.9,365.7,0.306307,1,p:2.1.1.1.2.2
U5580,222,FUSE2,147736.437,147736.437,148807.8001,1071.3631,1071.3631,365.7,0.341341,1,p:1.1.3.1.2.2
U5581,222,FUSE2,147761.9001,147761.9001,148686.737,924.8369,924.8369,365.7,0.395421,1,p:2.1.2.1.2.2
U5582,222,FUSE2,147857.5001,147857.5001,148724.6001,867.1,867.1,365.7,0.421751,1,p:1.1.4.1.2.2
U4132,166,FUSE0,147963.5001,147963.5001,148848.337,884.8369,884.8369,271.3,0.30661,1,p:2.1.5.1.2.2
U4133,166,FUSE0,147992.437,147992.437,149157.4001,1164.9631,1164.9631,271.3,0.232883,1,p:1.1.1.1.2.2
U4134,166,FUSE0,148042.037,148042.037,149051.4001,1009.3631,1009.3631,271.3,0.268783,1,p:2.1.3.1.2.2
U4135,166,FUSE0,148079.9001,148079.9001,148930.337,850.4369,850.4369,271.3,0.319012,1,p:1.1.2.1.2.2
U4136,166,FUSE0,148163.1001,148163.1001,148968.2001,805.1,805.1,271.3,0.336977,1,p:2.1.4.1.2.2
U4137,166,FUSE0,148269.1001,148269.1001,149091.937,822.8369,822.8369,271.3,0.329713,1,p:1.1.5.1.2.2
U4138,166,FUSE0,148298.037,148298.037,149401.0001,1102.9631,1102.9631,271.3,0.245974,1,p:2.1.1.1.2.2
U4139,166,FUSE0,148380.037,148380.037,149295.0001,914.9631,914.9631,271.3,0.296515,1,p:1.2.3.1.2.2
U4140,166,FUSE0,148417.9001,148417.9001,149173.937,756.0369,756.0369,271.3,0.358845,1,p:2.1.2.1.2.2
U4141,166,FUSE1,148501.1001,148501.1001,149273.8001,772.7,772.7,333.3,0.431345,1,p:1.1.4.1.2.2
U4142,166,FUSE1,148607.1001,148607.1001,149407.4001,800.3,800.3,333.3,0.416469,1,p:2.1.5.1.2.2
U4143,166,FUSE1,148636.037,148636.037,149706.6001,1070.5631,1070.5631,333.3,0.311331,1,p:1.1.1.1.2.2
U4144,166,FUSE1,148718.037,148718.037,149604.0001,885.9631,885.9631,333.3,0.376201,1,p:2.1.3.1.2.2
U4145,166,FUSE1,148755.9001,148755.9001,149479.537,723.6369,723.6369,333.3,0.46059,1,p:1.1.2.1.2.2
U4146,166,FUSE1,148839.1001,148839.1001,149599.4001,760.3,760.3,333.3,0.43838,1,p:2.1.4.1.2.2
U4147,166,FUSE1,148879.637,148879.637,149713.0001,833.3631,833.3631,333.3,0.399946,1,p:1.1.5.1.2.2
U4148,166,FUSE1,148945.1001,148945.1001,150012.2001,1067.1,1067.1,333.3,0.312342,1,p:2.1.1.1.2.2
U4149,166,FUSE1,148961.637,148961.637,149906.2001,944.5631,944.5631,333.3,0.352862,1,p:1.2.3.1.2.2
U4150,166,FUSE2,148999.5001,148999.5001,149817.537,818.0369,818.0369,365.7,0.447046,1,p:2.1.2.1.2.2
U4151,166,FUSE2,149082.7001,149082.7001,149937.4001,854.7,854.7,365.7,0.427869,1,p:1.1.4.1.2.2
U4152,166,FUSE2,149123.237,149123.237,150051.0001,927.7631,927.7631,365.7,0.394174,1,p:2.1.5.1.2.2
U4153,166,FUSE2,149188.7001,149188.7001,150350.2001,1161.5,1161.5,365.7,0.314851,1,p:1.1.1.1.2.2
U4154,166,FUSE2,149205.237,149205.237,150244.2001,1038.9631,1038.9631,365.7,0.351986,1,p:2.1.3.1.2.2
U4155,166,FUSE2,149305.1001,149305.1001,150155.537,850.4369,850.4369,365.7,0.430014,1,p:1.1.2.1.2.2
U4156,166,FUSE2,149326.3001,149326.3001,150275.4001,949.1,949.1,365.7,0.385312,1,p:2.1.4.1.2.2
U4157,166,FUSE2,149432.3001,149432.3001,150389.0001,956.7,956.7,365.7,0.382251,1,p:1.1.5.1.2.2
U4158,166,FUSE2,149438.7001,149438.7001,150688.2001,1249.5,1249.5,365.7,0.292677,1,p:2.1.1.1.2.2
U1042,42,FUSE0,149510.837,149510.837,150487.8001,976.9631,976.9631,271.3,0.277697,1,p:1.2.3.1.2.2
U1043,42,FUSE0,149630.7001,149630.7001,150399.137,768.4369,768.4369,271.3,0.353054,1,p:2.1.2.1.2.2
U1044,42,FUSE0,149635.3001,149635.3001,150519.0001,883.7,883.7,271.3,0.307005,1,p:1.1.4.1.2.2
U1045,42,FUSE0,149737.9001,149737.9001,150632.6001,894.7,894.7,271.3,0.30323,1,p:2.1.5.1.2.2
U1046,42,FUSE0,149744.3001,149744.3001,150731.4001,987.1,987.1,271.3,0.274846,1,p:1.1.3.1.2.2
U1047,42,FUSE0,149848.837,149848.837,150931.8001,1082.9631,1082.9631,271.3,0.250516,1,p:2.1.1.1.2.2
U1048,42,FUSE0,149937.5001,149937.5001,150642.737,705.2369,705.2369,271.3,0.384693,1,p:1.1.2.1.2.2
U1049,42,FUSE0,149968.7001,149968.7001,150762.6001,793.9,793.9,271.3,0.341731,1,p:2.1.4.1.2.2
U1050,42,FUSE0,150043.5001,150043.5001,150876.2001,832.7,832.7,271.3,0.325808,1,p:1.1.5.1.2.2
U1051,42,FUSE1,150082.3001,150082.3001,151037.0001,954.7,954.7,333.3,0.349115,1,p:2.1.3.1.2.2
U1052,42,FUSE1,150186.837,150186.837,151237.4001,1050.5631,1050.5631,333.3,0.317258,1,p:1.2.1.1.2.2
U1053,42,FUSE1,150275.5001,150275.5001,150955.8001,680.3,680.3,333.3,0.489931,1,p:2.1.2.1.2.2
U1054,42,FUSE1,150306.7001,150306.7001,151068.2001,761.5,761.5,333.3,0.437689,1,p:1.1.4.1.2.2
U1055,42,FUSE1,150381.5001,150381.5001,151181.8001,800.3,800.3,333.3,0.416469,1,p:2.1.5.1.2.2
U1056,42,FUSE1,150420.3001,150420.3001,151342.6001,922.3,922.3,333.3,0.361379,1,p:1.1.3.1.2.2
U1057,42,FUSE1,150430.437,150430.437,151261.4001,830.9631,830.9631,333.3,0.401101,1,p:2.1.2.1.2.2
U1058,42,FUSE1,150519.1001,150519.1001,151543.0001,1023.9,1023.9,333.3,0.32552,1,p:1.1.1.1.2.2
U1059,42,FUSE1,150550.3001,150550.3001,151373.8001,823.5,823.5,333.3,0.404736,1,p:2.1.4.1.2.2
U1060,42,FUSE2,150663.9001,150663.9001,151519.8001,855.9,855.9,365.7,0.42727,1,p:1.1.5.1.2.2
U1061,42,FUSE2,150674.037,150674.037,151680.6001,1006.5631,1006.5631,365.7,0.363316,1,p:2.1.3.1.2.2
U1062,42,FUSE2,150719.5001,150719.5001,151881.0001,1161.5,1161.5,365.7,0.314851,1,p:1.2.1.1.2.2
U1063,42,FUSE2,150762.7001,150762.7001,151599.4001,836.7,836.7,365.7,0.437074,1,p:2.1.2.1.2.2
U1064,42,FUSE2,150793.9001,150793.9001,151711.8001,917.9,917.9,365.7,0.398409,1,p:1.1.4.1.2.2
U1065,42,FUSE2,150907.5001,150907.5001,151857.8001,950.3,950.3,365.7,0.384826,1,p:2.1.5.1.2.2
U1066,42,FUSE2,150963.1001,150963.1001,152018.6001,1055.5,1055.5,365.7,0.346471,1,p:1.1.3.1.2.2
U1067,42,FUSE2,150987.1001,150987.1001,151937.4001,950.3,950.3,365.7,0.384826,1,p:2.1.2.2.2.2
U1068,42,FUSE2,151068.3001,151068.3001,152219.0001,1150.7,1150.7,365.7,0.317807,1,p:1.1.1.1.2.2
U7625,305,FUSE0,151099.5001,151099.5001,151955.4001,855.9,855.9,271.3,0.316976,1,p:2.1.4.1.2.2
U7626,305,FUSE0,151213.1001,151213.1001,152101.4001,888.3,888.3,271.3,0.305415,1,p:1.1.5.1.2.2
U7627,305,FUSE0,151268.7001,151268.7001,152262.2001,993.5,993.5,271.3,0.273075,1,p:2.1.3.1.2.2
U7628,305,FUSE0,151292.7001,151292.7001,152462.6001,1169.9,1169.9,271.3,0.2319,1,p:1.1.1.1.2.2
U7629,305,FUSE0,151373.9001,151373.9001,152199.0001,825.1,825.1,271.3,0.328809,1,p:2.1.4.1.2.2
U7630,305,FUSE0,151405.1001,151405.1001,152181.0001,775.9,775.9,271.3,0.349658,1,p:1.1.2.2.2.2
U7631,305,FUSE0,151551.1001,151551.1001,152345.0001,793.9,793.9,271.3,0.341731,1,p:2.1.5.1.2.2
U7632,305,FUSE0,151574.3001,151574.3001,152509.2001,934.9,934.9,271.3,0.290191,1,p:1.1.3.1.2.2
U7633,305,FUSE1,151630.7001,151630.7001,152504.6001,873.9,873.9,333.3,0.381394,1,p:2.1.4.1.2.2
U7634,305,FUSE1,151711.9001,151711.9001,152768.2001,1056.3,1056.3,333.3,0.315535,1,p:1.1.1.1.2.2
U7635,305,FUSE1,151743.1001,151743.1001,152486.6001,743.5,743.5,333.3,0.448285,1,p:2.1.2.2.2.2
U7636,305,FUSE1,151889.1001,151889.1001,152669.4001,780.3,780.3,333.3,0.427143,1,p:1.1.5.1.2.2
U7637,305,FUSE1,151912.3001,151912.3001,152814.8001,902.5,902.5,333.3,0.369307,1,p:2.1.3.1.2.2
U7638,305,FUSE1,151968.7001,151968.7001,153073.8001,1105.1,1105.1,333.3,0.301602,1,p:1.1.1.1.2.2
U7639,305,FUSE1,151986.7001,151986.7001,152810.2001,823.5,823.5,333.3,0.404736,1,p:2.1.4.1.2.2
U7640,305,FUSE1,152049.9001,152049.9001,152792.2001,742.3,742.3,333.3,0.44901,1,p:1.1.2.2.2.2
U7641,305,FUSE2,152132.7001,152132.7001,153007.4001,874.7,874.7,365.7,0.418086,1,p:2.1.5.1.2.2
U7642,305,FUSE2,152212.3001,152212.3001,153152.8001,940.5,940.5,365.7,0.388836,1,p:1.1.3.1.2.2
U7643,305,FUSE2,152230.3001,152230.3001,153148.2001,917.9,917.9,365.7,0.398409,1,p:2.1.4.1.2.2
U7644,305,FUSE2,152250.3001,152250.3001,153411.8001,1161.5,1161.5,365.7,0.314851,1,p:1.1.1.1.2.2
U7645,305,FUSE2,152293.5001,152293.5001,153130.2001,836.7,836.7,365.7,0.437074,1,p:2.1.2.2.2.2
U7646,305,FUSE2,152376.3001,152376.3001,153345.4001,969.1,969.1,365.7,0.37736,1,p:1.1.5.1.2.2
U7647,305,FUSE2,152493.9001,152493.9001,153487.4001,993.5,993.5,365.7,0.368093,1,p:2.1.3.1.2.2
U7648,305,FUSE2,152517.9001,152517.9001,153749.8001,1231.9,1231.9,365.7,0.296859,1,p:1.1.1.1.2.2
U5382,215,FUSE0,152535.9001,152535.9001,153391.8001,855.9,855.9,271.3,0.316976,1,p:2.1.4.1.2.2
U5383,215,FUSE0,152540.5001,152540.5001,153373.8001,833.3,833.3,271.3,0.325573,1,p:1.1.2.2.2.2
U5384,215,FUSE0,152700.7001,152700.7001,153589.0001,888.3,888.3,271.3,0.305415,1,p:2.1.5.1.2.2
U5385,215,FUSE0,152799.5001,152799.5001,153731.0001,931.5,931.5,271.3,0.291251,1,p:1.1.3.1.2.2
U5386,215,FUSE0,152823.5001,152823.5001,153635.4001,811.9,811.9,271.3,0.334154,1,p:2.1.4.1.2.2
U5387,215,FUSE0,152841.5001,152841.5001,153617.4001,775.9,775.9,271.3,0.349658,1,p:1.1.2.2.2.2
U5388,215,FUSE0,152846.1001,152846.1001,153993.4001,1147.3,1147.3,271.3,0.236468,1,p:2.1.1.1.2.2
U5389,215,FUSE0,153038.7001,153038.7001,153832.6001,793.9,793.9,271.3,0.341731,1,p:1.1.5.1.2.2
U5390,215,FUSE0,153105.1001,153105.1001,153974.6001,869.5,869.5,271.3,0.312018,1,p:2.1.3.1.2.2
U5391,215,FUSE1,153161.5001,153161.5001,153941.0001,779.5,779.5,333.3,0.427582,1,p:1.1.4.1.2.2
U5392,215,FUSE1,153179.5001,153179.5001,153923.0001,743.5,743.5,333.3,0.448285,1,p:2.1.2.2.2.2
U5393,215,FUSE1,153184.1001,153184.1001,154299.0001,1114.9,1114.9,333.3,0.298951,1,p:1.1.1.1.2.2
U5394,215,FUSE1,153376.7001,153376.7001,154177.0001,800.3,800.3,333.3,0.416469,1,p:2.1.5.1.2.2
U5395,215,FUSE1,153405.1001,153405.1001,154280.2001,875.1,875.1,333.3,0.380871,1,p:1.1.3.1.2.2
U5396,215,FUSE1,153423.1001,153423.1001,154246.6001,823.5,823.5,333.3,0.404736,1,p:2.1.4.1.2.2
U5397,215,FUSE1,153443.1001,153443.1001,154228.6001,785.5,785.5,333.3,0.424316,1,p:1.1.2.2.2.2
U5398,215,FUSE1,153518.7001,153518.7001,154482.6001,963.9,963.9,333.3,0.345783,1,p:2.1.5.1.2.2
U5399,215,FUSE1,153620.3001,153620.3001,154604.6001,984.3,984.3,333.3,0.338616,1,p:1.1.1.1.2.2
U5400,215,FUSE2,153648.7001,153648.7001,154618.2001,969.5,969.5,365.7,0.377205,1,p:2.1.3.1.2.2
U5401,215,FUSE2,153666.7001,153666.7001,154584.6001,917.9,917.9,365.7,0.398409,1,p:1.1.4.1.2.2
U5402,215,FUSE2,153762.3001,153762.3001,154566.6001,804.3,804.3,365.7,0.454681,1,p:2.1.2.2.2.2
U5403,215,FUSE2,153781.1001,153781.1001,154942.6001,1161.5,1161.5,365.7,0.314851,1,p:1.2.1.1.2.2
U5404,215,FUSE2,153863.9001,153863.9001,154820.6001,956.7,956.7,365.7,0.382251,1,p:2.1.5.1.2.2
U5405,215,FUSE2,153954.3001,153954.3001,154956.2001,1001.9,1001.9,365.7,0.365006,1,p:1.1.3.1.2.2
U5406,215,FUSE2,153972.3001,153972.3001,154922.6001,950.3,950.3,365.7,0.384826,1,p:2.1.4.1.2.2
U5407,215,FUSE2,154005.9001,154005.9001,154904.6001,898.7,898.7,365.7,0.406921,1,p:1.1.2.2.2.2
U1785,72,FUSE0,154024.7001,154024.7001,155064.2001,1039.5,1039.5,271.3,0.260991,1,p:2.1.5.1.2.2
U1786,72,FUSE0,154208.3001,154208.3001,155186.2001,977.9,977.9,271.3,0.277431,1,p:1.1.1.1.2.2
U1787,72,FUSE0,154259.9001,154259.9001,155199.8001,939.9,939.9,271.3,0.288648,1,p:2.1.3.1.2.2
U1788,72,FUSE0,154277.9001,154277.9001,155429.8001,1151.9,1151.9,271.3,0.235524,1,p:1.1.1.1.2.2
U1789,72,FUSE0,154311.5001,154311.5001,155307.8001,996.3,996.3,271.3,0.272308,1,p:2.1.5.1.2.2
U1790,72,FUSE0,154330.3001,154330.3001,155166.2001,835.9,835.9,271.3,0.32456,1,p:1.2.4.1.2.2
U1791,72,FUSE0,154513.9001,154513.9001,155148.2001,634.3,634.3,271.3,0.427716,1,p:2.1.2.2.2.2
U1792,72,FUSE0,154597.9001,154597.9001,155443.4001,845.5,845.5,271.3,0.320875,1,p:1.1.3.1.2.2
U1793,72,FUSE1,154615.9001,154615.9001,155735.4001,1119.5,1119.5,333.3,0.297722,1,p:2.1.1.1.2.2
U1794,72,FUSE1,154635.9001,154635.9001,155613.4001,977.5,977.5,333.3,0.340972,1,p:1.1.5.1.2.2
U1795,72,FUSE1,154649.5001,154649.5001,155453.8001,804.3,804.3,333.3,0.414398,1,p:2.1.2.2.2.2
U1796,72,FUSE1,154851.9001,154851.9001,155592.2001,740.3,740.3,333.3,0.450223,1,p:1.1.4.1.2.2
U1797,72,FUSE1,154935.9001,154935.9001,155749.0001,813.1,813.1,333.3,0.409913,1,p:2.1.3.1.2.2
U1798,72,FUSE1,154953.9001,154953.9001,156041.0001,1087.1,1087.1,333.3,0.306596,1,p:1.1.1.1.2.2
U1799,72,FUSE1,154973.9001,154973.9001,155919.0001,945.1,945.1,333.3,0.352661,1,p:2.1.5.1.2.2
U1800,72,FUSE1,154987.5001,154987.5001,155897.8001,910.3,910.3,333.3,0.366143,1,p:1.1.4.1.2.2
U1801,72,FUSE2,155095.5001,155095.5001,155808.2001,712.7,712.7,365.7,0.513119,1,p:2.1.2.1.2.2
U1802,72,FUSE2,155179.5001,155179.5001,156087.0001,907.5,907.5,365.7,0.402975,1,p:1.2.3.1.2.2
U1803,72,FUSE2,155197.5001,155197.5001,156257.0001,1059.5,1059.5,365.7,0.345163,1,p:2.1.5.1.2.2
U1804,72,FUSE2,155217.5001,155217.5001,156379.0001,1161.5,1161.5,365.7,0.314851,1,p:1.1.1.1.2.2
U1805,72,FUSE2,155231.1001,155231.1001,156235.8001,1004.7,1004.7,365.7,0.363989,1,p:2.1.4.1.2.2
U1806,72,FUSE2,155339.1001,155339.1001,156146.2001,807.1,807.1,365.7,0.453104,1,p:1.1.2.1.2.2
U1807,72,FUSE2,155461.1001,155461.1001,156425.0001,963.9,963.9,365.7,0.379396,1,p:2.1.3.1.2.2
U1808,72,FUSE2,155474.7001,155474.7001,156717.0001,1242.3,1242.3,365.7,0.294373,1,p:1.1.1.2.2.2
U6383,255,FUSE0,155485.1001,155485.1001,156500.6001,1015.5,1015.5,271.3,0.267159,1,p:2.1.5.1.2.2
U6384,255,FUSE0,155623.5001,155623.5001,156479.4001,855.9,855.9,271.3,0.316976,1,p:1.1.4.1.2.2
U6385,255,FUSE0,155644.7001,155644.7001,156389.8001,745.1,745.1,271.3,0.364112,1,p:2.1.2.1.2.2
U6386,255,FUSE0,155766.7001,155766.7001,156668.6001,901.9,901.9,271.3,0.300809,1,p:1.2.3.1.2.2
U6387,255,FUSE0,155780.3001,155780.3001,156744.2001,963.9,963.9,271.3,0.281461,1,p:2.1.5.1.2.2
U6388,255,FUSE0,155839.5001,155839.5001,156723.0001,883.5,883.5,271.3,0.307074,1,p:1.1.4.1.2.2
U6389,255,FUSE0,155929.1001,155929.1001,156960.6001,1031.5,1031.5,271.3,0.263015,1,p:2.1.1.2.2.2
U6390,255,FUSE0,155950.3001,155950.3001,156633.4001,683.1,683.1,271.3,0.39716,1,p:1.2.2.1.2.2
U6391,255,FUSE1,156072.3001,156072.3001,156974.2001,901.9,901.9,333.3,0.369553,1,p:2.1.3.1.2.2
U6392,255,FUSE1,156118.3001,156118.3001,157049.8001,931.5,931.5,333.3,0.35781,1,p:1.1.5.1.2.2
U6393,255,FUSE1,156177.5001,156177.5001,157028.6001,851.1,851.1,333.3,0.391611,1,p:2.1.4.1.2.2
U6394,255,FUSE1,156267.1001,156267.1001,157266.2001,999.1,999.1,333.3,0.3336,1,p:1.1.1.2.2.2
U6395,255,FUSE1,156288.3001,156288.3001,156968.6001,680.3,680.3,333.3,0.489931,1,p:2.1.2.1.2.2
U6396,255,FUSE1,156410.3001,156410.3001,157279.8001,869.5,869.5,333.3,0.383324,1,p:1.2.3.1.2.2
U6397,255,FUSE1,156421.1001,156421.1001,157355.4001,934.3,934.3,333.3,0.356738,1,p:2.1.5.1.2.2
U6398,255,FUSE1,156456.3001,156456.3001,157334.2001,877.9,877.9,333.3,0.379656,1,p:1.1.4.1.2.2
U6399,255,FUSE2,156510.7001,156510.7001,157604.2001,1093.5,1093.5,365.7,0.334431,1,p:2.1.1.1.2.2
U6400,255,FUSE2,156531.9001,156531.9001,157306.6001,774.7,774.7,365.7,0.472054,1,p:1.2.2.1.2.2
U6401,255,FUSE2,156664.7001,156664.7001,157617.8001,953.1,953.1,365.7,0.383695,1,p:2.1.3.1.2.2
U6402,255,FUSE2,156699.9001,156699.9001,157693.4001,993.5,993.5,365.7,0.368093,1,p:1.1.5.1.2.2
U6403,255,FUSE2,156748.3001,156748.3001,157942.2001,1193.9,1193.9,365.7,0.306307,1,p:2.1.1.1.2.2
U6404,255,FUSE2,156754.3001,156754.3001,157672.2001,917.9,917.9,365.7,0.398409,1,p:1.1.4.1.2.2
U6405,255,FUSE2,156775.5001,156775.5001,157644.6001,869.1,869.1,365.7,0.42078,1,p:2.1.2.1.2.2
U1917,77,FUSE0,156991.9001,156991.9001,157861.4001,869.5,869.5,271.3,0.312018,1,p:1.2.3.1.2.2
U1918,77,FUSE0,156999.9001,156999.9001,157937.0001,937.1,937.1,271.3,0.28951,1,p:2.1.5.1.2.2
U1919,77,FUSE0,157005.5001,157005.5001,157915.8001,910.3,910.3,271.3,0.298034,1,p:1.1.4.1.2.2
U1920,77,FUSE0,157059.9001,157059.9001,158185.8001,1125.9,1125.9,271.3,0.240963,1,p:2.1.1.1.2.2
U1921,77,FUSE0,157081.1001,157081.1001,157888.2001,807.1,807.1,271.3,0.336142,1,p:1.2.2.1.2.2
U1922,77,FUSE0,157297.5001,157297.5001,158105.0001,807.5,807.5,271.3,0.335975,1,p:2.1.3.1.2.2
U1923,77,FUSE0,157311.1001,157311.1001,158180.6001,869.5,869.5,271.3,0.312018,1,p:1.1.5.1.2.2
U1924,77,FUSE0,157337.9001,157337.9001,158159.4001,821.5,821.5,271.3,0.33025,1,p:2.1.4.1.2.2
U1925,77,FUSE1,157365.5001,157365.5001,158491.4001,1125.9,1125.9,333.3,0.29603,1,p:1.2.1.1.2.2
U1926,77,FUSE1,157386.7001,157386.7001,158193.8001,807.1,807.1,333.3,0.41296,1,p:2.1.2.1.2.2
U1927,77,FUSE1,157635.5001,157635.5001,158410.6001,775.1,775.1,333.3,0.430009,1,p:1.1.3.1.2.2
U1928,77,FUSE1,157649.1001,157649.1001,158486.2001,837.1,837.1,333.3,0.39816,1,p:2.1.5.1.2.2
U1929,77,FUSE1,157675.9001,157675.9001,158465.0001,789.1,789.1,333.3,0.42238,1,p:1.1.4.1.2.2
U1930,77,FUSE1,157703.5001,157703.5001,158797.0001,1093.5,1093.5,333.3,0.304801,1,p:2.1.1.1.2.2
U1931,77,FUSE1,157724.7001,157724.7001,158499.4001,774.7,774.7,333.3,0.430231,1,p:1.2.2.1.2.2
U1932,77,FUSE1,157892.7001,157892.7001,158716.2001,823.5,823.5,333.3,0.404736,1,p:2.1.3.1.2.2
U1933,77,FUSE2,157919.5001,157919.5001,158824.2001,904.7,904.7,365.7,0.404222,1,p:1.1.5.1.2.2
U1934,77,FUSE2,157947.1001,157947.1001,158803.0001,855.9,855.9,365.7,0.42727,1,p:2.1.4.1.2.2
U1935,77,FUSE2,157968.3001,157968.3001,159135.0001,1166.7,1166.7,365.7,0.313448,1,p:1.2.1.1.2.2
U1936,77,FUSE2,157973.5001,157973.5001,158837.4001,863.9,863.9,365.7,0.423313,1,p:2.1.2.1.2.2
U1937,77,FUSE2,158136.3001,158136.3001,159054.2001,917.9,917.9,365.7,0.398409,1,p:1.1.3.1.2.2
U1938,77,FUSE2,158190.7001,158190.7001,159162.2001,971.5,971.5,365.7,0.376428,1,p:2.1.5.1.2.2
U1939,77,FUSE2,158211.9001,158211.9001,159141.0001,929.1,929.1,365.7,0.393607,1,p:1.1.4.1.2.2
U8148,326,FUSE0,158217.1001,158217.1001,159378.6001,1161.5,1161.5,271.3,0.233577,1,p:2.1.1.2.2.2
U8149,326,FUSE0,158225.1001,158225.1001,159081.0001,855.9,855.9,271.3,0.316976,1,p:1.1.2.1.2.2
U8150,326,FUSE0,158441.9001,158441.9001,159297.8001,855.9,855.9,271.3,0.316976,1,p:2.1.3.1.2.2
U8151,326,FUSE0,158496.3001,158496.3001,159405.8001,909.5,909.5,271.3,0.298296,1,p:1.1.5.1.2.2
U8152,326,FUSE0,158517.5001,158517.5001,159384.6001,867.1,867.1,271.3,0.312882,1,p:2.1.4.1.2.2
U8153,326,FUSE0,158522.7001,158522.7001,159622.2001,1099.5,1099.5,271.3,0.246749,1,p:1.2.1.2.2.2
U8154,326,FUSE0,158530.7001,158530.7001,159324.6001,793.9,793.9,271.3,0.341731,1,p:2.1.2.1.2.2
U8155,326,FUSE0,158747.5001,158747.5001,159541.4001,793.9,793.9,271.3,0.341731,1,p:1.1.3.1.2.2
U8156,326,FUSE0,158828.3001,158828.3001,159649.4001,821.1,821.1,271.3,0.33041,1,p:2.1.5.1.2.2
U8157,326,FUSE1,158834.3001,158834.3001,159690.2001,855.9,855.9,333.3,0.389415,1,p:1.1.4.1.2.2
U8158,326,FUSE1,158855.5001,158855.5001,159927.8001,1072.3,1072.3,333.3,0.310827,1,p:2.1.1.1.2.2
U8159,326,FUSE1,158868.7001,158868.7001,159630.2001,761.5,761.5,333.3,0.437689,1,p:1.1.2.1.2.2
U8160,326,FUSE1,159085.5001,159085.5001,159847.0001,761.5,761.5,333.3,0.437689,1,p:2.1.3.1.2.2
U8161,326,FUSE1,159112.3001,159112.3001,159955.0001,842.7,842.7,333.3,0.395514,1,p:1.1.5.1.2.2
U8162,326,FUSE1,159166.3001,159166.3001,160233.4001,1067.1,1067.1,333.3,0.312342,1,p:2.1.1.1.2.2
U8163,326,FUSE1,159172.3001,159172.3001,159995.8001,823.5,823.5,333.3,0.404736,1,p:1.1.4.1.2.2
U8164,326,FUSE1,159193.5001,159193.5001,159935.8001,742.3,742.3,333.3,0.44901,1,p:2.1.2.1.2.2
U8165,326,FUSE1,159329.1001,159329.1001,160152.6001,823.5,823.5,333.3,0.404736,1,p:1.2.3.1.2.2
U8166,326,FUSE2,159355.9001,159355.9001,160293.0001,937.1,937.1,365.7,0.390247,1,p:2.1.5.1.2.2
U8167,326,FUSE2,159409.9001,159409.9001,160333.8001,923.9,923.9,365.7,0.395822,1,p:1.1.4.1.2.2
U8168,326,FUSE2,159415.9001,159415.9001,160571.4001,1155.5,1155.5,365.7,0.316486,1,p:2.1.1.1.2.2
U8169,326,FUSE2,159437.1001,159437.1001,160273.8001,836.7,836.7,365.7,0.437074,1,p:1.2.2.1.2.2
U8170,326,FUSE2,159572.7001,159572.7001,160490.6001,917.9,917.9,365.7,0.398409,1,p:2.1.3.1.2.2
U8171,326,FUSE2,159653.5001,159653.5001,160631.0001,977.5,977.5,365.7,0.374118,1,p:1.1.5.1.2.2
U8172,326,FUSE2,159661.5001,159661.5001,160671.8001,1010.3,1010.3,365.7,0.361972,1,p:2.1.4.1.2.2
U8173,326,FUSE2,159680.7001,159680.7001,160909.4001,1228.7,1228.7,365.7,0.297632,1,p:1.1.1.1.2.2
U8174,326,FUSE2,159721.5001,159721.5001,160651.8001,930.3,930.3,365.7,0.393099,1,p:2.1.2.2.1.2
U5704,228,FUSE0,159878.3001,159878.3001,160734.2001,855.9,855.9,271.3,0.316976,1,p:1.2.3.1.2.2
U5705,228,FUSE0,159959.1001,159959.1001,160874.6001,915.5,915.5,271.3,0.296341,1,p:2.1.5.1.2.2
U5706,228,FUSE0,159967.1001,159967.1001,160915.4001,948.3,948.3,271.3,0.286091,1,p:1.1.4.1.2.2
U5707,228,FUSE0,159986.3001,159986.3001,160977.8001,991.5,991.5,271.3,0.273626,1,p:2.1.3.1.2.2
U5708,228,FUSE0,160027.1001,160027.1001,161153.0001,1125.9,1125.9,271.3,0.240963,1,p:1.1.1.1.2.2
U5709,228,FUSE0,160183.9001,160183.9001,160895.4001,711.5,711.5,271.3,0.381307,1,p:2.1.2.2.1.2
U5710,228,FUSE0,160264.7001,160264.7001,161118.2001,853.5,853.5,271.3,0.317868,1,p:1.1.5.1.2.2
U5711,228,FUSE0,160305.1001,160305.1001,161159.0001,853.9,853.9,271.3,0.317719,1,p:2.1.4.1.2.2
U5712,228,FUSE1,160324.3001,160324.3001,161458.6001,1134.3,1134.3,333.3,0.293838,1,p:1.1.1.1.2.2
U5713,228,FUSE1,160365.1001,160365.1001,161283.4001,918.3,918.3,333.3,0.362953,1,p:2.1.3.1.2.2
U5714,228,FUSE1,160521.9001,160521.9001,161262.2001,740.3,740.3,333.3,0.450223,1,p:1.2.2.2.1.2
U5715,228,FUSE1,160602.7001,160602.7001,161423.8001,821.1,821.1,333.3,0.405919,1,p:2.1.5.1.2.2
U5716,228,FUSE1,160662.3001,160662.3001,161464.6001,802.3,802.3,333.3,0.415431,1,p:1.1.4.1.2.2
U5717,228,FUSE1,160683.1001,160683.1001,161589.0001,905.9,905.9,333.3,0.367921,1,p:2.1.3.1.2.2
U5718,228,FUSE1,160703.1001,160703.1001,161766.4001,1063.3,1063.3,333.3,0.313458,1,p:1.1.1.1.2.2
U5719,228,FUSE1,160765.5001,160765.5001,161567.8001,802.3,802.3,333.3,0.415431,1,p:2.1.2.2.1.2
U5720,228,FUSE2,160905.9001,160905.9001,161761.8001,855.9,855.9,365.7,0.42727,1,p:1.1.5.1.2.2
U5721,228,FUSE2,160926.7001,160926.7001,161802.6001,875.9,875.9,365.7,0.417513,1,p:2.1.4.1.2.2
U5722,228,FUSE2,160940.7001,160940.7001,162104.4001,1163.7,1163.7,365.7,0.314256,1,p:1.1.1.1.2.2
U5723,228,FUSE2,160946.7001,160946.7001,161927.0001,980.3,980.3,365.7,0.373049,1,p:2.1.3.1.2.2
U5724,228,FUSE2,161009.1001,161009.1001,161905.8001,896.7,896.7,365.7,0.407829,1,p:1.1.2.2.1.2
U5725,228,FUSE2,161149.5001,161149.5001,162099.8001,950.3,950.3,365.7,0.384826,1,p:2.1.5.1.2.2
U5726,228,FUSE2,161184.3001,161184.3001,162140.6001,956.3,956.3,365.7,0.382411,1,p:1.1.4.1.2.2
U5727,228,FUSE2,161190.3001,161190.3001,162440.2001,1249.9,1249.9,365.7,0.292583,1,p:2.1.1.1.2.2
U7129,285,FUSE0,161293.5001,161293.5001,162170.6001,877.1,877.1,271.3,0.309315,1,p:1.1.3.1.2.2
U7130,285,FUSE0,161314.7001,161314.7001,162149.4001,834.7,834.7,271.3,0.325027,1,p:2.1.2.2.1.2
U7131,285,FUSE0,161455.1001,161455.1001,162343.4001,888.3,888.3,271.3,0.305415,1,p:1.1.5.1.2.2
U7132,285,FUSE0,161489.9001,161489.9001,162384.2001,894.3,894.3,271.3,0.303366,1,p:2.1.4.1.2.2
U7133,285,FUSE0,161495.9001,161495.9001,162414.2001,918.3,918.3,271.3,0.295437,1,p:1.1.3.1.2.2
U7134,285,FUSE0,161599.1001,161599.1001,162393.0001,793.9,793.9,271.3,0.341731,1,p:2.1.2.2.1.2
U7135,285,FUSE0,161620.3001,161620.3001,162683.8001,1063.5,1063.5,271.3,0.255101,1,p:1.1.1.1.2.2
U7136,285,FUSE0,161793.1001,161793.1001,162587.0001,793.9,793.9,271.3,0.341731,1,p:2.1.5.1.2.2
U7137,285,FUSE0,161797.7001,161797.7001,162627.8001,830.1,830.1,271.3,0.326828,1,p:1.1.4.1.2.2
U7138,285,FUSE1,161833.9001,161833.9001,162719.8001,885.9,885.9,333.3,0.376228,1,p:2.1.3.1.2.2
U7139,285,FUSE1,161937.1001,161937.1001,162698.6001,761.5,761.5,333.3,0.437689,1,p:1.1.2.2.1.2
U7140,285,FUSE1,161958.3001,161958.3001,162989.4001,1031.1,1031.1,333.3,0.323247,1,p:2.1.1.1.2.2
U7141,285,FUSE1,162131.1001,162131.1001,170272.3128,8141.2127,8141.2127,333.3,0.04094,1,p:1.1.5.1.2.2
U7142,285,FUSE1,162135.7001,162135.7001,170242.7128,8107.0127,8107.0127,333.3,0.041113,1,p:2.1.4.1.2.2
U7143,285,FUSE1,162171.9001,162171.9001,170213.1128,8041.2127,8041.2127,333.3,0.041449,1,p:1.1.3.1.2.2
U7144,285,FUSE1,162180.7001,162180.7001,170143.5128,7962.8127,7962.8127,333.3,0.041857,1,p:2.1.1.1.2.2
U7145,285,FUSE1,162201.9001,162201.9001,170233.9128,8032.0127,8032.0127,333.3,0.041496,1,p:1.1.2.2.1.2
U7146,285,FUSE1,162374.7001,162374.7001,170577.9128,8203.2127,8203.2127,333.3,0.04063,1,p:2.1.5.1.2.2
U7147,285,FUSE2,162415.5001,162415.5001,170582.5128,8167.0127,8167.0127,365.7,0.044778,1,p:1.1.4.1.2.2
U7148,285,FUSE2,162424.3001,162424.3001,170551.1128,8126.8127,8126.8127,365.7,0.044999,1,p:2.1.3.1.2.2
U7149,285,FUSE2,162445.5001,162445.5001,163218.2001,772.7,772.7,365.7,0.473276,1,p:1.2.2.2.1.2
U7150,285,FUSE2,162471.5001,162471.5001,170481.5128,8010.0127,8010.0127,365.7,0.045655,1,p:2.1.1.1.2.2
U7151,285,FUSE2,162618.3001,162618.3001,170915.9128,8297.6127,8297.6127,365.7,0.044073,1,p:1.1.5.1.2.2
U7152,285,FUSE2,162659.1001,162659.1001,170920.5128,8261.4127,8261.4127,365.7,0.044266,1,p:2.1.4.1.2.2
U7153,285,FUSE2,162715.1001,162715.1001,170889.1128,8174.0127,8174.0127,365.7,0.044739,1,p:1.1.3.1.2.2
U7154,285,FUSE2,162729.9001,162729.9001,170571.9128,7842.0127,7842.0127,365.7,0.046633,1,p:2.1.2.2.1.2
U7155,285,FUSE2,162751.1001,162751.1001,170819.5128,8068.4127,8068.4127,365.7,0.045325,1,p:1.1.1.2.2.2
U8710,349,FUSE0,163020.7001,163020.7001,171159.5128,8138.8127,8138.8127,271.3,0.033334,1,p:2.1.5.1.2.2
E144,367,FUSE0,163249.5001,163249.5001,163847.8001,598.3,598.3,271.3,0.453451,1,p:1.2.1.1.2.2
E145,367,FUSE0,163879.1001,163879.1001,164497.4001,618.3,618.3,271.3,0.438784,1,p:2.2.1.1.2.2
E146,367,FUSE0,164528.7001,164528.7001,165127.0001,598.3,598.3,271.3,0.453451,1,p:1.2.1.1.2.2
E147,367,FUSE0,165158.3001,165158.3001,165776.6001,618.3,618.3,271.3,0.438784,1,p:2.2.1.1.2.2
E148,367,FUSE0,165807.9001,165807.9001,166406.2001,598.3,598.3,271.3,0.453451,1,p:1.2.1.1.2.2
E149,367,FUSE0,166437.5001,166437.5001,167055.8001,618.3,618.3,271.3,0.438784,1,p:2.2.1.1.2.2
E150,367,FUSE0,167087.1001,167087.1001,167685.4001,598.3,598.3,271.3,0.453451,1,p:1.2.1.1.2.2
E151,367,FUSE0,167716.7001,167716.7001,168335.0001,618.3,618.3,271.3,0.438784,1,p:2.2.1.1.2.2
E152,367,FUSE0,168366.3001,168366.3001,168964.6001,598.3,598.3,271.3,0.453451,1,p:1.2.1.1.2.2
E153,367,FUSE1,168995.9001,168995.9001,169676.2001,680.3,680.3,333.3,0.489931,1,p:2.2.1.1.2.2
E154,367,FUSE1,169707.5001,169707.5001,170837.5128,1130.0127,1130.0127,333.3,0.294952,1,p:1.1.2.1.2.2
E155,367,FUSE1,170174.8128,170174.8128,171143.1128,968.3,968.3,333.3,0.344212,1,p:2.1.2.1.2.2
E156,367,FUSE1,170244.4128,170244.4128,171165.1128,920.7,920.7,333.3,0.362007,1,p:1.1.1.2.1.2
E157,367,FUSE1,170265.2128,170265.2128,171194.7128,929.5,929.5,333.3,0.35858,1,p:2.1.3.1.2.2
E158,367,FUSE1,170274.0128,170274.0128,171224.3128,950.3,950.3,333.3,0.350731,1,p:1.2.4.1.2.2
E159,367,FUSE1,170303.6128,170303.6128,171465.1128,1161.5,1161.5,333.3,0.286957,1,p:2.1.5.1.2.2
E160,367,FUSE2,170512.8128,170512.8128,171481.1128,968.3,968.3,365.7,0.377672,1,p:1.1.2.1.2.2
E161,367,FUSE2,170582.4128,170582.4128,171503.1128,920.7,920.7,365.7,0.397198,1,p:2.1.1.2.1.2
E162,367,FUSE2,170603.2128,170603.2128,171532.7128,929.5,929.5,365.7,0.393437,1,p:1.1.3.1.2.2
E163,367,FUSE2,170609.2128,170609.2128,171562.3128,953.1,953.1,365.7,0.383695,1,p:2.1.4.1.2.2
E164,367,FUSE2,170613.8128,170613.8128,171803.1128,1189.3,1189.3,365.7,0.307492,1,p:1.2.5.1.2.2
E165,367,FUSE2,170850.8128,170850.8128,171841.1128,990.3,990.3,365.7,0.369282,1,p:2.1.1.2.1.2
E166,367,FUSE2,170868.8128,170868.8128,171819.1128,950.3,950.3,365.7,0.384826,1,p:1.1.2.1.2.2
E167,367,FUSE2,170920.4128,170920.4128,171870.7128,950.3,950.3,365.7,0.384826,1,p:2.1.3.1.2.2
U8711,349,FUSE0,170947.2128,170947.2128,171807.7128,860.5,860.5,271.3,0.315282,1,p:1.1.4.1.2.2
U8712,349,FUSE0,170951.8128,170951.8128,172114.3128,1162.5,1162.5,271.3,0.233376,1,p:2.1.3.1.2.2
U8713,349,FUSE0,171174.4128,171174.4128,172102.7128,928.3,928.3,271.3,0.292255,1,p:1.1.2.2.1.2
U8714,349,FUSE0,171190.8128,171190.8128,172049.3128,858.5,858.5,271.3,0.316016,1,p:2.1.5.1.2.2
U8715,349,FUSE0,171196.4128,171196.4128,172044.7128,848.3,848.3,271.3,0.319816,1,p:1.1.1.2.2.2
U8716,349,FUSE0,171226.0128,171226.0128,172053.9128,827.9,827.9,271.3,0.327697,1,p:2.1.4.1.2.2
U8717,349,FUSE0,171255.6128,171255.6128,172359.7128,1104.1,1104.1,271.3,0.24572,1,p:1.1.3.1.2.2
U8718,349,FUSE0,171496.4128,171496.4128,172346.3128,849.9,849.9,271.3,0.319214,1,p:2.1.2.2.1.2
U8719,349,FUSE0,171512.4128,171512.4128,172290.3128,777.9,777.9,271.3,0.348759,1,p:1.1.5.1.2.2
U8720,349,FUSE1,171534.4128,171534.4128,172350.3128,815.9,815.9,333.3,0.408506,1,p:2.1.1.1.2.2
U8721,349,FUSE1,171564.0128,171564.0128,172355.1128,791.1,791.1,333.3,0.421312,1,p:1.1.4.1.2.2
U8722,349,FUSE1,171593.6128,171593.6128,172665.3128,1071.7,1071.7,333.3,0.311001,1,p:2.1.3.1.2.2
U8723,349,FUSE1,171834.4128,171834.4128,172651.9128,817.5,817.5,333.3,0.407706,1,p:1.1.2.2.1.2
U8724,349,FUSE1,171839.0128,171839.0128,172641.1128,802.1,802.1,333.3,0.415534,1,p:2.1.5.1.2.2
U8725,349,FUSE1,171850.4128,171850.4128,172655.9128,805.5,805.5,333.3,0.41378,1,p:1.1.1.1.2.2
U8726,349,FUSE1,171872.4128,171872.4128,172660.7128,788.3,788.3,333.3,0.422809,1,p:2.1.4.1.2.2
U8727,349,FUSE1,171902.0128,171902.0128,172969.1128,1067.1,1067.1,333.3,0.312342,1,p:1.1.3.1.2.2
U8728,349,FUSE1,172076.0128,172076.0128,172957.5128,881.5,881.5,333.3,0.378106,1,p:2.1.2.2.1.2
U8729,349,FUSE2,172080.6128,172080.6128,172979.1128,898.5,898.5,365.7,0.407012,1,p:1.1.5.1.2.2
U8730,349,FUSE2,172085.2128,172085.2128,172993.9128,908.7,908.7,365.7,0.402443,1,p:2.1.1.1.2.2
U8731,349,FUSE2,172134.0128,172134.0128,172998.7128,864.7,864.7,365.7,0.422921,1,p:1.1.4.1.2.2
U8732,349,FUSE2,172145.6128,172145.6128,173307.1128,1161.5,1161.5,365.7,0.314851,1,p:2.1.3.1.2.2
U8733,349,FUSE2,172321.6128,172321.6128,173295.5128,973.9,973.9,365.7,0.375501,1,p:1.1.2.2.1.2
U8734,349,FUSE2,172377.6128,172377.6128,173317.1128,939.5,939.5,365.7,0.38925,1,p:2.1.5.1.2.2
U8735,349,FUSE2,172381.6128,172381.6128,173331.9128,950.3,950.3,365.7,0.384826,1,p:1.1.1.1.2.2
U8736,349,FUSE2,172386.4128,172386.4128,173336.7128,950.3,950.3,365.7,0.384826,1,p:2.1.4.1.2.2
U8737,349,FUSE2,172391.0128,172391.0128,173645.1128,1254.1,1254.1,365.7,0.291604,1,p:1.1.3.1.2.2
U8738,349,FUSE2,172672.4128,172672.4128,173633.5128,961.1,961.1,365.7,0.380502,1,p:2.1.2.2.1.2
U1663,67,FUSE0,172683.2128,172683.2128,173560.7128,877.5,877.5,271.3,0.309174,1,p:1.1.5.1.2.2
U1664,67,FUSE0,172687.2128,172687.2128,173580.3128,893.1,893.1,271.3,0.303773,1,p:2.1.4.1.2.2
U1665,67,FUSE0,172692.0128,172692.0128,173575.5128,883.5,883.5,271.3,0.307074,1,p:1.1.1.1.2.2
U1666,67,FUSE0,172696.6128,172696.6128,173888.7128,1192.1,1192.1,271.3,0.227582,1,p:2.1.3.1.2.2
U1667,67,FUSE0,172988.8128,172988.8128,173804.3128,815.5,815.5,271.3,0.332679,1,p:1.1.5.1.2.2
U1668,67,FUSE0,173000.4128,173000.4128,173877.1128,876.7,876.7,271.3,0.309456,1,p:2.1.2.2.1.2
U1669,67,FUSE0,173010.4128,173010.4128,173819.1128,808.7,808.7,271.3,0.335477,1,p:1.1.1.1.2.2
U1670,67,FUSE0,173025.2128,173025.2128,173823.9128,798.7,798.7,271.3,0.339677,1,p:2.1.4.1.2.2
U1671,67,FUSE0,173030.0128,173030.0128,174138.5128,1108.5,1108.5,271.3,0.244745,1,p:1.1.3.1.2.2
U1672,67,FUSE1,173326.8128,173326.8128,174129.3128,802.5,802.5,333.3,0.415327,1,p:2.1.5.1.2.2
U1673,67,FUSE1,173338.4128,173338.4128,174143.1128,804.7,804.7,333.3,0.414192,1,p:1.1.2.2.2.2
U1674,67,FUSE1,173348.4128,173348.4128,174133.9128,785.5,785.5,333.3,0.424316,1,p:2.1.4.1.2.2
U1675,67,FUSE1,173363.2128,173363.2128,174124.7128,761.5,761.5,333.3,0.437689,1,p:1.1.1.1.2.2
U1676,67,FUSE1,173368.0128,173368.0128,174444.1128,1076.1,1076.1,333.3,0.30973,1,p:2.1.3.1.2.2
U1677,67,FUSE1,173592.0128,173592.0128,174434.9128,842.9,842.9,333.3,0.395421,1,p:1.1.5.1.2.2
U1678,67,FUSE1,173606.8128,173606.8128,174430.3128,823.5,823.5,333.3,0.404736,1,p:2.1.1.1.2.2
U1679,67,FUSE1,173611.6128,173611.6128,174448.7128,837.1,837.1,333.3,0.39816,1,p:1.1.2.2.2.2
U1680,67,FUSE1,173664.8128,173664.8128,174439.5128,774.7,774.7,333.3,0.430231,1,p:2.1.4.1.2.2
U1681,67,FUSE1,173676.4128,173676.4128,174743.5128,1067.1,1067.1,333.3,0.312342,1,p:1.1.3.1.2.2
U1682,67,FUSE2,173835.6128,173835.6128,174772.9128,937.3,937.3,365.7,0.390163,1,p:2.1.5.1.2.2
U1683,67,FUSE2,173850.4128,173850.4128,174786.3128,935.9,935.9,365.7,0.390747,1,p:1.1.2.2.2.2
U1684,67,FUSE2,173855.2128,173855.2128,174777.5128,922.3,922.3,365.7,0.396509,1,p:2.1.4.1.2.2
U1685,67,FUSE2,173908.4128,173908.4128,174768.3128,859.9,859.9,365.7,0.425282,1,p:1.1.1.1.2.2
U1686,67,FUSE2,173920.0128,173920.0128,175081.5128,1161.5,1161.5,365.7,0.314851,1,p:2.1.3.1.2.2
U1687,67,FUSE2,174156.0128,174156.0128,175110.9128,954.9,954.9,365.7,0.382972,1,p:1.1.5.1.2.2
U1688,67,FUSE2,174160.6128,174160.6128,175124.3128,963.7,963.7,365.7,0.379475,1,p:2.1.2.2.2.2
U1689,67,FUSE2,174165.2128,174165.2128,175106.3128,941.1,941.1,365.7,0.388588,1,p:1.1.1.1.2.2
U1690,67,FUSE2,174169.8128,174169.8128,175115.5128,945.7,945.7,365.7,0.386698,1,p:2.1.4.1.2.2
U1691,67,FUSE2,174174.4128,174174.4128,175419.5128,1245.1,1245.1,365.7,0.293711,1,p:1.1.3.1.2.2
U1489,60,FUSE0,174461.6128,174461.6128,175354.5128,892.9,892.9,271.3,0.303841,1,p:2.1.5.1.2.2
U1490,60,FUSE0,174466.2128,174466.2128,175407.9128,941.7,941.7,271.3,0.288096,1,p:1.1.2.2.1.2
U1491,60,FUSE0,174470.8128,174470.8128,175359.1128,888.3,888.3,271.3,0.305415,1,p:2.1.4.1.2.2
U1492,60,FUSE0,174475.4128,174475.4128,175349.9128,874.5,874.5,271.3,0.310234,1,p:1.1.1.1.2.2
U1493,60,FUSE0,174480.0128,174480.0128,175664.9128,1184.9,1184.9,271.3,0.228964,1,p:2.1.3.1.2.2
U1494,60,FUSE0,174774.8128,174774.8128,175598.1128,823.3,823.3,271.3,0.329528,1,p:1.1.5.1.2.2
U1495,60,FUSE0,174799.6128,174799.6128,175651.5128,851.9,851.9,271.3,0.318465,1,p:2.1.2.2.1.2
U1496,60,FUSE0,174804.2128,174804.2128,175593.5128,789.3,789.3,271.3,0.343722,1,p:1.1.1.1.2.2
U1497,60,FUSE1,174808.8128,174808.8128,175660.3128,851.5,851.5,333.3,0.391427,1,p:2.1.4.1.2.2
U1498,60,FUSE1,174817.6128,174817.6128,175970.5128,1152.9,1152.9,333.3,0.289097,1,p:1.1.3.1.2.2
U1499,60,FUSE1,175112.8128,175112.8128,175913.1128,800.3,800.3,333.3,0.416469,1,p:2.1.5.1.2.2
U1500,60,FUSE1,175137.6128,175137.6128,175957.1128,819.5,819.5,333.3,0.406711,1,p:1.1.2.2.1.2
U1501,60,FUSE1,175142.2128,175142.2128,175965.9128,823.7,823.7,333.3,0.404638,1,p:2.1.4.1.2.2
U1502,60,FUSE1,175146.8128,175146.8128,175899.1128,752.3,752.3,333.3,0.443041,1,p:1.1.1.1.2.2
U1503,60,FUSE1,175155.6128,175155.6128,176274.3128,1118.7,1118.7,333.3,0.297935,1,p:2.1.3.1.2.2
U1504,60,FUSE2,175381.2128,175381.2128,176251.1128,869.9,869.9,365.7,0.420393,1,p:1.1.5.1.2.2
U1505,60,FUSE2,175385.8128,175385.8128,176237.1128,851.3,851.3,365.7,0.429578,1,p:2.1.1.1.2.2
U1506,60,FUSE2,175390.4128,175390.4128,176255.7128,865.3,865.3,365.7,0.422628,1,p:1.1.2.2.2.2
U1507,60,FUSE2,175439.2128,175439.2128,176303.9128,864.7,864.7,365.7,0.422921,1,p:2.1.4.1.2.2
U1508,60,FUSE2,175450.8128,175450.8128,176612.3128,1161.5,1161.5,365.7,0.314851,1,p:1.1.3.1.2.2
U1509,60,FUSE2,175624.8128,175624.8128,176589.1128,964.3,964.3,365.7,0.379239,1,p:2.1.5.1.2.2
U1510,60,FUSE2,175629.4128,175629.4128,176593.7128,964.3,964.3,365.7,0.379239,1,p:1.1.2.2.2.2
U5108,204,FUSE0,175682.8128,175682.8128,176547.5128,864.7,864.7,271.3,0.31375,1,p:2.1.4.1.2.2
U5109,204,FUSE0,175691.6128,175691.6128,176480.7128,789.1,789.1,271.3,0.343809,1,p:1.1.1.1.2.2
U5110,204,FUSE0,175696.2128,175696.2128,176855.9128,1159.7,1159.7,271.3,0.23394,1,p:2.1.3.1.2.2
U5111,204,FUSE0,175930.4128,175930.4128,176724.3128,793.9,793.9,271.3,0.341731,1,p:1.1.1.1.2.2
U5112,204,FUSE0,175944.4128,175944.4128,176837.3128,892.9,892.9,271.3,0.303841,1,p:2.1.2.2.2.2
U5113,204,FUSE0,175988.4128,175988.4128,176832.7128,844.3,844.3,271.3,0.321331,1,p:1.1.5.1.2.2
U5114,204,FUSE0,175997.2128,175997.2128,176791.1128,793.9,793.9,271.3,0.341731,1,p:2.1.4.1.2.2
U5115,204,FUSE1,176001.8128,176001.8128,177161.5128,1159.7,1159.7,333.3,0.287402,1,p:1.1.3.1.2.2
U5116,204,FUSE1,176268.4128,176268.4128,177138.3128,869.9,869.9,333.3,0.383147,1,p:2.1.5.1.2.2
U5117,204,FUSE1,176282.4128,176282.4128,177029.9128,747.5,747.5,333.3,0.445886,1,p:1.1.1.1.2.2
U5118,204,FUSE1,176287.0128,176287.0128,177096.7128,809.7,809.7,333.3,0.411634,1,p:2.1.4.1.2.2
U5119,204,FUSE1,176305.6128,176305.6128,177142.9128,837.3,837.3,333.3,0.398065,1,p:1.1.2.2.2.2
U5120,204,FUSE1,176335.2128,176335.2128,177467.1128,1131.9,1131.9,333.3,0.294461,1,p:2.1.3.1.2.2
U5121,204,FUSE1,176512.0128,176512.0128,177335.5128,823.5,823.5,333.3,0.404736,1,p:1.1.1.1.2.2
U5122,204,FUSE2,176578.8128,176578.8128,177480.9128,902.1,902.1,365.7,0.405387,1,p:2.1.2.2.2.2
U5123,204,FUSE2,176620.4128,176620.4128,177476.3128,855.9,855.9,365.7,0.42727,1,p:1.1.5.1.2.2
U5124,204,FUSE2,176625.0128,176625.0128,177434.7128,809.7,809.7,365.7,0.451649,1,p:2.1.4.1.2.2
U5125,204,FUSE2,176643.6128,176643.6128,177805.1128,1161.5,1161.5,365.7,0.314851,1,p:1.1.3.1.2.2
U5126,204,FUSE2,176755.6128,176755.6128,177673.5128,917.9,917.9,365.7,0.398409,1,p:2.1.1.1.2.2
U5127,204,FUSE2,176822.4128,176822.4128,177814.3128,991.9,991.9,365.7,0.368686,1,p:1.2.5.1.2.2
U5128,204,FUSE2,176864.0128,176864.0128,177818.9128,954.9,954.9,365.7,0.382972,1,p:2.1.2.2.2.2
U5129,204,FUSE2,176868.6128,176868.6128,177772.7128,904.1,904.1,365.7,0.404491,1,p:1.1.4.1.2.2
U2106,85,FUSE0,176887.2128,176887.2128,178048.7128,1161.5,1161.5,271.3,0.233577,1,p:2.1.3.1.2.2
U2107,85,FUSE0,177061.2128,177061.2128,177917.1128,855.9,855.9,271.3,0.316976,1,p:1.1.1.1.2.2
U2108,85,FUSE0,177128.0128,177128.0128,178062.5128,934.5,934.5,271.3,0.290316,1,p:2.1.2.2.2.2
U2109,85,FUSE0,177169.6128,177169.6128,178057.9128,888.3,888.3,271.3,0.305415,1,p:1.1.5.1.2.2
U2110,85,FUSE0,177174.2128,177174.2128,178016.3128,842.1,842.1,271.3,0.322171,1,p:2.1.4.1.2.2
U2111,85,FUSE0,177192.8128,177192.8128,178294.1099,1101.2971,1101.2971,271.3,0.246346,1,p:1.1.3.1.2.2
U2112,85,FUSE0,177366.8128,177366.8128,178160.7128,793.9,793.9,271.3,0.341731,1,p:2.1.1.1.2.2
U2113,85,FUSE0,177466.0128,177466.0128,178303.3099,837.2971,837.2971,271.3,0.324019,1,p:1.2.5.1.2.2
U2114,85,FUSE1,177498.4128,177498.4128,178369.3099,870.8971,870.8971,333.3,0.382709,1,p:2.1.2.1.2.2
U2115,85,FUSE1,177507.6128,177507.6128,178323.7099,816.0971,816.0971,333.3,0.408407,1,p:1.1.4.1.2.2
U2116,85,FUSE1,177512.2128,177512.2128,178597.9128,1085.7,1085.7,333.3,0.306991,1,p:2.1.3.1.2.2
U2117,85,FUSE1,177704.8128,177704.8128,178468.1099,763.2971,763.2971,333.3,0.436658,1,p:1.1.1.1.2.2
U2118,85,FUSE1,177804.0128,177804.0128,178607.1128,803.1,803.1,333.3,0.415017,1,p:2.1.5.1.2.2
U2119,85,FUSE1,177836.4128,177836.4128,178673.1128,836.7,836.7,333.3,0.398351,1,p:1.1.2.1.2.2
U2120,85,FUSE1,177845.6128,177845.6128,178627.5128,781.9,781.9,333.3,0.426269,1,p:2.1.4.1.2.2
U2121,85,FUSE1,177850.2128,177850.2128,178903.5128,1053.3,1053.3,333.3,0.316434,1,p:1.1.3.1.2.2
U2122,85,FUSE1,177948.4128,177948.4128,178771.9128,823.5,823.5,333.3,0.404736,1,p:2.1.1.1.2.2
U2123,85,FUSE2,178047.6128,178047.6128,178945.1128,897.5,897.5,365.7,0.407465,1,p:1.2.5.1.2.2
U2124,85,FUSE2,178080.0128,178080.0128,179011.1128,931.1,931.1,365.7,0.392761,1,p:2.1.2.1.2.2
U2125,85,FUSE2,178089.2128,178089.2128,178965.5128,876.3,876.3,365.7,0.417323,1,p:1.1.4.1.2.2
U2126,85,FUSE2,178093.8128,178093.8128,179109.9128,1016.1,1016.1,365.7,0.359906,1,p:2.1.1.1.2.2
U2127,85,FUSE2,178192.0128,178192.0128,179241.5128,1049.5,1049.5,365.7,0.348452,1,p:1.1.3.1.2.2
U2128,85,FUSE2,178325.4099,178325.4099,179283.1128,957.7029,957.7029,365.7,0.381851,1,p:2.1.5.1.2.2
U2129,85,FUSE2,178334.6099,178334.6099,179349.1128,1014.5029,1014.5029,365.7,0.360472,1,p:1.1.2.1.2.2
U2130,85,FUSE2,178355.0099,178355.0099,179303.5128,948.5029,948.5029,365.7,0.385555,1,p:2.1.4.1.2.2
U2131,85,FUSE2,178400.6099,178400.6099,179579.5128,1178.9029,1178.9029,365.7,0.310204,1,p:1.1.3.1.2.2
U6676,267,FUSE0,178499.4099,178499.4099,179353.7128,854.3029,854.3029,271.3,0.317569,1,p:2.1.1.1.2.2
U6677,267,FUSE0,178629.2128,178629.2128,179526.7128,897.5,897.5,271.3,0.302284,1,p:1.2.5.1.2.2
U6678,267,FUSE0,178638.4128,178638.4128,179592.7128,954.3,954.3,271.3,0.284292,1,p:2.1.2.1.2.2
U6679,267,FUSE0,178658.8128,178658.8128,179597.3128,938.5,938.5,271.3,0.289078,1,p:1.2.1.1.2.2
U6680,267,FUSE0,178704.4128,178704.4128,179823.1128,1118.7,1118.7,271.3,0.242514,1,p:2.1.3.1.2.2
U6681,267,FUSE0,178803.2128,178803.2128,179547.1128,743.9,743.9,271.3,0.3647,1,p:1.1.4.1.2.2
U6682,267,FUSE0,178934.8128,178934.8128,179770.3128,835.5,835.5,271.3,0.324716,1,p:2.1.5.1.2.2
U6683,267,FUSE0,178976.4128,178976.4128,179836.3128,859.9,859.9,271.3,0.315502,1,p:1.1.2.1.2.2
U6684,267,FUSE1,178996.8128,178996.8128,179902.7128,905.9,905.9,333.3,0.367921,1,p:2.1.1.1.2.2
U6685,267,FUSE1,179042.4128,179042.4128,179852.7128,810.3,810.3,333.3,0.411329,1,p:1.1.4.1.2.2
U6686,267,FUSE1,179141.2128,179141.2128,180128.7128,987.5,987.5,333.3,0.337519,1,p:2.1.3.1.2.2
U6687,267,FUSE1,179272.8128,179272.8128,180093.1128,820.3,820.3,333.3,0.406315,1,p:1.2.5.1.2.2
U6688,267,FUSE1,179314.4128,179314.4128,180141.9128,827.5,827.5,333.3,0.402779,1,p:2.1.2.1.2.2
U6689,267,FUSE1,179334.8128,179334.8128,180208.3128,873.5,873.5,333.3,0.381568,1,p:1.2.1.1.2.2
U6690,267,FUSE1,179380.4128,179380.4128,180158.3128,777.9,777.9,333.3,0.428461,1,p:2.1.4.1.2.2
U6691,267,FUSE1,179385.0128,179385.0128,180435.7128,1050.7,1050.7,333.3,0.317217,1,p:1.1.3.1.2.2
U6692,267,FUSE2,179558.0128,179558.0128,180431.1128,873.1,873.1,365.7,0.418852,1,p:2.1.5.1.2.2
U6693,267,FUSE2,179578.4128,179578.4128,180479.9128,901.5,901.5,365.7,0.405657,1,p:1.1.2.1.2.2
U6694,267,FUSE2,179610.8128,179610.8128,180546.3128,935.5,935.5,365.7,0.390914,1,p:2.1.1.1.2.2
U6695,267,FUSE2,179624.0128,179624.0128,180496.3128,872.3,872.3,365.7,0.419237,1,p:1.1.4.1.2.2
U6696,267,FUSE2,179628.6128,179628.6128,180773.7128,1145.1,1145.1,365.7,0.319361,1,p:2.1.3.1.2.2
U6697,267,FUSE2,179801.6128,179801.6128,180769.1128,967.5,967.5,365.7,0.377984,1,p:1.1.5.1.2.2
U6698,267,FUSE2,179854.4128,179854.4128,180817.9128,963.5,963.5,365.7,0.379554,1,p:2.1.2.1.2.2
U6699,267,FUSE2,179867.6128,179867.6128,180884.3128,1016.7,1016.7,365.7,0.359693,1,p:1.2.1.1.2.2
U8523,341,FUSE0,179884.0128,179884.0128,180739.9128,855.9,855.9,271.3,0.316976,1,p:2.1.4.1.2.2
U8524,341,FUSE0,179934.0128,179934.0128,181017.3128,1083.3,1083.3,271.3,0.250438,1,p:1.1.3.1.2.2
U8525,341,FUSE0,180124.4128,180124.4128,181012.7128,888.3,888.3,271.3,0.305415,1,p:2.1.5.1.2.2
U8526,341,FUSE0,180160.0128,180160.0128,181061.5128,901.5,901.5,271.3,0.300943,1,p:1.1.2.1.2.2
U8527,341,FUSE0,180173.2128,180173.2128,180983.5128,810.3,810.3,271.3,0.334814,1,p:2.1.4.1.2.2
U8528,341,FUSE0,180189.6128,180189.6128,181259.5128,1069.9,1069.9,271.3,0.253575,1,p:1.1.3.1.2.2
U8529,341,FUSE0,180239.6128,180239.6128,181127.9128,888.3,888.3,271.3,0.305415,1,p:2.1.1.1.2.2
U8530,341,FUSE1,180462.4128,180462.4128,181318.3128,855.9,855.9,333.3,0.389415,1,p:1.1.5.1.2.2
U8531,341,FUSE1,180467.0128,180467.0128,181367.1128,900.1,900.1,333.3,0.370292,1,p:2.1.2.1.2.2
U8532,341,FUSE1,180511.2128,180511.2128,181291.5128,780.3,780.3,333.3,0.427143,1,p:1.2.4.1.2.2
U8533,341,FUSE1,180527.6128,180527.6128,181565.1128,1037.5,1037.5,333.3,0.321253,1,p:2.1.3.1.2.2
U8534,341,FUSE1,180577.6128,180577.6128,181433.5128,855.9,855.9,333.3,0.389415,1,p:1.1.1.1.2.2
U8535,341,FUSE1,180771.2128,180771.2128,181623.9128,852.7,852.7,333.3,0.390876,1,p:2.1.5.1.2.2
U8536,341,FUSE1,180800.4128,180800.4128,181672.7128,872.3,872.3,333.3,0.382093,1,p:1.1.2.1.2.2
U8537,341,FUSE2,180805.0128,180805.0128,181629.5128,824.5,824.5,365.7,0.443542,1,p:2.1.4.1.2.2
U8538,341,FUSE2,180849.2128,180849.2128,181903.1128,1053.9,1053.9,365.7,0.346997,1,p:1.1.3.1.2.2
U8539,341,FUSE2,180915.6128,180915.6128,181771.5128,855.9,855.9,365.7,0.42727,1,p:2.1.1.1.2.2
U8540,341,FUSE2,181014.8128,181014.8128,181961.9128,947.1,947.1,365.7,0.386126,1,p:1.2.5.1.2.2
U8541,341,FUSE2,181044.0128,181044.0128,182010.7128,966.7,966.7,365.7,0.378297,1,p:2.1.2.1.2.2
U8542,341,FUSE2,181048.6128,181048.6128,181967.5128,918.9,918.9,365.7,0.397976,1,p:1.2.4.1.2.2
U8543,341,FUSE2,181092.8128,181092.8128,182109.5128,1016.7,1016.7,365.7,0.359693,1,p:2.1.1.2.2.2
U8544,341,FUSE2,181159.2128,181159.2128,182241.1128,1081.9,1081.9,365.7,0.338016,1,p:1.1.3.1.2.2
U6633,265,FUSE0,181290.8128,181290.8128,182205.5128,914.7,914.7,271.3,0.2966,1,p:2.1.5.1.2.2
U6634,265,FUSE0,181322.8128,181322.8128,182254.3128,931.5,931.5,271.3,0.291251,1,p:1.1.2.1.2.2
U6635,265,FUSE0,181349.6128,181349.6128,182211.1128,861.5,861.5,271.3,0.314916,1,p:2.1.4.1.2.2
U6636,265,FUSE0,181398.4128,181398.4128,182484.7128,1086.3,1086.3,271.3,0.249747,1,p:1.1.3.1.2.2
U6637,265,FUSE0,181464.8128,181464.8128,182449.1128,984.3,984.3,271.3,0.275627,1,p:2.1.5.1.2.2
U6638,265,FUSE0,181596.4128,181596.4128,182353.1128,756.7,756.7,271.3,0.35853,1,p:1.2.1.2.2.2
U6639,265,FUSE0,181655.2128,181655.2128,182497.9128,842.7,842.7,271.3,0.321941,1,p:2.1.2.1.2.2
U6640,265,FUSE1,181660.8128,181660.8128,182516.7128,855.9,855.9,333.3,0.389415,1,p:1.2.4.1.2.2
U6641,265,FUSE1,181704.0128,181704.0128,182754.7128,1050.7,1050.7,333.3,0.317217,1,p:2.1.5.1.2.2
U6642,265,FUSE1,181802.8128,181802.8128,182790.3128,987.5,987.5,333.3,0.337519,1,p:1.1.3.1.2.2
U6643,265,FUSE1,181934.4128,181934.4128,182658.7128,724.3,724.3,333.3,0.460168,1,p:2.1.1.2.2.2
U6644,265,FUSE1,181993.2128,181993.2128,182803.5128,810.3,810.3,333.3,0.411329,1,p:1.1.2.1.2.2
U6645,265,FUSE1,181998.8128,181998.8128,182822.3128,823.5,823.5,333.3,0.404736,1,p:2.1.4.1.2.2
U6646,265,FUSE1,182042.0128,182042.0128,183097.3128,1055.3,1055.3,333.3,0.315834,1,p:1.1.3.1.2.2
U6647,265,FUSE2,182140.8128,182140.8128,183092.7128,951.9,951.9,365.7,0.384179,1,p:2.1.5.1.2.2
U6648,265,FUSE2,182236.8128,182236.8128,182996.7128,759.9,759.9,365.7,0.481248,1,p:1.2.1.2.2.2
U6649,265,FUSE2,182242.4128,182242.4128,183141.5128,899.1,899.1,365.7,0.40674,1,p:2.1.2.1.2.2
U6650,265,FUSE2,182272.4128,182272.4128,183160.3128,887.9,887.9,365.7,0.411871,1,p:1.2.4.1.2.2
U6651,265,FUSE2,182285.6128,182285.6128,183430.7128,1145.1,1145.1,365.7,0.319361,1,p:2.1.5.1.2.2
U6652,265,FUSE2,182384.4128,182384.4128,183435.3128,1050.9,1050.9,365.7,0.347987,1,p:1.1.3.1.2.2
U6653,265,FUSE2,182480.4128,182480.4128,183334.7128,854.3,854.3,365.7,0.42807,1,p:2.1.1.2.2.2
U6654,265,FUSE2,182516.0128,182516.0128,183479.5128,963.5,963.5,365.7,0.379554,1,p:1.1.2.1.2.2
U1366,55,FUSE0,182529.2128,182529.2128,183403.9128,874.7,874.7,271.3,0.310163,1,p:2.1.4.1.2.2
U1367,55,FUSE0,182548.0128,182548.0128,183678.9128,1130.9,1130.9,271.3,0.239897,1,p:1.1.3.1.2.2
U1368,55,FUSE0,182690.0128,182690.0128,183674.3128,984.3,984.3,271.3,0.275627,1,p:2.1.5.1.2.2
U1369,55,FUSE0,182786.0128,182786.0128,183578.3128,792.3,792.3,271.3,0.342421,1,p:1.2.1.2.2.2
U1370,55,FUSE0,182821.6128,182821.6128,183723.1128,901.5,901.5,271.3,0.300943,1,p:2.1.2.1.2.2
U1371,55,FUSE0,182834.8128,182834.8128,183647.5128,812.7,812.7,271.3,0.333826,1,p:1.2.4.1.2.2
U1372,55,FUSE0,182853.6128,182853.6128,183922.5128,1068.9,1068.9,271.3,0.253812,1,p:2.1.3.1.2.2
U1373,55,FUSE0,183028.0128,183028.0128,183917.9128,889.9,889.9,271.3,0.304866,1,p:1.1.5.1.2.2
U1374,55,FUSE1,183124.0128,183124.0128,183883.9128,759.9,759.9,333.3,0.43861,1,p:2.1.1.1.2.2
U1375,55,FUSE1,183128.6128,183128.6128,184028.7128,900.1,900.1,333.3,0.370292,1,p:1.1.2.1.2.2
U1376,55,FUSE1,183172.8128,183172.8128,183953.1128,780.3,780.3,333.3,0.427143,1,p:2.1.4.1.2.2
U1377,55,FUSE1,183191.6128,183191.6128,184228.1128,1036.5,1036.5,333.3,0.321563,1,p:1.1.3.1.2.2
U1378,55,FUSE1,183366.0128,183366.0128,184223.5128,857.5,857.5,333.3,0.388688,1,p:2.1.5.1.2.2
U1379,55,FUSE1,183435.2128,183435.2128,184189.5128,754.3,754.3,333.3,0.441867,1,p:1.1.1.1.2.2
U1380,55,FUSE1,183462.0128,183462.0128,184334.3128,872.3,872.3,333.3,0.382093,1,p:2.1.2.1.2.2
U1381,55,FUSE1,183466.6128,183466.6128,184258.7128,792.1,792.1,333.3,0.42078,1,p:1.2.4.1.2.2
U1382,55,FUSE2,183510.8128,183510.8128,184566.1128,1055.3,1055.3,365.7,0.346537,1,p:2.1.3.1.2.2
U1383,55,FUSE2,183609.6128,183609.6128,184561.5128,951.9,951.9,365.7,0.384179,1,p:1.1.5.1.2.2
U1384,55,FUSE2,183678.8128,183678.8128,184527.5128,848.7,848.7,365.7,0.430894,1,p:2.1.1.1.2.2
U1385,55,FUSE2,183705.6128,183705.6128,184672.3128,966.7,966.7,365.7,0.378297,1,p:1.1.2.1.2.2
U1386,55,FUSE2,183710.2128,183710.2128,184596.7128,886.5,886.5,365.7,0.412521,1,p:2.1.4.1.2.2
U1387,55,FUSE2,183754.4128,183754.4128,184904.1128,1149.7,1149.7,365.7,0.318083,1,p:1.1.3.1.2.2
U1388,55,FUSE2,183915.2128,183915.2128,184899.5128,984.3,984.3,365.7,0.371533,1,p:2.1.5.1.2.2
U1389,55,FUSE2,183949.2128,183949.2128,184865.5128,916.3,916.3,365.7,0.399105,1,p:1.1.1.1.2.2
U1390,55,FUSE2,183953.8128,183953.8128,185010.3128,1056.5,1056.5,365.7,0.346143,1,p:2.1.2.1.2.2
U743,30,FUSE0,183984.4128,183984.4128,184840.3128,855.9,855.9,271.3,0.316976,1,p:1.1.4.1.2.2
U744,30,FUSE0,184060.0128,184060.0128,185147.7128,1087.7,1087.7,271.3,0.249425,1,p:2.1.3.1.2.2
U745,30,FUSE0,184220.8128,184220.8128,185143.1128,922.3,922.3,271.3,0.294156,1,p:1.1.5.1.2.2
U746,30,FUSE0,184254.8128,184254.8128,185109.1128,854.3,854.3,271.3,0.31757,1,p:2.1.1.1.2.2
U747,30,FUSE0,184259.4128,184259.4128,185253.9128,994.5,994.5,271.3,0.2728,1,p:1.2.2.1.2.2
U748,30,FUSE0,184290.0128,184290.0128,185083.9128,793.9,793.9,271.3,0.341731,1,p:2.1.4.1.2.2
U749,30,FUSE0,184365.6128,184365.6128,185395.9128,1030.3,1030.3,271.3,0.263321,1,p:1.1.3.1.2.2
U750,30,FUSE0,184558.8128,184558.8128,185386.7128,827.9,827.9,271.3,0.327697,1,p:2.1.5.1.2.2
U751,30,FUSE1,184592.8128,184592.8128,185414.7128,821.9,821.9,333.3,0.405524,1,p:1.1.1.1.2.2
U752,30,FUSE1,184597.4128,184597.4128,185559.5128,962.1,962.1,333.3,0.34643,1,p:2.1.2.1.2.2
U753,30,FUSE1,184628.0128,184628.0128,185391.3128,763.3,763.3,333.3,0.436657,1,p:1.1.4.1.2.2
U754,30,FUSE1,184703.6128,184703.6128,185696.9128,993.3,993.3,333.3,0.335548,1,p:2.1.3.1.2.2
U755,30,FUSE1,184871.6128,184871.6128,185692.3128,820.7,820.7,333.3,0.406117,1,p:1.1.5.1.2.2
U756,30,FUSE1,184896.8128,184896.8128,185720.3128,823.5,823.5,333.3,0.404736,1,p:2.1.1.1.2.2
U757,30,FUSE1,184930.8128,184930.8128,185865.1128,934.3,934.3,333.3,0.356738,1,p:1.2.2.1.2.2
U758,30,FUSE1,184935.4128,184935.4128,185701.5128,766.1,766.1,333.3,0.435061,1,p:2.1.4.1.2.2
U759,30,FUSE2,185041.6128,185041.6128,186034.9128,993.3,993.3,365.7,0.368167,1,p:1.1.3.1.2.2
U760,30,FUSE2,185115.2128,185115.2128,186030.3128,915.1,915.1,365.7,0.399628,1,p:2.1.5.1.2.2
U761,30,FUSE2,185140.4128,185140.4128,186058.3128,917.9,917.9,365.7,0.398409,1,p:1.1.1.1.2.2
U762,30,FUSE2,185174.4128,185174.4128,186203.1128,1028.7,1028.7,365.7,0.355497,1,p:2.1.2.1.2.2
U763,30,FUSE2,185179.0128,185179.0128,186039.5128,860.5,860.5,365.7,0.424985,1,p:1.1.4.1.2.2
U764,30,FUSE2,185285.2128,185285.2128,186372.9128,1087.7,1087.7,365.7,0.336214,1,p:2.1.3.1.2.2
U765,30,FUSE2,185418.0128,185418.0128,186368.3128,950.3,950.3,365.7,0.384826,1,p:1.1.5.1.2.2
U766,30,FUSE2,185422.6128,185422.6128,186396.3128,973.7,973.7,365.7,0.375578,1,p:2.1.1.1.2.2
U767,30,FUSE2,185427.2128,185427.2128,186541.1128,1113.9,1113.9,365.7,0.328306,1,p:1.1.2.1.2.2
U2479,100,FUSE0,185446.0128,185446.0128,186277.3128,831.3,831.3,271.3,0.326356,1,p:2.1.4.1.2.2
U2480,100,FUSE0,185590.8128,185590.8128,186616.5128,1025.7,1025.7,271.3,0.264502,1,p:1.1.3.1.2.2
U2481,100,FUSE0,185723.6128,185723.6128,186611.9128,888.3,888.3,271.3,0.305415,1,p:2.1.5.1.2.2
U2482,100,FUSE0,185728.2128,185728.2128,186520.9128,792.7,792.7,271.3,0.342248,1,p:1.1.4.1.2.2
U2483,100,FUSE0,185732.8128,185732.8128,186639.9128,907.1,907.1,271.3,0.299085,1,p:2.1.1.1.2.2
U2484,100,FUSE0,185751.6128,185751.6128,186784.7128,1033.1,1033.1,271.3,0.262608,1,p:1.1.2.1.2.2
U2485,100,FUSE0,185896.4128,185896.4128,186858.7128,962.3,962.3,271.3,0.281929,1,p:2.1.3.1.2.2
U2486,100,FUSE1,186061.6128,186061.6128,186917.5128,855.9,855.9,333.3,0.389415,1,p:1.1.5.1.2.2
U2487,100,FUSE1,186066.2128,186066.2128,186826.5128,760.3,760.3,333.3,0.43838,1,p:2.1.4.1.2.2
U2488,100,FUSE1,186070.8128,186070.8128,186945.5128,874.7,874.7,333.3,0.381045,1,p:1.1.1.1.2.2
U2489,100,FUSE1,186089.6128,186089.6128,187090.3128,1000.7,1000.7,333.3,0.333067,1,p:2.1.2.1.2.2
U2490,100,FUSE1,186234.4128,186234.4128,187164.3128,929.9,929.9,333.3,0.358426,1,p:1.1.3.1.2.2
U2491,100,FUSE1,186308.6128,186308.6128,187223.1128,914.5,914.5,333.3,0.364461,1,p:2.1.5.1.2.2
U2492,100,FUSE1,186399.6128,186399.6128,187139.9128,740.3,740.3,333.3,0.450223,1,p:1.1.4.1.2.2
U2493,100,FUSE2,186404.2128,186404.2128,187283.5128,879.3,879.3,365.7,0.415899,1,p:2.1.1.1.2.2
U2494,100,FUSE2,186427.6128,186427.6128,187428.3128,1000.7,1000.7,365.7,0.365444,1,p:1.2.2.1.2.2
U2495,100,FUSE2,186552.2128,186552.2128,187502.3128,950.1,950.1,365.7,0.384907,1,p:2.1.3.1.2.2
U2496,100,FUSE2,186572.4128,186572.4128,187561.1128,988.7,988.7,365.7,0.36988,1,p:1.1.5.1.2.2
U2497,100,FUSE2,186643.2128,186643.2128,187477.9128,834.7,834.7,365.7,0.438121,1,p:2.1.4.1.2.2
U2498,100,FUSE2,186647.8128,186647.8128,187621.5128,973.7,973.7,365.7,0.375578,1,p:1.1.1.1.2.2
U2499,100,FUSE2,186671.2128,186671.2128,187766.3128,1095.1,1095.1,365.7,0.333942,1,p:2.1.2.1.2.2
U8609,345,FUSE0,186816.0128,186816.0128,187745.9128,929.9,929.9,271.3,0.291752,1,p:1.1.3.1.2.2
U8610,345,FUSE0,186857.8128,186857.8128,187804.7128,946.9,946.9,271.3,0.286514,1,p:2.1.5.1.2.2
U8611,345,FUSE0,186890.0128,186890.0128,187721.5128,831.5,831.5,271.3,0.326278,1,p:1.1.4.1.2.2
U8612,345,FUSE0,186948.8128,186948.8128,187989.5128,1040.7,1040.7,271.3,0.26069,1,p:2.1.3.1.2.2
U8613,345,FUSE0,186976.8128,186976.8128,187865.1128,888.3,888.3,271.3,0.305415,1,p:1.2.1.1.2.2
U8614,345,FUSE0,187121.6128,187121.6128,188009.9128,888.3,888.3,271.3,0.305415,1,p:2.1.2.1.2.2
U8615,345,FUSE0,187171.2128,187171.2128,188048.3128,877.1,877.1,271.3,0.309315,1,p:1.1.5.1.2.2
U8616,345,FUSE0,187195.6128,187195.6128,187965.1128,769.5,769.5,271.3,0.352567,1,p:2.1.4.1.2.2
U8617,345,FUSE1,187254.4128,187254.4128,188295.1128,1040.7,1040.7,333.3,0.320265,1,p:1.1.3.1.2.2
U8618,345,FUSE1,187314.8128,187314.8128,188170.7128,855.9,855.9,333.3,0.389415,1,p:2.1.1.1.2.2
U8619,345,FUSE1,187459.6128,187459.6128,188315.5128,855.9,855.9,333.3,0.389415,1,p:1.1.2.1.2.2
U8620,345,FUSE1,187509.2128,187509.2128,188353.9128,844.7,844.7,333.3,0.394578,1,p:2.1.5.1.2.2
U8621,345,FUSE1,187533.6128,187533.6128,188279.9128,746.3,746.3,333.3,0.446603,1,p:1.1.4.1.2.2
U8622,345,FUSE1,187592.4128,187592.4128,188600.7128,1008.3,1008.3,333.3,0.330556,1,p:2.1.3.1.2.2
U8623,345,FUSE1,187652.8128,187652.8128,188476.3128,823.5,823.5,333.3,0.404736,1,p:1.1.1.1.2.2
U8624,345,FUSE2,187752.8128,187752.8128,188653.5128,900.7,900.7,365.7,0.406018,1,p:2.1.2.1.2.2
U8625,345,FUSE2,187777.2128,187777.2128,188691.9128,914.7,914.7,365.7,0.399803,1,p:1.1.5.1.2.2
U8626,345,FUSE2,187797.6128,187797.6128,188617.9128,820.3,820.3,365.7,0.445813,1,p:2.1.4.1.2.2
U8627,345,FUSE2,187836.0128,187836.0128,188938.7128,1102.7,1102.7,365.7,0.331641,1,p:1.1.3.1.2.2
U8628,345,FUSE2,187896.4128,187896.4128,188814.3128,917.9,917.9,365.7,0.398409,1,p:2.1.1.1.2.2
U8629,345,FUSE2,187996.4128,187996.4128,188991.5128,995.1,995.1,365.7,0.367501,1,p:1.2.2.1.2.2
U8630,345,FUSE2,188020.8128,188020.8128,189029.9128,1009.1,1009.1,365.7,0.362402,1,p:2.1.5.1.2.2
U8631,345,FUSE2,188041.2128,188041.2128,188955.9128,914.7,914.7,365.7,0.399803,1,p:1.1.4.1.2.2
U3554,143,FUSE0,188079.6128,188079.6128,189182.3128,1102.7,1102.7,271.3,0.246032,1,p:2.1.3.1.2.2
U3555,143,FUSE0,188202.0128,188202.0128,189057.9128,855.9,855.9,271.3,0.316976,1,p:1.1.1.1.2.2
U3556,143,FUSE0,188311.2128,188311.2128,189235.1128,923.9,923.9,271.3,0.293646,1,p:2.1.2.1.2.2
U3557,143,FUSE0,188326.4128,188326.4128,189273.5128,947.1,947.1,271.3,0.286453,1,p:1.1.5.1.2.2
U3558,143,FUSE0,188346.8128,188346.8128,189199.5128,852.7,852.7,271.3,0.318166,1,p:2.1.4.1.2.2
U3559,143,FUSE0,188385.2128,188385.2128,189425.9128,1040.7,1040.7,271.3,0.26069,1,p:1.1.3.1.2.2
U3560,143,FUSE0,188507.6128,188507.6128,189301.5128,793.9,793.9,271.3,0.341731,1,p:2.1.1.1.2.2
U3561,143,FUSE0,188632.0128,188632.0128,189478.7128,846.7,846.7,271.3,0.32042,1,p:1.2.2.1.2.2
U3562,143,FUSE0,188649.2128,188649.2128,189517.1128,867.9,867.9,271.3,0.312594,1,p:2.1.5.1.2.2
U3563,143,FUSE1,188684.8128,188684.8128,189505.1128,820.3,820.3,333.3,0.406315,1,p:1.1.4.1.2.2
U3564,143,FUSE1,188723.2128,188723.2128,189731.5128,1008.3,1008.3,333.3,0.330556,1,p:2.1.3.1.2.2
U3565,143,FUSE1,188845.6128,188845.6128,189607.1128,761.5,761.5,333.3,0.437689,1,p:1.1.1.1.2.2
U3566,143,FUSE1,188970.0128,188970.0128,189784.3128,814.3,814.3,333.3,0.409309,1,p:2.1.2.1.2.2
U3567,143,FUSE1,188987.2128,188987.2128,189822.7128,835.5,835.5,333.3,0.398923,1,p:1.1.5.1.2.2
U3568,143,FUSE1,189022.8128,189022.8128,189810.7128,787.9,787.9,333.3,0.423023,1,p:2.1.4.1.2.2
U3569,143,FUSE1,189061.2128,189061.2128,190037.1128,975.9,975.9,333.3,0.341531,1,p:1.1.3.1.2.2
U3570,143,FUSE1,189089.2128,189089.2128,189912.7128,823.5,823.5,333.3,0.404736,1,p:2.1.1.1.2.2
U3571,143,FUSE1,189213.6128,189213.6128,190089.9128,876.3,876.3,333.3,0.380349,1,p:1.2.2.1.2.2
U3572,143,FUSE2,189230.8128,189230.8128,190160.7128,929.9,929.9,365.7,0.393268,1,p:2.1.5.1.2.2
U3573,143,FUSE2,189266.4128,189266.4128,190148.7128,882.3,882.3,365.7,0.414485,1,p:1.1.4.1.2.2
U3574,143,FUSE2,189304.8128,189304.8128,190375.1128,1070.3,1070.3,365.7,0.34168,1,p:2.1.3.1.2.2
U3575,143,FUSE2,189332.8128,189332.8128,190250.7128,917.9,917.9,365.7,0.398409,1,p:1.2.1.1.2.2
U3576,143,FUSE2,189457.2128,189457.2128,190427.9128,970.7,970.7,365.7,0.376738,1,p:2.1.2.1.2.2
U3577,143,FUSE2,189510.0128,189510.0128,190498.7128,988.7,988.7,365.7,0.36988,1,p:1.1.5.1.2.2
U3578,143,FUSE2,189536.4128,189536.4128,190486.7128,950.3,950.3,365.7,0.384826,1,p:2.1.4.1.2.2
U3579,143,FUSE2,189548.4128,189548.4128,190713.1128,1164.7,1164.7,365.7,0.313986,1,p:1.1.3.1.2.2
U3580,143,FUSE2,189638.4128,189638.4128,190588.7128,950.3,950.3,365.7,0.384826,1,p:2.1.1.1.2.2
U3581,143,FUSE2,189762.8128,189762.8128,190765.9128,1003.1,1003.1,365.7,0.36457,1,p:1.2.2.2.2.2
U1149,46,FUSE0,189815.6128,189815.6128,190742.3128,926.7,926.7,271.3,0.292759,1,p:2.1.5.1.2.2
U1150,46,FUSE0,189842.0128,189842.0128,190730.3128,888.3,888.3,271.3,0.305415,1,p:1.1.4.1.2.2
U1151,46,FUSE0,189854.0128,189854.0128,190956.7128,1102.7,1102.7,271.3,0.246032,1,p:2.1.3.1.2.2
U1152,46,FUSE0,189944.0128,189944.0128,190832.3128,888.3,888.3,271.3,0.305415,1,p:1.2.1.1.2.2
U1153,46,FUSE0,190068.4128,190068.4128,190985.9128,917.5,917.5,271.3,0.295695,1,p:2.1.5.1.2.2
U1154,46,FUSE0,190121.2128,190121.2128,191009.5128,888.3,888.3,271.3,0.305415,1,p:1.1.2.2.2.2
U1155,46,FUSE0,190180.0128,190180.0128,190973.9128,793.9,793.9,271.3,0.341731,1,p:2.1.4.1.2.2
U1156,46,FUSE0,190192.0128,190192.0128,191200.3128,1008.3,1008.3,271.3,0.269067,1,p:1.1.3.1.2.2
U1157,46,FUSE1,190282.0128,190282.0128,191137.9128,855.9,855.9,333.3,0.389415,1,p:2.1.1.1.2.2
U1158,46,FUSE1,190406.4128,190406.4128,191291.5128,885.1,885.1,333.3,0.376568,1,p:1.2.5.1.2.2
U1159,46,FUSE1,190459.2128,190459.2128,191315.1128,855.9,855.9,333.3,0.389415,1,p:2.1.2.2.2.2
U1160,46,FUSE1,190518.0128,190518.0128,191279.5128,761.5,761.5,333.3,0.437689,1,p:1.1.4.1.2.2
U1161,46,FUSE1,190530.0128,190530.0128,191505.9128,975.9,975.9,333.3,0.341531,1,p:2.1.3.1.2.2
U1162,46,FUSE1,190620.0128,190620.0128,191443.5128,823.5,823.5,333.3,0.404736,1,p:1.2.1.1.2.2
U1163,46,FUSE1,190744.4128,190744.4128,191597.1128,852.7,852.7,333.3,0.390876,1,p:2.1.5.1.2.2
U1164,46,FUSE1,190761.6128,190761.6128,191622.1128,860.5,860.5,333.3,0.387333,1,p:1.1.2.2.2.2
U1165,46,FUSE2,190773.6128,190773.6128,191617.5128,843.9,843.9,365.7,0.433345,1,p:2.1.4.1.2.2
U1166,46,FUSE2,190797.2128,190797.2128,191843.9128,1046.7,1046.7,365.7,0.349384,1,p:1.1.3.1.2.2
U1167,46,FUSE2,190863.6128,190863.6128,191781.5128,917.9,917.9,365.7,0.398409,1,p:2.1.1.1.2.2
U1168,46,FUSE2,190988.0128,190988.0128,191935.1128,947.1,947.1,365.7,0.386126,1,p:1.2.5.1.2.2
U1169,46,FUSE2,191005.2128,191005.2128,191960.1128,954.9,954.9,365.7,0.382972,1,p:2.1.2.2.2.2
U1170,46,FUSE2,191017.2128,191017.2128,191955.5128,938.3,938.3,365.7,0.389747,1,p:1.1.4.1.2.2
U1171,46,FUSE2,191040.8128,191040.8128,192183.3128,1142.5,1142.5,365.7,0.320088,1,p:2.1.3.1.2.2
U1120,45,FUSE0,191169.2128,191169.2128,192025.1128,855.9,855.9,271.3,0.316976,1,p:1.2.1.2.2.2
U1121,45,FUSE0,191231.6128,191231.6128,192178.7128,947.1,947.1,271.3,0.286453,1,p:2.1.5.1.2.2
U1122,45,FUSE0,191310.8128,191310.8128,192203.7128,892.9,892.9,271.3,0.303841,1,p:1.1.2.2.2.2
U1123,45,FUSE0,191322.8128,191322.8128,192199.1128,876.3,876.3,271.3,0.309597,1,p:2.1.4.1.2.2
U1124,45,FUSE0,191346.4128,191346.4128,192426.9128,1080.5,1080.5,271.3,0.251087,1,p:1.1.3.1.2.2
U1125,45,FUSE0,191474.8128,191474.8128,192268.7128,793.9,793.9,271.3,0.341731,1,p:2.1.1.2.2.2
U1126,45,FUSE0,191537.2128,191537.2128,192422.3128,885.1,885.1,271.3,0.306519,1,p:1.1.5.1.2.2
U1127,45,FUSE0,191628.4128,191628.4128,192447.3128,818.9,818.9,271.3,0.331298,1,p:2.1.2.2.2.2
U1128,45,FUSE0,191648.8128,191648.8128,192442.7128,793.9,793.9,271.3,0.341731,1,p:1.1.4.1.2.2
U1129,45,FUSE0,191653.4128,191653.4128,192669.1128,1015.7,1015.7,271.3,0.267106,1,p:2.1.3.1.2.2
U1130,45,FUSE1,191812.8128,191812.8128,192574.3128,761.5,761.5,333.3,0.437689,1,p:1.2.1.1.2.2
U1131,45,FUSE1,191875.2128,191875.2128,192727.9128,852.7,852.7,333.3,0.390876,1,p:2.1.5.1.2.2
U1132,45,FUSE1,191966.4128,191966.4128,192752.9128,786.5,786.5,333.3,0.423776,1,p:1.1.2.2.2.2
U1133,45,FUSE1,191986.8128,191986.8128,192748.3128,761.5,761.5,333.3,0.437689,1,p:2.1.4.1.2.2
U1134,45,FUSE1,191991.4128,191991.4128,192974.7128,983.3,983.3,333.3,0.338961,1,p:1.1.3.1.2.2
U1135,45,FUSE1,192056.4128,192056.4128,192879.9128,823.5,823.5,333.3,0.404736,1,p:2.1.1.1.2.2
U1136,45,FUSE1,192210.0128,192210.0128,193033.5128,823.5,823.5,333.3,0.404736,1,p:1.2.5.1.2.2
U1137,45,FUSE1,192214.6128,192214.6128,193058.5128,843.9,843.9,333.3,0.394952,1,p:2.1.2.2.2.2
U1138,45,FUSE1,192230.4128,192230.4128,193053.9128,823.5,823.5,333.3,0.404736,1,p:1.1.4.1.2.2
U1139,45,FUSE2,192235.0128,192235.0128,193312.7128,1077.7,1077.7,365.7,0.339334,1,p:2.1.3.1.2.2
U1140,45,FUSE2,192300.0128,192300.0128,193217.9128,917.9,917.9,365.7,0.398409,1,p:1.1.1.1.2.2
U1141,45,FUSE2,192453.6128,192453.6128,193371.5128,917.9,917.9,365.7,0.398409,1,p:2.1.5.1.2.2
U1142,45,FUSE2,192458.2128,192458.2128,193396.5128,938.3,938.3,365.7,0.389747,1,p:1.1.2.2.2.2
U1143,45,FUSE2,192474.0128,192474.0128,193391.9128,917.9,917.9,365.7,0.398409,1,p:2.1.4.1.2.2
U1144,45,FUSE2,192478.6128,192478.6128,193650.7128,1172.1,1172.1,365.7,0.312004,1,p:1.1.3.1.2.2
U1145,45,FUSE2,192605.6128,192605.6128,193555.9128,950.3,950.3,365.7,0.384826,1,p:2.1.1.1.2.2
U1146,45,FUSE2,192700.4128,192700.4128,193709.5128,1009.1,1009.1,365.7,0.362402,1,p:1.1.5.1.2.2
U1147,45,FUSE2,192759.2128,192759.2128,193734.5128,975.3,975.3,365.7,0.374962,1,p:2.1.2.2.2.2
U1148,45,FUSE2,192779.6128,192779.6128,193729.9128,950.3,950.3,365.7,0.384826,1,p:1.1.4.1.2.2
U6335,253,FUSE0,192784.2128,192784.2128,193894.3128,1110.1,1110.1,271.3,0.244392,1,p:2.1.3.1.2.2
U6336,253,FUSE0,192911.2128,192911.2128,193799.5128,888.3,888.3,271.3,0.305415,1,p:1.2.1.2.2.2
U6337,253,FUSE0,193006.0128,193006.0128,193953.1128,947.1,947.1,271.3,0.286453,1,p:2.1.5.1.2.2
U6338,253,FUSE0,193064.8128,193064.8128,193978.1128,913.3,913.3,271.3,0.297055,1,p:1.1.2.2.2.2
U6339,253,FUSE0,193085.2128,193085.2128,194137.9128,1052.7,1052.7,271.3,0.257718,1,p:2.1.3.1.2.2
U6340,253,FUSE0,193089.8128,193089.8128,193973.5128,883.7,883.7,271.3,0.307005,1,p:1.1.4.1.2.2
U6341,253,FUSE0,193249.2128,193249.2128,194043.1128,793.9,793.9,271.3,0.341731,1,p:2.1.1.2.2.2
U6342,253,FUSE0,193344.0128,193344.0128,194196.7128,852.7,852.7,271.3,0.318166,1,p:1.1.5.1.2.2
U6343,253,FUSE1,193402.8128,193402.8128,194283.7128,880.9,880.9,333.3,0.378363,1,p:2.1.2.1.2.2
U6344,253,FUSE1,193423.2128,193423.2128,194443.5128,1020.3,1020.3,333.3,0.326669,1,p:1.1.3.1.2.2
U6345,253,FUSE1,193427.8128,193427.8128,194279.1128,851.3,851.3,333.3,0.391519,1,p:2.1.4.1.2.2
U6346,253,FUSE1,193587.2128,193587.2128,194348.7128,761.5,761.5,333.3,0.437689,1,p:1.1.1.2.2.2
U6347,253,FUSE1,193682.0128,193682.0128,194510.4313,828.4185,828.4185,333.3,0.402333,1,p:2.1.5.1.2.2
U6348,253,FUSE1,193740.8128,193740.8128,194589.3128,848.5,848.5,333.3,0.392811,1,p:1.1.2.1.2.2
U6349,253,FUSE1,193761.2128,193761.2128,194749.1128,987.9,987.9,333.3,0.337382,1,p:2.1.3.1.2.2
U6350,253,FUSE1,193765.8128,193765.8128,194584.7128,818.9,818.9,333.3,0.407009,1,p:1.1.4.1.2.2
U6351,253,FUSE1,193830.8128,193830.8128,194654.3128,823.5,823.5,333.3,0.404736,1,p:2.1.1.2.2.2
U6352,253,FUSE2,193925.6128,193925.6128,194848.4313,922.8185,922.8185,365.7,0.396286,1,p:1.1.5.1.2.2
U6353,253,FUSE2,193984.4128,193984.4128,194927.3128,942.9,942.9,365.7,0.387846,1,p:2.1.2.1.2.2
U6354,253,FUSE2,194004.8128,194004.8128,195087.1128,1082.3,1082.3,365.7,0.337892,1,p:1.1.3.1.2.2
U6355,253,FUSE2,194009.4128,194009.4128,194922.7128,913.3,913.3,365.7,0.400416,1,p:2.1.4.1.2.2
U6356,253,FUSE2,194074.4128,194074.4128,194992.3128,917.9,917.9,365.7,0.398409,1,p:1.1.1.2.2.2
U6357,253,FUSE2,194169.2128,194169.2128,195186.4313,1017.2185,1017.2185,365.7,0.35951,1,p:2.1.5.1.2.2
U6358,253,FUSE2,194228.0128,194228.0128,195265.3128,1037.3,1037.3,365.7,0.35255,1,p:1.1.2.1.2.2
U6359,253,FUSE2,194310.4128,194310.4128,195425.1128,1114.7,1114.7,365.7,0.32807,1,p:2.1.3.1.2.2
U6360,253,FUSE2,194315.0128,194315.0128,195260.7128,945.7,945.7,365.7,0.386698,1,p:1.1.4.1.2.2
U6005,240,FUSE0,194380.0128,194380.0128,195235.9128,855.9,855.9,271.3,0.316976,1,p:2.1.1.1.2.2
U6006,240,FUSE0,194474.8128,194474.8128,195430.0313,955.2185,955.2185,271.3,0.284019,1,p:1.1.5.1.2.2
U6007,240,FUSE0,194541.7313,194541.7313,195508.9128,967.1815,967.1815,271.3,0.280506,1,p:2.1.2.1.2.2
U6008,240,FUSE0,194616.0128,194616.0128,195479.5128,863.5,863.5,271.3,0.314186,1,p:1.1.1.1.2.2
U6009,240,FUSE0,194620.6128,194620.6128,195668.7128,1048.1,1048.1,271.3,0.258849,1,p:2.1.3.1.2.2
U6010,240,FUSE0,194685.6128,194685.6128,195673.6313,988.0185,988.0185,271.3,0.27459,1,p:1.1.5.1.2.2
U6011,240,FUSE0,194780.4128,194780.4128,195504.3128,723.9,723.9,271.3,0.374776,1,p:2.1.4.1.2.2
U6012,240,FUSE0,194879.7313,194879.7313,195751.1128,871.3815,871.3815,271.3,0.311345,1,p:1.1.2.1.2.2
U6013,240,FUSE1,194954.0128,194954.0128,195785.1128,831.1,831.1,333.3,0.401035,1,p:2.1.1.1.2.2
U6014,240,FUSE1,194958.6128,194958.6128,195974.3128,1015.7,1015.7,333.3,0.328148,1,p:1.1.3.1.2.2
U6015,240,FUSE1,195023.6128,195023.6128,195979.2313,955.6185,955.6185,333.3,0.348779,1,p:2.1.5.1.2.2
U6016,240,FUSE1,195118.4128,195118.4128,195858.7128,740.3,740.3,333.3,0.450223,1,p:1.1.4.1.2.2
U6017,240,FUSE1,195217.7313,195217.7313,196056.7128,838.9815,838.9815,333.3,0.397267,1,p:2.1.2.1.2.2
U6018,240,FUSE1,195267.2128,195267.2128,196090.7128,823.5,823.5,333.3,0.404736,1,p:1.1.1.1.2.2
U6019,240,FUSE1,195292.0128,195292.0128,196279.9128,987.9,987.9,333.3,0.337382,1,p:2.1.3.1.2.2
U6020,240,FUSE1,195296.6128,195296.6128,196284.8313,988.2185,988.2185,333.3,0.337274,1,p:1.1.5.1.2.2
U6021,240,FUSE2,195456.4128,195456.4128,196249.1128,792.7,792.7,365.7,0.461335,1,p:2.1.4.1.2.2
U6022,240,FUSE2,195461.3313,195461.3313,196394.7128,933.3815,933.3815,365.7,0.391801,1,p:1.2.2.1.2.2
U6023,240,FUSE2,195510.8128,195510.8128,196428.7128,917.9,917.9,365.7,0.398409,1,p:2.1.1.1.2.2
U6024,240,FUSE2,195535.6128,195535.6128,196617.9128,1082.3,1082.3,365.7,0.337892,1,p:1.1.3.1.2.2
U6025,240,FUSE2,195540.2128,195540.2128,196622.8313,1082.6185,1082.6185,365.7,0.337792,1,p:2.1.5.1.2.2
U6026,240,FUSE2,195700.0128,195700.0128,196587.1128,887.1,887.1,365.7,0.412242,1,p:1.1.4.1.2.2
U6027,240,FUSE2,195704.9313,195704.9313,196732.7128,1027.7815,1027.7815,365.7,0.355815,1,p:2.1.2.1.2.2
U6028,240,FUSE2,195782.4128,195782.4128,196766.7128,984.3,984.3,365.7,0.371533,1,p:1.1.1.2.2.2
U8250,330,FUSE0,195816.4128,195816.4128,196861.5128,1045.1,1045.1,271.3,0.259592,1,p:2.1.3.1.2.2
U8251,330,FUSE0,195890.0128,195890.0128,196866.4313,976.4185,976.4185,271.3,0.277852,1,p:1.1.5.1.2.2
U8252,330,FUSE0,196005.6128,196005.6128,196830.7128,825.1,825.1,271.3,0.328809,1,p:2.1.4.1.2.2
U8253,330,FUSE0,196010.5313,196010.5313,196976.3128,965.7815,965.7815,271.3,0.280912,1,p:1.2.2.1.2.2
U8254,330,FUSE0,196088.0128,196088.0128,197105.1128,1017.1,1017.1,271.3,0.266739,1,p:2.1.3.1.2.2
U8255,330,FUSE0,196122.0128,196122.0128,197110.0313,988.0185,988.0185,271.3,0.27459,1,p:1.1.5.1.2.2
U8256,330,FUSE0,196280.4128,196280.4128,197010.3128,729.9,729.9,271.3,0.371695,1,p:2.1.1.2.2.2
U8257,330,FUSE0,196311.2128,196311.2128,197074.3128,763.1,763.1,271.3,0.355524,1,p:1.1.4.1.2.2
U8258,330,FUSE0,196316.1313,196316.1313,197219.9128,903.7815,903.7815,271.3,0.300183,1,p:2.1.2.1.2.2
U8259,330,FUSE1,196426.0128,196426.0128,197414.1128,988.1,988.1,333.3,0.337314,1,p:1.1.3.1.2.2
U8260,330,FUSE1,196460.0128,196460.0128,197418.7128,958.7,958.7,333.3,0.347658,1,p:2.1.5.1.2.2
U8261,330,FUSE1,196618.4128,196618.4128,197315.9128,697.5,697.5,333.3,0.477849,1,p:1.1.1.2.2.2
U8262,330,FUSE1,196649.2128,196649.2128,197409.5128,760.3,760.3,333.3,0.43838,1,p:2.1.4.1.2.2
U8263,330,FUSE1,196654.1313,196654.1313,197525.5128,871.3815,871.3815,333.3,0.382496,1,p:1.1.2.1.2.2
U8264,330,FUSE1,196764.0128,196764.0128,197719.7128,955.7,955.7,333.3,0.34875,1,p:2.1.3.1.2.2
U8265,330,FUSE1,196798.0128,196798.0128,197724.3128,926.3,926.3,333.3,0.359819,1,p:1.1.5.1.2.2
U8266,330,FUSE1,196862.0128,196862.0128,197621.5128,759.5,759.5,333.3,0.438841,1,p:2.1.1.2.2.2
U8267,330,FUSE1,196892.8128,196892.8128,197715.1128,822.3,822.3,333.3,0.405327,1,p:1.1.4.1.2.2
U8268,330,FUSE2,196897.7313,196897.7313,197863.5128,965.7815,965.7815,365.7,0.378657,1,p:2.1.2.1.2.2
U8269,330,FUSE2,197007.6128,197007.6128,198057.7128,1050.1,1050.1,365.7,0.348253,1,p:1.1.3.1.2.2
U8270,330,FUSE2,197041.6128,197041.6128,198062.3128,1020.7,1020.7,365.7,0.358284,1,p:2.1.5.1.2.2
U8271,330,FUSE2,197105.6128,197105.6128,197959.5128,853.9,853.9,365.7,0.42827,1,p:1.1.1.2.2.2
U8272,330,FUSE2,197136.4128,197136.4128,198053.1128,916.7,916.7,365.7,0.398931,1,p:2.1.4.1.2.2
U8273,330,FUSE2,197141.3313,197141.3313,198201.5128,1060.1815,1060.1815,365.7,0.344941,1,p:1.1.2.1.2.2
U8274,330,FUSE2,197251.2128,197251.2128,198392.3128,1141.1,1141.1,365.7,0.32048,1,p:2.1.3.1.2.2
U8275,330,FUSE2,197347.2128,197347.2128,198397.2313,1050.0185,1050.0185,365.7,0.34828,1,p:1.1.5.1.2.2
U8276,330,FUSE2,197440.8128,197440.8128,198301.3128,860.5,860.5,365.7,0.424985,1,p:2.1.1.2.2.2
U6128,245,FUSE0,197445.4128,197445.4128,198296.7128,851.3,851.3,271.3,0.318689,1,p:1.1.4.1.2.2
U6129,245,FUSE0,197450.0128,197450.0128,198445.1128,995.1,995.1,271.3,0.272636,1,p:2.1.2.1.2.2
U6130,245,FUSE0,197556.8128,197556.8128,198540.3128,983.5,983.5,271.3,0.275852,1,p:1.1.4.1.2.2
U6131,245,FUSE0,197652.8128,197652.8128,198635.9128,983.1,983.1,271.3,0.275964,1,p:2.1.3.1.2.2
U6132,245,FUSE0,197746.4128,197746.4128,198640.8313,894.4185,894.4185,271.3,0.303326,1,p:1.1.5.1.2.2
U6133,245,FUSE0,197751.0128,197751.0128,198544.9128,793.9,793.9,271.3,0.341731,1,p:2.1.1.2.2.2
U6134,245,FUSE0,197755.6128,197755.6128,198688.7128,933.1,933.1,271.3,0.290751,1,p:1.1.2.1.2.2
U6135,245,FUSE0,197894.8128,197894.8128,198783.9128,889.1,889.1,271.3,0.30514,1,p:2.1.4.1.2.2
U6136,245,FUSE1,197990.8128,197990.8128,198941.5128,950.7,950.7,333.3,0.350584,1,p:1.1.3.1.2.2
U6137,245,FUSE1,198084.4128,198084.4128,198946.4313,862.0185,862.0185,333.3,0.386651,1,p:2.1.5.1.2.2
U6138,245,FUSE1,198089.0128,198089.0128,198846.7128,757.7,757.7,333.3,0.439884,1,p:1.1.1.2.2.2
U6139,245,FUSE1,198093.6128,198093.6128,198994.3128,900.7,900.7,333.3,0.370046,1,p:2.1.2.1.2.2
U6140,245,FUSE1,198232.8128,198232.8128,199089.5128,856.7,856.7,333.3,0.389051,1,p:1.1.4.1.2.2
U6141,245,FUSE1,198328.0128,198328.0128,199247.1128,919.1,919.1,333.3,0.362637,1,p:2.1.3.1.2.2
U6142,245,FUSE1,198332.6128,198332.6128,199252.0313,919.4185,919.4185,333.3,0.362512,1,p:1.2.5.1.2.2
U6143,245,FUSE1,198423.6128,198423.6128,199152.3128,728.7,728.7,333.3,0.45739,1,p:2.1.1.2.2.2
U6144,245,FUSE2,198428.5313,198428.5313,199332.3128,903.7815,903.7815,365.7,0.404633,1,p:1.1.2.1.2.2
U6145,245,FUSE2,198476.4128,198476.4128,199427.5128,951.1,951.1,365.7,0.384502,1,p:2.1.4.1.2.2
U6146,245,FUSE2,198571.6128,198571.6128,199585.1128,1013.5,1013.5,365.7,0.360829,1,p:1.1.3.1.2.2
U6147,245,FUSE2,198576.2128,198576.2128,199590.0313,1013.8185,1013.8185,365.7,0.360715,1,p:2.1.5.1.2.2
U6148,245,FUSE2,198667.2128,198667.2128,199490.3128,823.1,823.1,365.7,0.444296,1,p:1.1.1.2.2.2
U6149,245,FUSE2,198672.1313,198672.1313,199670.3128,998.1815,998.1815,365.7,0.366366,1,p:2.1.2.1.2.2
U6150,245,FUSE2,198720.0128,198720.0128,199765.5128,1045.5,1045.5,365.7,0.349785,1,p:1.2.4.1.2.2
U6151,245,FUSE2,198815.2128,198815.2128,199923.1128,1107.9,1107.9,365.7,0.330084,1,p:2.1.3.1.2.2
U6900,276,FUSE0,198878.0128,198878.0128,199833.6313,955.6185,955.6185,271.3,0.2839,1,p:1.1.5.1.2.2
U6901,276,FUSE0,198972.8128,198972.8128,199733.9128,761.1,761.1,271.3,0.356458,1,p:2.1.1.2.2.2
U6902,276,FUSE0,198977.7313,198977.7313,199913.9128,936.1815,936.1815,271.3,0.289794,1,p:1.1.2.1.2.2
U6903,276,FUSE0,199025.6128,199025.6128,200009.1128,983.5,983.5,271.3,0.275852,1,p:2.1.4.1.2.2
U6904,276,FUSE0,199120.8128,199120.8128,200077.2313,956.4185,956.4185,271.3,0.283662,1,p:1.1.5.1.2.2
U6905,276,FUSE0,199183.6128,199183.6128,199977.5128,793.9,793.9,271.3,0.341731,1,p:2.1.1.2.2.2
U6906,276,FUSE0,199278.4128,199278.4128,200166.7128,888.3,888.3,271.3,0.305415,1,p:1.1.3.1.2.2
U6907,276,FUSE0,199283.3313,199283.3313,200157.5128,874.1815,874.1815,271.3,0.310347,1,p:2.1.2.1.2.2
U6908,276,FUSE0,199363.6128,199363.6128,200252.7128,889.1,889.1,271.3,0.30514,1,p:1.1.4.1.2.2
U6909,276,FUSE1,199458.8128,199458.8128,200382.8313,924.0185,924.0185,333.3,0.360707,1,p:2.1.5.1.2.2
U6910,276,FUSE1,199521.6128,199521.6128,200283.1128,761.5,761.5,333.3,0.437689,1,p:1.1.1.2.2.2
U6911,276,FUSE1,199616.4128,199616.4128,200472.3128,855.9,855.9,333.3,0.389415,1,p:2.1.3.1.2.2
U6912,276,FUSE1,199621.3313,199621.3313,200463.1128,841.7815,841.7815,333.3,0.395946,1,p:1.1.2.1.2.2
U6913,276,FUSE1,199701.6128,199701.6128,200558.3128,856.7,856.7,333.3,0.389051,1,p:2.1.4.1.2.2
U6914,276,FUSE1,199765.2128,199765.2128,200688.4313,923.2185,923.2185,333.3,0.36102,1,p:1.1.5.1.2.2
U6915,276,FUSE1,199796.8128,199796.8128,200588.7128,791.9,791.9,333.3,0.420886,1,p:2.1.1.2.2.2
U6916,276,FUSE1,199864.9313,199864.9313,200777.9128,912.9815,912.9815,333.3,0.365068,1,p:1.1.3.1.2.2
U6917,276,FUSE1,199945.2128,199945.2128,200768.7128,823.5,823.5,333.3,0.404736,1,p:2.1.2.1.2.2
U6918,276,FUSE2,199954.4128,199954.4128,200896.3128,941.9,941.9,365.7,0.388258,1,p:1.1.4.1.2.2
U6919,276,FUSE2,200008.8128,200008.8128,200926.7128,917.9,917.9,365.7,0.398409,1,p:2.1.1.2.2.2
U6920,276,FUSE2,200040.4128,200040.4128,201026.4313,986.0185,986.0185,365.7,0.370886,1,p:1.1.5.1.2.2
U6921,276,FUSE2,200108.5313,200108.5313,201106.7128,998.1815,998.1815,365.7,0.366366,1,p:2.1.2.1.2.2
U6922,276,FUSE2,200188.8128,200188.8128,201115.9128,927.1,927.1,365.7,0.394456,1,p:1.1.3.1.2.2
U6923,276,FUSE2,200198.0128,200198.0128,201234.3128,1036.3,1036.3,365.7,0.35289,1,p:2.1.4.1.2.2
U6924,276,FUSE2,200284.0128,200284.0128,201364.4313,1080.4185,1080.4185,365.7,0.33848,1,p:1.1.5.1.2.2
U6925,276,FUSE2,200314.4128,200314.4128,201264.7128,950.3,950.3,365.7,0.384826,1,p:2.1.1.2.2.2
U6926,276,FUSE2,200414.1313,200414.1313,201453.9128,1039.7815,1039.7815,365.7,0.351709,1,p:1.1.3.1.2.2
U1440,58,FUSE0,200494.4128,200494.4128,201350.3128,855.9,855.9,271.3,0.316976,1,p:2.1.2.2.2.2
U1441,58,FUSE0,200503.6128,200503.6128,201477.9128,974.3,974.3,271.3,0.278456,1,p:1.1.4.1.2.2
U1442,58,FUSE0,200589.6128,200589.6128,201608.0313,1018.4185,1018.4185,271.3,0.266393,1,p:2.1.5.1.2.2
U1443,58,FUSE0,200620.0128,200620.0128,201593.9128,973.9,973.9,271.3,0.278571,1,p:1.1.2.2.2.2
U1444,58,FUSE0,200719.7313,200719.7313,201697.5128,977.7815,977.7815,271.3,0.277465,1,p:2.1.3.1.2.2
U1445,58,FUSE0,200800.0128,200800.0128,201508.3128,708.3,708.3,271.3,0.38303,1,p:1.1.1.2.2.2
U1446,58,FUSE0,200809.2128,200809.2128,201721.5128,912.3,912.3,271.3,0.29738,1,p:2.1.4.1.2.2
U1447,58,FUSE0,200927.6128,200927.6128,201851.6313,924.0185,924.0185,271.3,0.293609,1,p:1.1.5.1.2.2
U1448,58,FUSE1,200958.0128,200958.0128,201899.5128,941.5,941.5,333.3,0.35401,1,p:2.1.2.1.2.2
U1449,58,FUSE1,201057.7313,201057.7313,201813.9128,756.1815,756.1815,333.3,0.440767,1,p:1.1.1.1.2.2
U1450,58,FUSE1,201138.0128,201138.0128,202003.1128,865.1,865.1,333.3,0.385273,1,p:2.1.3.1.2.2
U1451,58,FUSE1,201147.2128,201147.2128,202027.1128,879.9,879.9,333.3,0.378793,1,p:1.1.4.1.2.2
U1452,58,FUSE1,201265.6128,201265.6128,202157.2313,891.6185,891.6185,333.3,0.373815,1,p:2.1.5.1.2.2
U1453,58,FUSE1,201296.0128,201296.0128,202205.1128,909.1,909.1,333.3,0.366626,1,p:1.1.2.1.2.2
U1454,58,FUSE1,201381.6128,201381.6128,202119.5128,737.9,737.9,333.3,0.451687,1,p:2.1.1.1.2.2
U1455,58,FUSE1,201395.7313,201395.7313,202308.7128,912.9815,912.9815,333.3,0.365068,1,p:1.1.3.1.2.2
U1456,58,FUSE2,201485.2128,201485.2128,202365.1128,879.9,879.9,365.7,0.415615,1,p:2.1.4.1.2.2
U1457,58,FUSE2,201509.2128,201509.2128,202495.2313,986.0185,986.0185,365.7,0.370886,1,p:1.1.5.1.2.2
U1458,58,FUSE2,201539.6128,201539.6128,202543.1128,1003.5,1003.5,365.7,0.364425,1,p:2.1.2.1.2.2
U1459,58,FUSE2,201625.2128,201625.2128,202457.5128,832.3,832.3,365.7,0.439385,1,p:1.2.1.1.2.2
U1460,58,FUSE2,201639.3313,201639.3313,202703.1128,1063.7815,1063.7815,365.7,0.343774,1,p:2.1.4.1.2.2
U1461,58,FUSE2,201728.8128,201728.8128,202646.7128,917.9,917.9,365.7,0.398409,1,p:1.1.3.1.2.2
U1462,58,FUSE2,201752.8128,201752.8128,202833.2313,1080.4185,1080.4185,365.7,0.33848,1,p:2.1.5.1.2.2
U1463,58,FUSE2,201845.2128,201845.2128,202881.1128,1035.9,1035.9,365.7,0.353026,1,p:1.1.2.1.2.2
U1464,58,FUSE2,201882.9313,201882.9313,202795.5128,912.5815,912.5815,365.7,0.400731,1,p:2.1.1.1.2.2
U2500,101,FUSE0,201930.8128,201930.8128,202890.3128,959.5,959.5,271.3,0.282751,1,p:1.2.3.1.2.2
U2501,101,FUSE0,202034.4128,202034.4128,202946.7128,912.3,912.3,271.3,0.29738,1,p:2.1.4.1.2.2
U2502,101,FUSE0,202058.4128,202058.4128,203076.8313,1018.4185,1018.4185,271.3,0.266393,1,p:1.1.5.1.2.2
U2503,101,FUSE0,202150.8128,202150.8128,203133.9128,983.1,983.1,271.3,0.275964,1,p:2.1.3.1.2.2
U2504,101,FUSE0,202188.5313,202188.5313,203124.7128,936.1815,936.1815,271.3,0.289794,1,p:1.2.2.1.2.2
U2505,101,FUSE0,202236.4128,202236.4128,203039.1128,802.7,802.7,271.3,0.337984,1,p:2.1.1.1.2.2
U2506,101,FUSE0,202340.0128,202340.0128,203190.3128,850.3,850.3,271.3,0.319064,1,p:1.1.4.1.2.2
U2507,101,FUSE0,202396.4128,202396.4128,203320.4313,924.0185,924.0185,271.3,0.293609,1,p:2.1.5.1.2.2
U2508,101,FUSE1,202488.8128,202488.8128,203439.5128,950.7,950.7,333.3,0.350584,1,p:1.1.3.1.2.2
U2509,101,FUSE1,202526.5313,202526.5313,203430.3128,903.7815,903.7815,333.3,0.368784,1,p:2.1.2.1.2.2
U2510,101,FUSE1,202574.4128,202574.4128,203344.7128,770.3,770.3,333.3,0.432689,1,p:1.2.1.1.2.2
U2511,101,FUSE1,202678.0128,202678.0128,203495.9128,817.9,817.9,333.3,0.407507,1,p:2.1.4.1.2.2
U2512,101,FUSE1,202734.4128,202734.4128,203626.0313,891.6185,891.6185,333.3,0.373815,1,p:1.1.5.1.2.2
U2513,101,FUSE1,202826.8128,202826.8128,203735.9128,909.1,909.1,333.3,0.366626,1,p:2.1.2.1.2.2
U2514,101,FUSE1,202864.5313,202864.5313,203745.1128,880.5815,880.5815,333.3,0.3785,1,p:1.1.3.1.2.2
U2515,101,FUSE1,202912.4128,202912.4128,203650.3128,737.9,737.9,333.3,0.451687,1,p:2.1.1.1.2.2
U2516,101,FUSE2,202921.6128,202921.6128,203833.9128,912.3,912.3,365.7,0.400855,1,p:1.2.4.1.2.2
U2517,101,FUSE2,202978.0128,202978.0128,203964.0313,986.0185,986.0185,365.7,0.370886,1,p:2.1.5.1.2.2
U2518,101,FUSE2,203070.4128,203070.4128,204083.1128,1012.7,1012.7,365.7,0.361114,1,p:1.1.3.1.2.2
U2519,101,FUSE2,203108.1313,203108.1313,204073.9128,965.7815,965.7815,365.7,0.378657,1,p:2.1.2.1.2.2
U2520,101,FUSE2,203156.0128,203156.0128,203988.3128,832.3,832.3,365.7,0.439385,1,p:1.2.1.1.2.2
U2521,101,FUSE2,203165.2128,203165.2128,204171.9128,1006.7,1006.7,365.7,0.363266,1,p:2.1.4.1.2.2
U2522,101,FUSE2,203221.6128,203221.6128,204302.0313,1080.4185,1080.4185,365.7,0.33848,1,p:1.1.5.1.2.2
U2523,101,FUSE2,203351.7313,203351.7313,204421.1128,1069.3815,1069.3815,365.7,0.341973,1,p:2.1.3.1.2.2
U2524,101,FUSE2,203376.0128,203376.0128,204411.9128,1035.9,1035.9,365.7,0.353026,1,p:1.1.2.1.2.2
U8277,331,FUSE0,203461.6128,203461.6128,204271.9128,810.3,810.3,271.3,0.334814,1,p:2.1.1.2.1.2
U8278,331,FUSE0,203470.8128,203470.8128,204416.5128,945.7,945.7,271.3,0.286877,1,p:1.2.4.1.2.2
U8279,331,FUSE0,203527.2128,203527.2128,204545.6313,1018.4185,1018.4185,271.3,0.266393,1,p:2.1.5.1.2.2
U8280,331,FUSE0,203657.3313,203657.3313,204515.5128,858.1815,858.1815,271.3,0.316134,1,p:1.1.1.2.1.2
U8281,331,FUSE0,203681.6128,203681.6128,204664.7128,983.1,983.1,271.3,0.275964,1,p:2.1.3.1.2.2
U8282,331,FUSE0,203767.2128,203767.2128,204655.5128,888.3,888.3,271.3,0.305415,1,p:1.1.2.1.2.2
U8283,331,FUSE0,203776.4128,203776.4128,204660.1128,883.7,883.7,271.3,0.307005,1,p:2.1.4.1.2.2
U8284,331,FUSE0,203865.2128,203865.2128,204789.2313,924.0185,924.0185,271.3,0.293609,1,p:1.1.5.1.2.2
U8285,331,FUSE1,203995.3313,203995.3313,204781.1128,785.7815,785.7815,333.3,0.424164,1,p:2.1.1.1.2.2
U8286,331,FUSE1,204019.6128,204019.6128,204970.3128,950.7,950.7,333.3,0.350584,1,p:1.1.3.1.2.2
U8287,331,FUSE1,204105.2128,204105.2128,204961.1128,855.9,855.9,333.3,0.389415,1,p:2.1.2.1.2.2
U8288,331,FUSE1,204114.4128,204114.4128,204965.7128,851.3,851.3,333.3,0.391519,1,p:1.2.4.1.2.2
U8289,331,FUSE1,204203.2128,204203.2128,205094.8313,891.6185,891.6185,333.3,0.373815,1,p:2.1.5.1.2.2
U8290,331,FUSE1,204303.2128,204303.2128,205086.7128,783.5,783.5,333.3,0.425399,1,p:1.1.1.1.2.2
U8291,331,FUSE1,204333.3313,204333.3313,205275.9128,942.5815,942.5815,333.3,0.353603,1,p:2.1.3.1.2.2
U8292,331,FUSE1,204443.2128,204443.2128,205266.7128,823.5,823.5,333.3,0.404736,1,p:1.1.2.1.2.2
U8293,331,FUSE2,204447.8128,204447.8128,205302.7128,854.9,854.9,365.7,0.427769,1,p:2.1.4.1.2.2
U8294,331,FUSE2,204452.4128,204452.4128,205432.8313,980.4185,980.4185,365.7,0.373004,1,p:1.1.5.1.2.2
U8295,331,FUSE2,204546.8128,204546.8128,205424.7128,877.9,877.9,365.7,0.416562,1,p:2.1.1.1.2.2
U8296,331,FUSE2,204576.9313,204576.9313,205613.9128,1036.9815,1036.9815,365.7,0.352658,1,p:1.1.3.1.2.2
U8297,331,FUSE2,204686.8128,204686.8128,205604.7128,917.9,917.9,365.7,0.398409,1,p:2.1.2.1.2.2
U8298,331,FUSE2,204691.4128,204691.4128,205640.7128,949.3,949.3,365.7,0.385231,1,p:1.1.4.1.2.2
U8299,331,FUSE2,204696.0128,204696.0128,205770.8313,1074.8185,1074.8185,365.7,0.340243,1,p:2.1.5.1.2.2
U8300,331,FUSE2,204812.4128,204812.4128,205762.7128,950.3,950.3,365.7,0.384826,1,p:1.1.1.1.2.2
U8301,331,FUSE2,204820.5313,204820.5313,205951.9128,1131.3815,1131.3815,365.7,0.323233,1,p:2.1.3.1.2.2
U8175,327,FUSE0,204992.4128,204992.4128,205848.3128,855.9,855.9,271.3,0.316976,1,p:1.1.2.1.2.2
U8176,327,FUSE0,204997.0128,204997.0128,205884.3128,887.3,887.3,271.3,0.305759,1,p:2.1.4.1.2.2
U8177,327,FUSE0,205001.6128,205001.6128,206014.4313,1012.8185,1012.8185,271.3,0.267866,1,p:1.1.5.1.2.2
U8178,327,FUSE0,205118.0128,205118.0128,206091.9128,973.9,973.9,271.3,0.278571,1,p:2.1.2.1.2.2
U8179,327,FUSE0,205126.1313,205126.1313,206006.3128,880.1815,880.1815,271.3,0.308232,1,p:1.1.1.1.2.2
U8180,327,FUSE0,205298.0128,205298.0128,206195.5128,897.5,897.5,271.3,0.302284,1,p:2.1.3.1.2.2
U8181,327,FUSE0,205307.2128,205307.2128,206127.9128,820.7,820.7,271.3,0.330571,1,p:1.1.4.1.2.2
U8182,327,FUSE0,205334.0128,205334.0128,206258.0313,924.0185,924.0185,271.3,0.293609,1,p:2.1.5.1.2.2
U8183,327,FUSE1,205456.0128,205456.0128,206397.5128,941.5,941.5,333.3,0.35401,1,p:1.1.2.1.2.2
U8184,327,FUSE1,205464.1313,205464.1313,206311.9128,847.7815,847.7815,333.3,0.393144,1,p:2.1.1.1.2.2
U8185,327,FUSE1,205636.0128,205636.0128,206501.1128,865.1,865.1,333.3,0.385273,1,p:1.1.3.1.2.2
U8186,327,FUSE1,205645.2128,205645.2128,206433.5128,788.3,788.3,333.3,0.422809,1,p:2.1.4.1.2.2
U8187,327,FUSE1,205672.0128,205672.0128,206563.6313,891.6185,891.6185,333.3,0.373815,1,p:1.1.5.1.2.2
U8188,327,FUSE1,205794.0128,205794.0128,206703.1128,909.1,909.1,333.3,0.366626,1,p:2.1.2.1.2.2
U8189,327,FUSE1,205802.1313,205802.1313,206617.5128,815.3815,815.3815,333.3,0.408766,1,p:1.1.1.1.2.2
U8190,327,FUSE1,205879.6128,205879.6128,206806.7128,927.1,927.1,333.3,0.359508,1,p:2.1.3.1.2.2
U8191,327,FUSE2,205915.6128,205915.6128,206771.5128,855.9,855.9,365.7,0.42727,1,p:1.1.4.1.2.2
U8192,327,FUSE2,205983.2128,205983.2128,206901.6313,918.4185,918.4185,365.7,0.398184,1,p:2.1.5.1.2.2
U8193,327,FUSE2,206037.6128,206037.6128,207041.1128,1003.5,1003.5,365.7,0.364425,1,p:1.1.2.1.2.2
U8194,327,FUSE2,206045.7313,206045.7313,206955.5128,909.7815,909.7815,365.7,0.401965,1,p:2.1.1.1.2.2
U8195,327,FUSE2,206123.2128,206123.2128,207144.7128,1021.5,1021.5,365.7,0.358003,1,p:1.2.3.1.2.2
U8196,327,FUSE2,206159.2128,206159.2128,207109.5128,950.3,950.3,365.7,0.384826,1,p:2.1.4.1.2.2
U8197,327,FUSE2,206226.8128,206226.8128,207239.6313,1012.8185,1012.8185,365.7,0.361072,1,p:1.1.5.1.2.2
U3961,159,FUSE0,206289.3313,206289.3313,207284.7128,995.3815,995.3815,271.3,0.272559,1,p:2.1.2.1.2.2
U3962,159,FUSE0,206343.2128,206343.2128,207199.1128,855.9,855.9,271.3,0.316976,1,p:1.1.1.1.2.2
U3963,159,FUSE0,206428.8128,206428.8128,207388.3128,959.5,959.5,271.3,0.282751,1,p:2.1.3.1.2.2
U3964,159,FUSE0,206464.8128,206464.8128,207353.1128,888.3,888.3,271.3,0.305415,1,p:1.1.4.1.2.2
U3965,159,FUSE0,206532.4128,206532.4128,207483.2313,950.8185,950.8185,271.3,0.285333,1,p:2.1.5.1.2.2
U3966,159,FUSE0,206594.9313,206594.9313,207528.3128,933.3815,933.3815,271.3,0.290664,1,p:1.1.2.1.2.2
U3967,159,FUSE0,206648.8128,206648.8128,207442.7128,793.9,793.9,271.3,0.341731,1,p:2.1.1.1.2.2
U3968,159,FUSE0,206734.4128,206734.4128,207631.9128,897.5,897.5,271.3,0.302284,1,p:1.2.3.1.2.2
U3969,159,FUSE1,206802.8128,206802.8128,207658.7128,855.9,855.9,333.3,0.389415,1,p:2.1.4.1.2.2
U3970,159,FUSE1,206838.0128,206838.0128,207788.8313,950.8185,950.8185,333.3,0.35054,1,p:1.1.5.1.2.2
U3971,159,FUSE1,206932.9313,206932.9313,207833.9128,900.9815,900.9815,333.3,0.36993,1,p:2.1.2.1.2.2
U3972,159,FUSE1,206986.8128,206986.8128,207748.3128,761.5,761.5,333.3,0.437689,1,p:1.1.1.1.2.2
U3973,159,FUSE1,207072.4128,207072.4128,207937.5128,865.1,865.1,333.3,0.385273,1,p:2.1.3.1.2.2
U3974,159,FUSE1,207140.8128,207140.8128,207964.3128,823.5,823.5,333.3,0.404736,1,p:1.1.4.1.2.2
U3975,159,FUSE1,207176.0128,207176.0128,208094.4313,918.4185,918.4185,333.3,0.362906,1,p:2.1.5.1.2.2
U3976,159,FUSE2,207230.4128,207230.4128,208171.9128,941.5,941.5,365.7,0.388423,1,p:1.1.2.1.2.2
U3977,159,FUSE2,207270.9313,207270.9313,208086.3128,815.3815,815.3815,365.7,0.448502,1,p:2.1.1.1.2.2
U3978,159,FUSE2,207316.0128,207316.0128,208275.5128,959.5,959.5,365.7,0.381136,1,p:1.2.3.1.2.2
U3979,159,FUSE2,207384.4128,207384.4128,208302.3128,917.9,917.9,365.7,0.398409,1,p:2.1.4.1.2.2
U3980,159,FUSE2,207419.6128,207419.6128,208432.4313,1012.8185,1012.8185,365.7,0.361072,1,p:1.1.5.1.2.2
U3981,159,FUSE2,207474.0128,207474.0128,208509.9128,1035.9,1035.9,365.7,0.353026,1,p:2.1.2.1.2.2
U3982,159,FUSE2,207514.5313,207514.5313,208424.3128,909.7815,909.7815,365.7,0.401965,1,p:1.2.1.1.2.2
U3983,159,FUSE2,207559.6128,207559.6128,208613.5128,1053.9,1053.9,365.7,0.346997,1,p:2.1.3.1.2.2
U356,15,FUSE0,207663.2128,207663.2128,208545.9128,882.7,882.7,271.3,0.307352,1,p:1.1.4.1.2.2
U357,15,FUSE0,207690.0128,207690.0128,208676.0313,986.0185,986.0185,271.3,0.275147,1,p:2.1.5.1.2.2
U358,15,FUSE0,207779.6128,207779.6128,208753.5128,973.9,973.9,271.3,0.278571,1,p:1.1.2.1.2.2
U359,15,FUSE0,207820.1313,207820.1313,208667.9128,847.7815,847.7815,271.3,0.320012,1,p:2.1.1.1.2.2
U360,15,FUSE0,207865.2128,207865.2128,208857.1128,991.9,991.9,271.3,0.273515,1,p:1.2.3.1.2.2
U361,15,FUSE0,207968.8128,207968.8128,208789.5128,820.7,820.7,271.3,0.330571,1,p:2.1.4.1.2.2
U362,15,FUSE0,207995.6128,207995.6128,208919.6313,924.0185,924.0185,271.3,0.293609,1,p:1.1.5.1.2.2
U363,15,FUSE0,208117.6128,208117.6128,208997.1128,879.5,879.5,271.3,0.308471,1,p:2.1.2.1.2.2
U364,15,FUSE0,208125.7313,208125.7313,208911.5128,785.7815,785.7815,271.3,0.345261,1,p:1.1.1.1.2.2
U365,15,FUSE0,208203.2128,208203.2128,209100.7128,897.5,897.5,271.3,0.302284,1,p:2.1.3.1.2.2
U366,15,FUSE1,208306.8128,208306.8128,209095.1128,788.3,788.3,333.3,0.422809,1,p:1.1.4.1.2.2
U367,15,FUSE1,208333.6128,208333.6128,209225.2313,891.6185,891.6185,333.3,0.373815,1,p:2.1.5.1.2.2
U368,15,FUSE1,208455.6128,208455.6128,212289.0053,3833.3925,3833.3925,333.3,0.086946,1,p:1.1.2.1.2.2
U369,15,FUSE1,208463.7313,208463.7313,209217.1128,753.3815,753.3815,333.3,0.442405,1,p:2.1.1.1.2.2
U370,15,FUSE1,208541.2128,208541.2128,212297.0053,3755.7925,3755.7925,333.3,0.088743,1,p:1.2.3.1.2.2
U371,15,FUSE1,208577.2128,208577.2128,212293.0053,3715.7925,3715.7925,333.3,0.089698,1,p:2.1.4.1.2.2
U372,15,FUSE1,208644.8128,208644.8128,212305.0053,3660.1925,3660.1925,333.3,0.091061,1,p:1.1.5.1.2.2
U373,15,FUSE1,208699.2128,208699.2128,212309.0053,3609.7925,3609.7925,333.3,0.092332,1,p:2.1.2.1.2.2
U374,15,FUSE1,208707.3313,208707.3313,212301.0053,3593.674,3593.674,333.3,0.092746,1,p:1.1.1.1.2.2
U375,15,FUSE2,208784.8128,208784.8128,212317.0053,3532.1925,3532.1925,365.7,0.103533,1,p:2.1.3.1.2.2
U376,15,FUSE2,208820.8128,208820.8128,212313.0053,3492.1925,3492.1925,365.7,0.104719,1,p:1.1.4.1.2.2
U377,15,FUSE2,208888.4128,208888.4128,212325.0053,3436.5925,3436.5925,365.7,0.106414,1,p:2.1.5.1.2.2
U378,15,FUSE2,208942.8128,208942.8128,212329.0053,3386.1925,3386.1925,365.7,0.107997,1,p:1.1.2.1.2.2
U379,15,FUSE2,208950.9313,208950.9313,212321.0053,3370.074,3370.074,365.7,0.108514,1,p:2.1.1.1.2.2
U380,15,FUSE2,209028.4128,209028.4128,212337.0053,3308.5925,3308.5925,365.7,0.11053,1,p:1.2.3.1.2.2
U381,15,FUSE2,209126.4128,209126.4128,212333.0053,3206.5925,3206.5925,365.7,0.114046,1,p:2.1.4.1.2.2
U382,15,FUSE2,209132.0128,209132.0128,212345.0053,3212.9925,3212.9925,365.7,0.113819,1,p:1.1.5.1.2.2
U383,15,FUSE2,209248.4128,209248.4128,212349.0053,3100.5925,3100.5925,365.7,0.117945,1,p:2.1.2.1.2.2
U7775,311,FUSE0,209256.5313,209256.5313,212341.0053,3084.474,3084.474,271.3,0.087957,1,p:1.1.1.2.2.2
U7776,311,FUSE0,212320.3053,212320.3053,212983.4053,663.1,663.1,271.3,0.409139,1,p:2.1.3.1.2.2
U7777,311,FUSE0,212324.3053,212324.3053,213002.6053,678.3,678.3,271.3,0.399971,1,p:1.1.4.1.2.2
U7778,311,FUSE0,212328.3053,212328.3053,213317.4053,989.1,989.1,271.3,0.27429,1,p:2.1.5.1.2.2
U7779,311,FUSE0,212332.3053,212332.3053,212893.0053,560.7,560.7,271.3,0.483859,1,p:1.1.1.2.2.2
U7780,311,FUSE0,212336.3053,212336.3053,213532.6053,1196.3,1196.3,271.3,0.226783,1,p:2.1.3.1.2.2
U7781,311,FUSE0,212340.3053,212340.3053,212978.6053,638.3,638.3,271.3,0.425035,1,p:1.2.2.1.2.2
U7782,311,FUSE0,212344.3053,212344.3053,213551.8053,1207.5,1207.5,271.3,0.224679,1,p:2.1.4.1.2.2
U7783,311,FUSE0,212348.3053,212348.3053,213073.8053,725.5,725.5,271.3,0.373949,1,p:1.1.5.1.2.2
U7784,311,FUSE1,212352.3053,212352.3053,213198.6053,846.3,846.3,333.3,0.393832,1,p:2.1.1.1.2.2
U7785,311,FUSE1,212356.3053,212356.3053,213289.0053,932.7,932.7,333.3,0.35735,1,p:1.1.3.1.2.2
U7786,311,FUSE1,212360.3053,212360.3053,213284.2053,923.9,923.9,333.3,0.360753,1,p:2.1.2.1.2.2
U7787,311,FUSE1,212364.3053,212364.3053,213308.2053,943.9,943.9,333.3,0.353109,1,p:1.1.4.1.2.2
U7788,311,FUSE1,212368.3053,212368.3053,213623.0053,1254.7,1254.7,333.3,0.265641,1,p:2.1.5.1.2.2
U7789,311,FUSE1,212372.3053,212372.3053,213504.2053,1131.9,1131.9,333.3,0.294461,1,p:1.1.1.1.2.2
U7790,311,FUSE1,212376.3053,212376.3053,213838.2053,1461.9,1461.9,333.3,0.227991,1,p:2.1.3.1.2.2
U7791,311,FUSE1,212380.3053,212380.3053,213589.8053,1209.5,1209.5,333.3,0.275568,1,p:1.1.2.1.2.2
U7792,311,FUSE1,212924.3053,212924.3053,213857.4053,933.1,933.1,333.3,0.357196,1,p:2.1.4.1.2.2
U7793,311,FUSE2,213009.9053,213009.9053,213961.0053,951.1,951.1,365.7,0.384502,1,p:1.1.5.1.2.2
U7794,311,FUSE2,213014.7053,213014.7053,213842.8053,828.1,828.1,365.7,0.441613,1,p:2.1.1.1.2.2
U7795,311,FUSE2,213033.9053,213033.9053,214176.2053,1142.3,1142.3,365.7,0.320144,1,p:1.1.3.1.2.2
U7796,311,FUSE2,213105.1053,213105.1053,213927.8053,822.7,822.7,365.7,0.444512,1,p:2.1.2.1.2.2
U7797,311,FUSE2,213229.9053,213229.9053,214195.4053,965.5,965.5,365.7,0.378767,1,p:1.2.4.1.2.2
U7798,311,FUSE2,213315.5053,213315.5053,214299.0053,983.5,983.5,365.7,0.371835,1,p:2.1.5.1.2.2
U7799,311,FUSE2,213320.3053,213320.3053,214180.8053,860.5,860.5,365.7,0.424985,1,p:1.1.1.1.2.2
U7800,311,FUSE2,213339.5053,213339.5053,214514.2053,1174.7,1174.7,365.7,0.311314,1,p:2.1.3.1.2.2
U1391,56,FUSE0,213348.7053,213348.7053,214171.4053,822.7,822.7,271.3,0.329768,1,p:1.1.2.1.2.2
U1392,56,FUSE0,213535.5053,213535.5053,214439.0053,903.5,903.5,271.3,0.300277,1,p:2.1.4.1.2.2
U1393,56,FUSE0,213563.9053,213563.9053,214542.6053,978.7,978.7,271.3,0.277204,1,p:1.1.5.1.2.2
U1394,56,FUSE0,213583.1053,213583.1053,214423.8053,840.7,840.7,271.3,0.322707,1,p:2.1.1.1.2.2
U1395,56,FUSE0,213621.1053,213621.1053,214415.0053,793.9,793.9,271.3,0.341731,1,p:1.1.2.1.2.2
U1396,56,FUSE0,213654.3053,213654.3053,214682.6053,1028.3,1028.3,271.3,0.263834,1,p:2.1.4.1.2.2
U1397,56,FUSE0,213869.5053,213869.5053,214757.8053,888.3,888.3,271.3,0.305415,1,p:1.2.3.1.2.2
U1398,56,FUSE0,213874.1053,213874.1053,214786.2053,912.1,912.1,271.3,0.297445,1,p:2.1.5.1.2.2
U1399,56,FUSE1,213888.7053,213888.7053,214720.6053,831.9,831.9,333.3,0.400649,1,p:1.1.2.1.2.2
U1400,56,FUSE1,213959.1053,213959.1053,214729.4053,770.3,770.3,333.3,0.432689,1,p:2.1.1.1.2.2
U1401,56,FUSE1,213992.3053,213992.3053,214988.2053,995.9,995.9,333.3,0.334672,1,p:1.1.4.1.2.2
U1402,56,FUSE1,214202.7053,214202.7053,215063.4053,860.7,860.7,333.3,0.387243,1,p:2.1.3.1.2.2
U1403,56,FUSE1,214207.5053,214207.5053,215091.8053,884.3,884.3,333.3,0.376908,1,p:1.1.5.1.2.2
U1404,56,FUSE1,214212.1053,214212.1053,215026.2053,814.1,814.1,333.3,0.409409,1,p:2.1.2.1.2.2
U1405,56,FUSE1,214226.7053,214226.7053,215035.0053,808.3,808.3,333.3,0.412347,1,p:1.2.1.1.2.2
U1406,56,FUSE1,214330.3053,214330.3053,215293.8053,963.5,963.5,333.3,0.345926,1,p:2.1.4.1.2.2
U1407,56,FUSE2,214446.3053,214446.3053,215401.4053,955.1,955.1,365.7,0.382892,1,p:1.1.3.1.2.2
U1408,56,FUSE2,214455.1053,214455.1053,215429.8053,974.7,974.7,365.7,0.375192,1,p:2.1.5.1.2.2
U1409,56,FUSE2,214470.3053,214470.3053,215364.2053,893.9,893.9,365.7,0.409106,1,p:1.1.2.1.2.2
U1410,56,FUSE2,214545.5053,214545.5053,215373.0053,827.5,827.5,365.7,0.441934,1,p:2.1.1.1.2.2
U1411,56,FUSE2,214573.9053,214573.9053,215631.8053,1057.9,1057.9,365.7,0.345685,1,p:1.2.4.1.2.2
U1412,56,FUSE2,214713.9053,214713.9053,215739.4053,1025.5,1025.5,365.7,0.356607,1,p:2.1.3.1.2.2
U1413,56,FUSE2,214751.9053,214751.9053,215767.8053,1015.9,1015.9,365.7,0.359976,1,p:1.2.5.1.2.2
U1414,56,FUSE2,214760.7053,214760.7053,215702.2053,941.5,941.5,365.7,0.388423,1,p:2.1.2.1.2.2
U7925,317,FUSE0,214789.1053,214789.1053,215616.6053,827.5,827.5,271.3,0.327855,1,p:1.1.1.2.2.2
U7926,317,FUSE0,214817.5053,214817.5053,215875.4053,1057.9,1057.9,271.3,0.256451,1,p:2.1.4.1.2.2
U7927,317,FUSE0,215019.5053,215019.5053,215983.0053,963.5,963.5,271.3,0.281578,1,p:1.1.3.1.2.2
U7928,317,FUSE0,215057.5053,215057.5053,216011.4053,953.9,953.9,271.3,0.284411,1,p:2.1.5.1.2.2
U7929,317,FUSE0,215066.3053,215066.3053,215860.2053,793.9,793.9,271.3,0.341731,1,p:1.1.1.2.2.2
U7930,317,FUSE0,215094.7053,215094.7053,216119.0053,1024.3,1024.3,271.3,0.264864,1,p:2.1.4.1.2.2
U7931,317,FUSE0,215123.1053,215123.1053,215945.8053,822.7,822.7,271.3,0.329768,1,p:1.2.2.1.2.2
U7932,317,FUSE0,215325.1053,215325.1053,216226.6053,901.5,901.5,271.3,0.300943,1,p:2.1.3.1.2.2
U7933,317,FUSE1,215395.5053,215395.5053,216317.0053,921.5,921.5,333.3,0.361693,1,p:1.1.5.1.2.2
U7934,317,FUSE1,215404.3053,215404.3053,216165.8053,761.5,761.5,333.3,0.437689,1,p:2.1.1.2.2.2
U7935,317,FUSE1,215432.7053,215432.7053,216424.6053,991.9,991.9,333.3,0.336022,1,p:1.1.4.1.2.2
U7936,317,FUSE1,215461.1053,215461.1053,216251.4053,790.3,790.3,333.3,0.421739,1,p:2.1.2.1.2.2
U7937,317,FUSE1,215647.9053,215647.9053,216532.2053,884.3,884.3,333.3,0.376908,1,p:1.1.3.1.2.2
U7938,317,FUSE1,215663.1053,215663.1053,216622.6053,959.5,959.5,333.3,0.347368,1,p:2.1.5.1.2.2
U7939,317,FUSE1,215733.5053,215733.5053,216471.4053,737.9,737.9,333.3,0.451687,1,p:1.1.1.2.2.2
U7940,317,FUSE1,215770.7053,215770.7053,216730.2053,959.5,959.5,333.3,0.347368,1,p:2.1.4.1.2.2
U7941,317,FUSE2,215799.1053,215799.1053,216589.4053,790.3,790.3,365.7,0.462736,1,p:1.1.2.1.2.2
U7942,317,FUSE2,215891.5053,215891.5053,216870.2053,978.7,978.7,365.7,0.373659,1,p:2.1.3.1.2.2
U7943,317,FUSE2,215906.7053,215906.7053,216960.6053,1053.9,1053.9,365.7,0.346997,1,p:1.1.5.1.2.2
U7944,317,FUSE2,215977.1053,215977.1053,216809.4053,832.3,832.3,365.7,0.439385,1,p:2.1.1.2.2.2
U7945,317,FUSE2,216014.3053,216014.3053,217068.2053,1053.9,1053.9,365.7,0.346997,1,p:1.1.4.1.2.2
U7946,317,FUSE2,216042.7053,216042.7053,216927.4053,884.7,884.7,365.7,0.41336,1,p:2.1.2.1.2.2
U7947,317,FUSE2,216150.3053,216150.3053,217208.2053,1057.9,1057.9,365.7,0.345685,1,p:1.2.3.1.2.2
U7948,317,FUSE2,216197.1053,216197.1053,217298.6053,1101.5,1101.5,365.7,0.332002,1,p:2.1.5.1.2.2
U7949,317,FUSE2,216257.9053,216257.9053,217147.4053,889.5,889.5,365.7,0.41113,1,p:1.1.1.2.2.2
U6406,256,FUSE0,216282.7053,216282.7053,217311.8053,1029.1,1029.1,271.3,0.263628,1,p:2.1.4.1.2.2
U6407,256,FUSE0,216348.3053,216348.3053,217171.0053,822.7,822.7,271.3,0.329768,1,p:1.1.2.1.2.2
U6408,256,FUSE0,216455.9053,216455.9053,217451.8053,995.9,995.9,271.3,0.272417,1,p:2.1.3.1.2.2
U6409,256,FUSE0,216502.7053,216502.7053,217542.2053,1039.5,1039.5,271.3,0.260991,1,p:1.1.5.1.2.2
U6410,256,FUSE0,216563.5053,216563.5053,217555.4053,991.9,991.9,271.3,0.273515,1,p:2.1.4.1.2.2
U6411,256,FUSE0,216620.7053,216620.7053,217391.0053,770.3,770.3,271.3,0.3522,1,p:1.1.1.2.2.2
U6412,256,FUSE0,216653.9053,216653.9053,217414.6053,760.7,760.7,271.3,0.356645,1,p:2.1.2.1.2.2
U6413,256,FUSE0,216761.5053,216761.5053,217695.4053,933.9,933.9,271.3,0.290502,1,p:1.1.3.1.2.2
U6414,256,FUSE0,216840.7053,216840.7053,217785.8053,945.1,945.1,271.3,0.28706,1,p:2.1.5.1.2.2
U6415,256,FUSE1,216901.5053,216901.5053,217861.0053,959.5,959.5,333.3,0.347368,1,p:1.1.4.1.2.2
U6416,256,FUSE1,216958.7053,216958.7053,217700.0053,741.3,741.3,333.3,0.449616,1,p:2.1.1.1.2.2
U6417,256,FUSE1,216991.9053,216991.9053,217720.2053,728.3,728.3,333.3,0.457641,1,p:1.1.2.1.2.2
U6418,256,FUSE1,217099.5053,217099.5053,218001.0053,901.5,901.5,333.3,0.369717,1,p:2.1.3.1.2.2
U6419,256,FUSE1,217178.7053,217178.7053,218091.4053,912.7,912.7,333.3,0.36518,1,p:1.1.5.1.2.2
U6420,256,FUSE1,217202.3053,217202.3053,218166.6053,964.3,964.3,333.3,0.345639,1,p:2.1.4.1.2.2
U6421,256,FUSE1,217239.5053,217239.5053,218005.6053,766.1,766.1,333.3,0.435061,1,p:1.2.1.1.2.2
U6422,256,FUSE1,217329.9053,217329.9053,218025.8053,695.9,695.9,333.3,0.478948,1,p:2.1.2.1.2.2
U6423,256,FUSE1,217343.1053,217343.1053,218306.6053,963.5,963.5,333.3,0.345926,1,p:1.2.3.1.2.2
U6424,256,FUSE2,217422.3053,217422.3053,218429.4053,1007.1,1007.1,365.7,0.363122,1,p:2.1.5.1.2.2
U6425,256,FUSE2,217445.9053,217445.9053,218504.6053,1058.7,1058.7,365.7,0.345424,1,p:1.1.4.1.2.2
U6426,256,FUSE2,217483.1053,217483.1053,218363.8053,880.7,880.7,365.7,0.415238,1,p:2.1.2.1.2.2
U6427,256,FUSE2,217573.5053,217573.5053,218340.2053,766.7,766.7,365.7,0.476979,1,p:1.1.1.1.2.2
U6428,256,FUSE2,217586.7053,217586.7053,218644.6053,1057.9,1057.9,365.7,0.345685,1,p:2.1.3.1.2.2
U6429,256,FUSE2,217726.7053,217726.7053,218767.4053,1040.7,1040.7,365.7,0.351398,1,p:1.1.5.1.2.2
U6430,256,FUSE2,217731.3053,217731.3053,218842.6053,1111.3,1111.3,365.7,0.329074,1,p:2.1.4.1.2.2
U6431,256,FUSE2,217751.5053,217751.5053,218678.2053,926.7,926.7,365.7,0.394626,1,p:1.1.1.1.2.2
U6432,256,FUSE2,217817.1053,217817.1053,218701.8053,884.7,884.7,365.7,0.41336,1,p:2.1.2.1.2.2
U7522,301,FUSE0,217892.3053,217892.3053,218888.2053,995.9,995.9,271.3,0.272417,1,p:1.1.3.1.2.2
U7523,301,FUSE0,218032.3053,218032.3053,219011.0053,978.7,978.7,271.3,0.277204,1,p:2.1.5.1.2.2
U7524,301,FUSE0,218036.9053,218036.9053,219131.8053,1094.9,1094.9,271.3,0.247785,1,p:1.1.3.1.2.2
U7525,301,FUSE0,218057.1053,218057.1053,219086.2053,1029.1,1029.1,271.3,0.263628,1,p:2.1.4.1.2.2
U7526,301,FUSE0,218122.7053,218122.7053,218921.8053,799.1,799.1,271.3,0.339507,1,p:1.2.1.1.2.2
U7527,301,FUSE0,218197.9053,218197.9053,218945.4053,747.5,747.5,271.3,0.362943,1,p:2.1.2.1.2.2
U7528,301,FUSE0,218337.9053,218337.9053,219255.6053,917.7,917.7,271.3,0.29563,1,p:1.1.5.1.2.2
U7529,301,FUSE0,218371.5053,218371.5053,219375.4053,1003.9,1003.9,271.3,0.270246,1,p:2.1.3.1.2.2
U7530,301,FUSE0,218395.1053,218395.1053,219329.8053,934.7,934.7,271.3,0.290254,1,p:1.1.4.1.2.2
U7531,301,FUSE0,218460.7053,218460.7053,219165.4053,704.7,704.7,271.3,0.384987,1,p:2.1.1.1.2.2
U7532,301,FUSE1,218535.9053,218535.9053,219251.0053,715.1,715.1,333.3,0.466089,1,p:1.1.2.1.2.2
U7533,301,FUSE1,218675.9053,218675.9053,219561.2053,885.3,885.3,333.3,0.376483,1,p:2.1.5.1.2.2
U7534,301,FUSE1,218709.5053,218709.5053,219681.0053,971.5,971.5,333.3,0.343078,1,p:1.1.3.1.2.2
U7535,301,FUSE1,218733.1053,218733.1053,219635.4053,902.3,902.3,333.3,0.369389,1,p:2.1.4.1.2.2
U7536,301,FUSE1,218798.7053,218798.7053,219471.0053,672.3,672.3,333.3,0.495761,1,p:1.1.1.1.2.2
U7537,301,FUSE1,218873.9053,218873.9053,219556.6053,682.7,682.7,333.3,0.488209,1,p:2.1.2.1.2.2
U7538,301,FUSE1,218919.5053,218919.5053,219865.8053,946.3,946.3,333.3,0.352214,1,p:1.1.5.1.2.2
U7539,301,FUSE1,218953.1053,218953.1053,219941.0053,987.9,987.9,333.3,0.337382,1,p:2.1.4.1.2.2
U7540,301,FUSE1,218976.7053,218976.7053,219986.6053,1009.9,1009.9,333.3,0.330033,1,p:1.1.3.1.2.2
U7541,301,FUSE1,219042.3053,219042.3053,219776.6053,734.3,734.3,333.3,0.453902,1,p:2.1.1.1.2.2
U7542,301,FUSE2,219117.5053,219117.5053,219894.6053,777.1,777.1,365.7,0.470596,1,p:1.2.2.1.2.2
U7543,301,FUSE2,219163.1053,219163.1053,220203.8053,1040.7,1040.7,365.7,0.351398,1,p:2.1.5.1.2.2
U7544,301,FUSE2,219196.7053,219196.7053,220324.6053,1127.9,1127.9,365.7,0.324231,1,p:1.1.3.1.2.2
U7545,301,FUSE2,219282.3053,219282.3053,220279.0053,996.7,996.7,365.7,0.366911,1,p:2.1.4.1.2.2
U7546,301,FUSE2,219286.9053,219286.9053,220114.6053,827.7,827.7,365.7,0.441827,1,p:1.1.1.1.2.2
U7547,301,FUSE2,219361.1053,219361.1053,220232.6053,871.5,871.5,365.7,0.419621,1,p:2.1.2.1.2.2
U7548,301,FUSE2,219406.7053,219406.7053,220541.8053,1135.1,1135.1,365.7,0.322174,1,p:1.1.5.1.2.2
U7549,301,FUSE2,219502.3053,219502.3053,220617.0053,1114.7,1114.7,365.7,0.32807,1,p:2.1.4.1.2.2
U7550,301,FUSE2,219587.9053,219587.9053,220662.6053,1074.7,1074.7,365.7,0.340281,1,p:1.1.3.1.2.2
U226,10,FUSE0,219592.5053,219592.5053,220358.2053,765.7,765.7,271.3,0.354316,1,p:2.1.1.2.2.2
U227,10,FUSE0,219666.7053,219666.7053,220476.2053,809.5,809.5,271.3,0.335145,1,p:1.2.2.1.2.2
U228,10,FUSE0,219712.3053,219712.3053,220785.4053,1073.1,1073.1,271.3,0.252819,1,p:2.1.5.1.2.2
U229,10,FUSE0,219807.9053,219807.9053,220601.8053,793.9,793.9,271.3,0.341731,1,p:1.1.1.2.2.2
U230,10,FUSE0,219897.1053,219897.1053,220906.2053,1009.1,1009.1,271.3,0.268853,1,p:2.1.3.1.2.2
U231,10,FUSE0,219925.9053,219925.9053,220860.6053,934.7,934.7,271.3,0.290254,1,p:1.1.4.1.2.2
U232,10,FUSE0,219972.3053,219972.3053,220719.8053,747.5,747.5,271.3,0.362943,1,p:2.1.2.1.2.2
U233,10,FUSE0,220017.9053,220017.9053,221030.0053,1012.1,1012.1,271.3,0.268057,1,p:1.1.5.1.2.2
U234,10,FUSE0,220145.9053,220145.9053,221149.8053,1003.9,1003.9,271.3,0.270246,1,p:2.1.3.1.2.2
U235,10,FUSE1,220235.1053,220235.1053,220910.8053,675.7,675.7,333.3,0.493266,1,p:1.1.1.1.2.2
U236,10,FUSE1,220263.9053,220263.9053,221166.2053,902.3,902.3,333.3,0.369389,1,p:2.1.4.1.2.2
U237,10,FUSE1,220310.3053,220310.3053,221025.4053,715.1,715.1,333.3,0.466089,1,p:1.2.2.1.2.2
U238,10,FUSE1,220355.9053,220355.9053,221335.6053,979.7,979.7,333.3,0.340206,1,p:2.1.5.1.2.2
U239,10,FUSE1,220389.5053,220389.5053,221455.4053,1065.9,1065.9,333.3,0.312693,1,p:1.1.3.1.2.2
U240,10,FUSE1,220507.5053,220507.5053,221471.8053,964.3,964.3,333.3,0.345639,1,p:2.1.4.1.2.2
U241,10,FUSE1,220573.1053,220573.1053,221213.0053,639.9,639.9,333.3,0.520863,1,p:1.1.1.1.2.2
U242,10,FUSE1,220633.1053,220633.1053,221331.0053,697.9,697.9,333.3,0.477576,1,p:2.1.2.1.2.2
U243,10,FUSE1,220648.3053,220648.3053,221640.2053,991.9,991.9,333.3,0.336022,1,p:1.1.5.1.2.2
U244,10,FUSE2,220693.9053,220693.9053,221793.4053,1099.5,1099.5,365.7,0.332606,1,p:2.1.3.1.2.2
U245,10,FUSE2,220751.1053,220751.1053,221551.0053,799.9,799.9,365.7,0.457182,1,p:1.1.1.1.2.2
U246,10,FUSE2,220816.7053,220816.7053,221809.8053,993.1,993.1,365.7,0.368241,1,p:2.1.4.1.2.2
U247,10,FUSE2,220891.9053,220891.9053,221669.0053,777.1,777.1,365.7,0.470596,1,p:1.1.2.1.2.2
U248,10,FUSE2,220937.5053,220937.5053,221978.2053,1040.7,1040.7,365.7,0.351398,1,p:2.1.5.1.2.2
U249,10,FUSE2,220942.1053,220942.1053,222131.4053,1189.3,1189.3,365.7,0.307492,1,p:1.1.3.1.2.2
U250,10,FUSE2,221056.7053,221056.7053,221889.0053,832.3,832.3,365.7,0.439385,1,p:2.1.1.1.2.2
U251,10,FUSE2,221061.3053,221061.3053,222147.8053,1086.5,1086.5,365.7,0.336585,1,p:1.2.4.1.2.2
U252,10,FUSE2,221181.1053,221181.1053,222007.0053,825.9,825.9,365.7,0.44279,1,p:2.1.2.1.2.2
U7025,281,FUSE0,221197.5053,221197.5053,222221.8053,1024.3,1024.3,271.3,0.264864,1,p:1.1.5.1.2.2
U7026,281,FUSE0,221244.3053,221244.3053,222375.0053,1130.7,1130.7,271.3,0.23994,1,p:2.1.3.1.2.2
U7027,281,FUSE0,221362.3053,221362.3053,222136.0053,773.7,773.7,271.3,0.350653,1,p:1.2.1.1.2.2
U7028,281,FUSE0,221366.9053,221366.9053,222391.4053,1024.5,1024.5,271.3,0.264812,1,p:2.1.4.1.2.2
U7029,281,FUSE0,221486.7053,221486.7053,222250.6053,763.9,763.9,271.3,0.355151,1,p:1.1.2.1.2.2
U7030,281,FUSE0,221503.1053,221503.1053,222465.4053,962.3,962.3,271.3,0.281929,1,p:2.1.5.1.2.2
U7031,281,FUSE0,221582.3053,221582.3053,222618.6053,1036.3,1036.3,271.3,0.261797,1,p:1.1.3.1.2.2
U7032,281,FUSE0,221671.5053,221671.5053,222379.6053,708.1,708.1,271.3,0.383138,1,p:2.1.1.1.2.2
U7033,281,FUSE1,221700.3053,221700.3053,222697.0053,996.7,996.7,333.3,0.334404,1,p:1.2.4.1.2.2
U7034,281,FUSE1,221824.7053,221824.7053,222556.2053,731.5,731.5,333.3,0.455639,1,p:2.1.2.1.2.2
U7035,281,FUSE1,221841.1053,221841.1053,222771.0053,929.9,929.9,333.3,0.358426,1,p:1.1.5.1.2.2
U7036,281,FUSE1,221920.3053,221920.3053,222924.2053,1003.9,1003.9,333.3,0.332005,1,p:2.1.3.1.2.2
U7037,281,FUSE1,222009.5053,222009.5053,222681.8053,672.3,672.3,333.3,0.495761,1,p:1.1.1.1.2.2
U7038,281,FUSE1,222038.3053,222038.3053,223002.6053,964.3,964.3,333.3,0.345639,1,p:2.1.4.1.2.2
U7039,281,FUSE1,222162.7053,222162.7053,222861.8053,699.1,699.1,333.3,0.476756,1,p:1.1.2.1.2.2
U7040,281,FUSE1,222167.3053,222167.3053,223076.6053,909.3,909.3,333.3,0.366546,1,p:2.1.5.1.2.2
U7041,281,FUSE1,222179.1053,222179.1053,223229.8053,1050.7,1050.7,333.3,0.317217,1,p:1.1.3.1.2.2
U7042,281,FUSE2,222253.1053,222253.1053,223019.8053,766.7,766.7,365.7,0.476979,1,p:2.1.1.1.2.2
U7043,281,FUSE2,222281.9053,222281.9053,223340.6053,1058.7,1058.7,365.7,0.345424,1,p:1.2.4.1.2.2
U7044,281,FUSE2,222406.3053,222406.3053,223199.8053,793.5,793.5,365.7,0.46087,1,p:2.1.2.1.2.2
U7045,281,FUSE2,222410.9053,222410.9053,223414.6053,1003.7,1003.7,365.7,0.364352,1,p:1.1.5.1.2.2
U7046,281,FUSE2,222422.7053,222422.7053,223567.8053,1145.1,1145.1,365.7,0.319361,1,p:2.1.3.1.2.2
U7047,281,FUSE2,222496.7053,222496.7053,223357.8053,861.1,861.1,365.7,0.424689,1,p:1.1.1.1.2.2
U7048,281,FUSE2,222587.5053,222587.5053,223678.6053,1091.1,1091.1,365.7,0.335166,1,p:2.1.4.1.2.2
U7049,281,FUSE2,222649.9053,222649.9053,223537.8053,887.9,887.9,365.7,0.411871,1,p:1.1.2.1.2.2
U7050,281,FUSE2,222713.1053,222713.1053,223752.6053,1039.5,1039.5,365.7,0.351804,1,p:2.1.5.1.2.2
U4808,192,FUSE0,222728.3053,222728.3053,223811.4053,1083.1,1083.1,271.3,0.250485,1,p:1.1.3.1.2.2
U4809,192,FUSE0,222802.3053,222802.3053,223601.4053,799.1,799.1,271.3,0.339507,1,p:2.1.1.2.2.2
U4810,192,FUSE0,222893.1053,222893.1053,223922.2053,1029.1,1029.1,271.3,0.263628,1,p:1.2.4.1.2.2
U4811,192,FUSE0,222955.5053,222955.5053,223781.4053,825.9,825.9,271.3,0.32849,1,p:2.1.2.1.2.2
U4812,192,FUSE0,223033.9053,223033.9053,224055.0053,1021.1,1021.1,271.3,0.265694,1,p:1.1.3.1.2.2
U4813,192,FUSE0,223051.1053,223051.1053,223996.2053,945.1,945.1,271.3,0.28706,1,p:2.1.5.1.2.2
U4814,192,FUSE0,223107.9053,223107.9053,223845.0053,737.1,737.1,271.3,0.368064,1,p:1.1.1.2.2.2
U4815,192,FUSE0,223231.1053,223231.1053,224165.8053,934.7,934.7,271.3,0.290254,1,p:2.1.4.1.2.2
U4816,192,FUSE0,223261.1053,223261.1053,224025.0053,763.9,763.9,271.3,0.355151,1,p:1.1.2.1.2.2
U4817,192,FUSE1,223371.9053,223371.9053,224360.6053,988.7,988.7,333.3,0.337109,1,p:2.1.3.1.2.2
U4818,192,FUSE1,223389.1053,223389.1053,224301.8053,912.7,912.7,333.3,0.36518,1,p:1.1.5.1.2.2
U4819,192,FUSE1,223445.9053,223445.9053,224150.6053,704.7,704.7,333.3,0.472967,1,p:2.1.1.2.2.2
U4820,192,FUSE1,223569.1053,223569.1053,224471.4053,902.3,902.3,333.3,0.369389,1,p:1.1.4.1.2.2
U4821,192,FUSE1,223599.1053,223599.1053,224330.6053,731.5,731.5,333.3,0.455639,1,p:2.1.2.1.2.2
U4822,192,FUSE1,223632.7053,223632.7053,224666.2053,1033.5,1033.5,333.3,0.322496,1,p:1.1.3.1.2.2
U4823,192,FUSE1,223709.9053,223709.9053,224607.4053,897.5,897.5,333.3,0.371365,1,p:2.1.5.1.2.2
U4824,192,FUSE1,223783.9053,223783.9053,224456.2053,672.3,672.3,333.3,0.495761,1,p:1.1.1.2.2.2
U4825,192,FUSE1,223812.7053,223812.7053,224777.0053,964.3,964.3,333.3,0.345639,1,p:2.1.4.1.2.2
U4826,192,FUSE2,223842.7053,223842.7053,224670.8053,828.1,828.1,365.7,0.441613,1,p:1.1.2.1.2.2
U4827,192,FUSE2,223876.3053,223876.3053,225004.2053,1127.9,1127.9,365.7,0.324231,1,p:2.1.3.1.2.2
U4828,192,FUSE2,223953.5053,223953.5053,224945.4053,991.9,991.9,365.7,0.368686,1,p:1.1.5.1.2.2
U4829,192,FUSE2,224027.5053,224027.5053,224794.2053,766.7,766.7,365.7,0.476979,1,p:2.1.1.2.2.2
U4830,192,FUSE2,224056.3053,224056.3053,225115.0053,1058.7,1058.7,365.7,0.345424,1,p:1.1.4.1.2.2
U4831,192,FUSE2,224086.3053,224086.3053,225008.8053,922.5,922.5,365.7,0.396423,1,p:2.1.2.1.2.2
E168,362,FUSE0,224181.9053,224181.9053,225189.0053,1007.1,1007.1,271.3,0.269387,1,p:1.1.5.1.2.2
E169,362,FUSE0,224197.1053,224197.1053,225247.8053,1050.7,1050.7,271.3,0.258209,1,p:2.1.3.1.2.2
E170,362,FUSE0,224333.1053,224333.1053,225358.6053,1025.5,1025.5,271.3,0.264554,1,p:1.1.4.1.2.2
E171,362,FUSE0,224361.9053,224361.9053,225037.8053,675.9,675.9,271.3,0.401391,1,p:2.1.1.1.2.2
E172,362,FUSE0,224391.9053,224391.9053,225432.6053,1040.7,1040.7,271.3,0.26069,1,p:1.1.5.1.2.2
E173,362,FUSE0,224487.5053,224487.5053,225252.4053,764.9,764.9,271.3,0.354687,1,p:2.1.2.1.2.2
E174,362,FUSE0,224502.7053,224502.7053,225491.4053,988.7,988.7,271.3,0.274401,1,p:1.1.3.1.2.2
E175,362,FUSE0,224638.7053,224638.7053,225281.4053,642.7,642.7,271.3,0.422125,1,p:2.1.1.1.2.2
E176,362,FUSE0,224697.5053,224697.5053,225602.2053,904.7,904.7,271.3,0.299878,1,p:1.1.4.1.2.2
E177,362,FUSE1,224702.1053,224702.1053,225738.2053,1036.1,1036.1,333.3,0.321687,1,p:2.1.5.1.2.2
E178,362,FUSE1,224808.3053,224808.3053,225797.0053,988.7,988.7,333.3,0.337109,1,p:1.1.3.1.2.2
E179,362,FUSE1,224825.5053,224825.5053,225555.8053,730.3,730.3,333.3,0.456388,1,p:2.1.2.1.2.2
E180,362,FUSE1,224976.7053,224976.7053,225597.0053,620.3,620.3,333.3,0.537321,1,p:1.1.1.1.2.2
E181,362,FUSE1,225035.5053,225035.5053,226043.8053,1008.3,1008.3,333.3,0.330556,1,p:2.1.5.1.2.2
E182,362,FUSE1,225040.1053,225040.1053,226102.6053,1062.5,1062.5,333.3,0.313694,1,p:1.2.3.1.2.2
E183,362,FUSE1,225069.1053,225069.1053,225861.4053,792.3,792.3,333.3,0.420674,1,p:2.1.2.1.2.2
E184,362,FUSE1,225146.3053,225146.3053,225907.8053,761.5,761.5,333.3,0.437689,1,p:1.1.4.1.2.2
E185,362,FUSE1,225220.3053,225220.3053,225902.6053,682.3,682.3,333.3,0.488495,1,p:2.1.1.1.2.2
E186,362,FUSE2,225279.1053,225279.1053,226381.8053,1102.7,1102.7,365.7,0.331641,1,p:1.1.5.1.2.2
E187,362,FUSE2,225283.7053,225283.7053,226440.6053,1156.9,1156.9,365.7,0.316103,1,p:2.1.3.1.2.2
E188,362,FUSE2,225312.7053,225312.7053,226199.4053,886.7,886.7,365.7,0.412428,1,p:1.1.2.1.2.2
E189,362,FUSE2,225389.9053,225389.9053,226778.6053,1388.7,1388.7,365.7,0.26334,1,p:2.1.3.1.2.2
E190,362,FUSE2,225463.9053,225463.9053,226537.4053,1073.5,1073.5,365.7,0.340661,1,p:1.1.2.1.2.2
E191,362,FUSE2,225522.7053,225522.7053,226240.6053,717.9,717.9,365.7,0.509402,1,p:2.1.1.1.2.2
E192,362,FUSE2,225587.1053,225587.1053,226359.8053,772.7,772.7,365.7,0.473276,1,p:1.1.4.1.2.2
E193,362,FUSE2,225628.3053,225628.3053,226719.8053,1091.5,1091.5,365.7,0.335044,1,p:2.1.5.1.2.2
E194,362,FUSE2,225633.5053,225633.5053,227116.6053,1483.1,1483.1,365.7,0.246578,1,p:1.2.3.1.2.2
E195,362,FUSE2,225769.5053,225769.5053,226875.4053,1105.9,1105.9,365.7,0.330681,1,p:2.1.2.1.2.2
E196,362,FUSE2,225828.3053,225828.3053,226578.6053,750.3,750.3,365.7,0.487405,1,p:1.1.1.1.2.2
U4832,192,FUSE2,225892.7053,225892.7053,227454.6053,1561.9,1561.9,365.7,0.234138,1,p:1.1.3.1.2.2
U4833,192,FUSE2,225933.9053,225933.9053,227057.8053,1123.9,1123.9,365.7,0.325385,1,p:2.1.5.1.2.2
U4834,192,FUSE2,225939.1053,225939.1053,226916.6053,977.5,977.5,365.7,0.374118,1,p:1.1.1.2.2.2
U4835,192,FUSE2,226075.1053,226075.1053,226867.8053,792.7,792.7,365.7,0.461335,1,p:2.1.4.1.2.2
U4960,198,FUSE0,226133.9053,226133.9053,227121.2053,987.3,987.3,271.3,0.27479,1,p:1.1.2.2.2.2
U4961,198,FUSE0,226230.7053,226230.7053,227698.2053,1467.5,1467.5,271.3,0.184872,1,p:2.1.3.1.2.2
U4962,198,FUSE0,226271.9053,226271.9053,227301.4053,1029.5,1029.5,271.3,0.263526,1,p:1.1.5.1.2.2
U4963,198,FUSE0,226391.1053,226391.1053,227160.2053,769.1,769.1,271.3,0.35275,1,p:2.1.1.2.2.2
U4964,198,FUSE0,226413.1053,226413.1053,227111.4053,698.3,698.3,271.3,0.388515,1,p:1.1.4.1.2.2
U4965,198,FUSE0,226471.9053,226471.9053,227362.6053,890.7,890.7,271.3,0.304592,1,p:2.1.2.2.2.2
U4966,198,FUSE0,226568.7053,226568.7053,227941.8053,1373.1,1373.1,271.3,0.197582,1,p:1.1.3.1.2.2
U4967,198,FUSE0,226609.9053,226609.9053,227545.0053,935.1,935.1,271.3,0.290129,1,p:2.1.5.1.2.2
U4968,198,FUSE1,226751.1053,226751.1053,227465.8053,714.7,714.7,333.3,0.46635,1,p:1.1.1.1.2.2
U4969,198,FUSE1,226809.9053,226809.9053,227570.2053,760.3,760.3,333.3,0.43838,1,p:2.1.4.1.2.2
U4970,198,FUSE1,226899.1053,226899.1053,227668.2053,769.1,769.1,333.3,0.433364,1,p:1.1.2.2.2.2
U4971,198,FUSE1,226906.7053,226906.7053,228247.4053,1340.7,1340.7,333.3,0.248601,1,p:2.1.3.1.2.2
U4972,198,FUSE1,226947.9053,226947.9053,227850.6053,902.7,902.7,333.3,0.369226,1,p:1.1.5.1.2.2
U4973,198,FUSE1,227089.1053,227089.1053,227771.4053,682.3,682.3,333.3,0.488495,1,p:2.1.1.1.2.2
U4974,198,FUSE1,227142.7053,227142.7053,227883.0053,740.3,740.3,333.3,0.450223,1,p:1.1.4.1.2.2
U4975,198,FUSE1,227147.9053,227147.9053,227973.8053,825.9,825.9,333.3,0.40356,1,p:2.1.2.2.2.2
U4976,198,FUSE2,227152.5053,227152.5053,228585.4053,1432.9,1432.9,365.7,0.255217,1,p:1.1.3.1.2.2
U4977,198,FUSE2,227191.5053,227191.5053,228188.6053,997.1,997.1,365.7,0.366764,1,p:2.1.5.1.2.2
U4978,198,FUSE2,227332.7053,227332.7053,228109.4053,776.7,776.7,365.7,0.470838,1,p:1.1.1.1.2.2
U4979,198,FUSE2,227393.9053,227393.9053,228221.0053,827.1,827.1,365.7,0.442147,1,p:2.1.4.1.2.2
U4980,198,FUSE2,227485.9053,227485.9053,228311.8053,825.9,825.9,365.7,0.44279,1,p:1.1.2.2.2.2
U4981,198,FUSE2,227497.1053,227497.1053,228923.4053,1426.3,1426.3,365.7,0.256398,1,p:2.1.3.1.2.2
U4982,198,FUSE2,227576.3053,227576.3053,228526.6053,950.3,950.3,365.7,0.384826,1,p:1.1.5.1.2.2
U4983,198,FUSE2,227601.5053,227601.5053,228447.4053,845.9,845.9,365.7,0.432321,1,p:2.1.1.1.2.2
U4984,198,FUSE2,227699.5053,227699.5053,228560.0053,860.5,860.5,365.7,0.424985,1,p:1.1.4.1.2.2
U4464,179,FUSE0,227729.5053,227729.5053,228555.4053,825.9,825.9,271.3,0.32849,1,p:2.1.2.1.2.2
U4465,179,FUSE0,227802.7053,227802.7053,229167.0053,1364.3,1364.3,271.3,0.198857,1,p:1.1.3.1.2.2
U4466,179,FUSE0,227881.9053,227881.9053,228770.2053,888.3,888.3,271.3,0.305415,1,p:2.1.5.1.2.2
U4467,179,FUSE0,227914.3053,227914.3053,228691.0053,776.7,776.7,271.3,0.349298,1,p:1.1.1.1.2.2
U4468,179,FUSE0,227973.1053,227973.1053,228799.0053,825.9,825.9,271.3,0.32849,1,p:2.1.2.1.2.2
U4469,179,FUSE0,228005.1053,228005.1053,228803.6053,798.5,798.5,271.3,0.339762,1,p:1.1.4.1.2.2
U4470,179,FUSE0,228140.7053,228140.7053,229414.8053,1274.1,1274.1,271.3,0.212935,1,p:2.1.3.1.2.2
U4471,179,FUSE0,228219.9053,228219.9053,229013.8053,793.9,793.9,271.3,0.341731,1,p:1.1.5.1.2.2
U4472,179,FUSE0,228252.3053,228252.3053,228934.6053,682.3,682.3,271.3,0.397626,1,p:2.1.1.1.2.2
U4473,179,FUSE1,228278.7053,228278.7053,229104.6053,825.9,825.9,333.3,0.40356,1,p:1.1.2.1.2.2
U4474,179,FUSE1,228343.1053,228343.1053,229109.2053,766.1,766.1,333.3,0.435061,1,p:2.1.4.1.2.2
U4475,179,FUSE1,228478.7053,228478.7053,229716.2053,1237.5,1237.5,333.3,0.269333,1,p:1.1.3.1.2.2
U4476,179,FUSE1,228557.9053,228557.9053,229358.2053,800.3,800.3,333.3,0.416469,1,p:2.1.5.1.2.2
U4477,179,FUSE1,228586.7053,228586.7053,229240.2053,653.5,653.5,333.3,0.510023,1,p:1.1.1.1.2.2
U4478,179,FUSE1,228591.3053,228591.3053,229410.2053,818.9,818.9,333.3,0.407009,1,p:2.1.2.1.2.2
U4479,179,FUSE1,228616.7053,228616.7053,229419.4053,802.7,802.7,333.3,0.415224,1,p:1.1.4.1.2.2
U4480,179,FUSE1,228722.3053,228722.3053,230021.8053,1299.5,1299.5,333.3,0.256483,1,p:2.1.3.1.2.2
U4481,179,FUSE1,228801.5053,228801.5053,229663.8053,862.3,862.3,333.3,0.386524,1,p:1.2.5.1.2.2
U4482,179,FUSE2,228830.3053,228830.3053,229578.2053,747.9,747.9,365.7,0.488969,1,p:2.1.1.1.2.2
U4483,179,FUSE2,228834.9053,228834.9053,229748.2053,913.3,913.3,365.7,0.400416,1,p:1.1.2.1.2.2
U4484,179,FUSE2,228954.7053,228954.7053,229752.8053,798.1,798.1,365.7,0.458213,1,p:2.1.4.1.2.2
U4485,179,FUSE2,228965.9053,228965.9053,230359.8053,1393.9,1393.9,365.7,0.262357,1,p:1.1.3.1.2.2
U4486,179,FUSE2,229045.1053,229045.1053,230001.8053,956.7,956.7,365.7,0.382251,1,p:2.1.5.1.2.2
U4487,179,FUSE2,229135.9053,229135.9053,229916.2053,780.3,780.3,365.7,0.468666,1,p:1.1.1.1.2.2
U4488,179,FUSE2,229140.5053,229140.5053,230086.2053,945.7,945.7,365.7,0.386698,1,p:2.1.2.1.2.2
U4489,179,FUSE2,229198.3053,229198.3053,230090.8053,892.5,892.5,365.7,0.409748,1,p:1.1.4.1.2.2
U4490,179,FUSE2,229271.5053,229271.5053,230697.8053,1426.3,1426.3,365.7,0.256398,1,p:2.1.3.1.2.2
U4491,179,FUSE2,229389.5053,229389.5053,230339.8053,950.3,950.3,365.7,0.384826,1,p:1.2.5.1.2.2
U7000,280,FUSE0,229441.5053,229441.5053,230159.8053,718.3,718.3,271.3,0.377697,1,p:2.1.1.2.2.2
U7001,280,FUSE0,229446.1053,229446.1053,230329.8053,883.7,883.7,271.3,0.307005,1,p:1.1.2.1.2.2
U7002,280,FUSE0,229450.7053,229450.7053,230334.4053,883.7,883.7,271.3,0.307005,1,p:2.1.4.1.2.2
U7003,280,FUSE0,229609.5053,229609.5053,230941.4053,1331.9,1331.9,271.3,0.203694,1,p:1.1.3.1.2.2
U7004,280,FUSE0,229695.1053,229695.1053,230583.4053,888.3,888.3,271.3,0.305415,1,p:2.1.5.1.2.2
U7005,280,FUSE0,229747.5053,229747.5053,230403.4053,655.9,655.9,271.3,0.41363,1,p:1.1.1.2.2.2
U7006,280,FUSE0,229779.5053,229779.5053,230573.4053,793.9,793.9,271.3,0.341731,1,p:2.1.2.1.2.2
U7007,280,FUSE0,229784.1053,229784.1053,230578.0053,793.9,793.9,271.3,0.341731,1,p:1.1.4.1.2.2
U7008,280,FUSE1,229947.5053,229947.5053,231247.0053,1299.5,1299.5,333.3,0.256483,1,p:2.1.3.1.2.2
U7009,280,FUSE1,230033.1053,230033.1053,230889.0053,855.9,855.9,333.3,0.389415,1,p:1.2.5.1.2.2
U7010,280,FUSE1,230053.1053,230053.1053,230709.0053,655.9,655.9,333.3,0.508157,1,p:2.1.1.2.2.2
U7011,280,FUSE1,230117.5053,230117.5053,230879.0053,761.5,761.5,333.3,0.437689,1,p:1.1.2.1.2.2
U7012,280,FUSE1,230122.1053,230122.1053,230883.6053,761.5,761.5,333.3,0.437689,1,p:2.1.4.1.2.2
U7013,280,FUSE1,230191.1053,230191.1053,231552.6053,1361.5,1361.5,333.3,0.244804,1,p:1.1.3.1.2.2
U7014,280,FUSE1,230361.1053,230361.1053,231014.6053,653.5,653.5,333.3,0.510023,1,p:2.1.1.2.2.2
U7015,280,FUSE1,230365.7053,230365.7053,231194.6053,828.9,828.9,333.3,0.402099,1,p:1.1.5.1.2.2
U7016,280,FUSE2,230371.1053,230371.1053,231217.0053,845.9,845.9,365.7,0.432321,1,p:2.1.2.1.2.2
U7017,280,FUSE2,230391.1053,230391.1053,231221.6053,830.5,830.5,365.7,0.440337,1,p:1.1.4.1.2.2
U7018,280,FUSE2,230434.7053,230434.7053,231890.6053,1455.9,1455.9,365.7,0.251185,1,p:2.1.3.1.2.2
U7019,280,FUSE2,230604.7053,230604.7053,231532.6053,927.9,927.9,365.7,0.394116,1,p:1.2.5.1.2.2
U7020,280,FUSE2,230609.3053,230609.3053,231352.6053,743.3,743.3,365.7,0.491995,1,p:2.1.1.2.2.2
U7021,280,FUSE2,230614.7053,230614.7053,231557.2053,942.5,942.5,365.7,0.388011,1,p:1.1.2.1.2.2
U7022,280,FUSE2,230729.1053,230729.1053,231561.8053,832.7,832.7,365.7,0.439174,1,p:2.1.4.1.2.2
U7023,280,FUSE2,230740.3053,230740.3053,232228.6053,1488.3,1488.3,365.7,0.245717,1,p:1.1.3.1.2.2
U7024,280,FUSE2,230910.3053,230910.3053,231870.6053,960.3,960.3,365.7,0.380818,1,p:2.1.5.1.2.2
U484,20,FUSE0,230914.9053,230914.9053,231596.2053,681.3,681.3,271.3,0.398209,1,p:1.1.1.1.2.2
U485,20,FUSE0,230920.3053,230920.3053,231798.6053,878.3,878.3,271.3,0.308892,1,p:2.1.2.1.2.2
U486,20,FUSE0,230972.7053,230972.7053,231803.2053,830.5,830.5,271.3,0.326671,1,p:1.1.4.1.2.2
U487,20,FUSE0,231045.9053,231045.9053,231839.8053,793.9,793.9,271.3,0.341731,1,p:2.1.1.1.2.2
U488,20,FUSE0,231225.9053,231225.9053,232472.2053,1246.3,1246.3,271.3,0.217684,1,p:1.1.3.1.2.2
U489,20,FUSE0,231248.3053,231248.3053,232114.2053,865.9,865.9,271.3,0.313316,1,p:2.1.5.1.2.2
U490,20,FUSE0,231252.9053,231252.9053,232042.2053,789.3,789.3,271.3,0.343722,1,p:1.1.2.1.2.2
U491,20,FUSE0,231278.3053,231278.3053,232046.8053,768.5,768.5,271.3,0.353025,1,p:2.1.4.1.2.2
U492,20,FUSE1,231383.9053,231383.9053,232145.4053,761.5,761.5,333.3,0.437689,1,p:1.1.1.1.2.2
U493,20,FUSE1,231563.9053,231563.9053,232777.8053,1213.9,1213.9,333.3,0.27457,1,p:2.1.3.1.2.2
U494,20,FUSE1,231583.9053,231583.9053,232419.8053,835.9,835.9,333.3,0.398732,1,p:1.1.5.1.2.2
U495,20,FUSE1,231588.5053,231588.5053,232347.8053,759.3,759.3,333.3,0.438957,1,p:2.1.2.1.2.2
U496,20,FUSE1,231593.1053,231593.1053,232352.4053,759.3,759.3,333.3,0.438957,1,p:1.1.4.1.2.2
U497,20,FUSE1,231627.5053,231627.5053,233083.4053,1455.9,1455.9,333.3,0.228931,1,p:2.1.3.1.2.2
U498,20,FUSE1,231829.9053,231829.9053,232451.0053,621.1,621.1,333.3,0.536629,1,p:1.1.1.1.2.2
U499,20,FUSE1,231834.5053,231834.5053,232725.4053,890.9,890.9,333.3,0.374116,1,p:2.1.5.1.2.2
U500,20,FUSE2,231871.1053,231871.1053,232685.8053,814.7,814.7,365.7,0.448877,1,p:1.1.2.1.2.2
U501,20,FUSE2,231901.9053,231901.9053,232694.6053,792.7,792.7,365.7,0.461335,1,p:2.1.4.1.2.2
U502,20,FUSE2,231921.9053,231921.9053,232789.0053,867.1,867.1,365.7,0.421751,1,p:1.1.1.1.2.2
U503,20,FUSE2,232073.5053,232073.5053,233421.4053,1347.9,1347.9,365.7,0.271311,1,p:2.1.3.1.2.2
U504,20,FUSE2,232078.1053,232078.1053,233063.4053,985.3,985.3,365.7,0.371156,1,p:1.1.5.1.2.2
U505,20,FUSE2,232145.5053,232145.5053,233023.8053,878.3,878.3,365.7,0.416373,1,p:2.1.2.1.2.2
U506,20,FUSE2,232176.7053,232176.7053,233032.6053,855.9,855.9,365.7,0.42727,1,p:1.2.4.1.2.2
E197,368,FUSE0,232259.9053,232259.9053,233307.0053,1047.1,1047.1,271.3,0.259097,1,p:1.1.5.1.2.2
E198,368,FUSE0,232379.1053,232379.1053,233665.0053,1285.9,1285.9,271.3,0.210981,1,p:2.1.3.1.2.2
E199,368,FUSE0,232383.7053,232383.7053,233037.2053,653.5,653.5,271.3,0.415149,1,p:1.2.1.2.2.2
E200,368,FUSE0,232451.1053,232451.1053,233276.2053,825.1,825.1,271.3,0.328809,1,p:2.1.4.1.2.2
E201,368,FUSE0,232482.3053,232482.3053,233550.6053,1068.3,1068.3,271.3,0.253955,1,p:1.1.5.1.2.2
E202,368,FUSE0,232503.5053,232503.5053,233267.4053,763.9,763.9,271.3,0.355151,1,p:2.1.2.2.2.2
E203,368,FUSE0,232717.1053,232717.1053,233280.8053,563.7,563.7,271.3,0.481284,1,p:1.1.1.2.2.2
E204,368,FUSE1,232725.9053,232725.9053,233970.6053,1244.7,1244.7,333.3,0.267775,1,p:2.1.3.1.2.2
E205,368,FUSE1,232756.7053,232756.7053,233581.8053,825.1,825.1,333.3,0.403951,1,p:1.1.4.1.2.2
E206,368,FUSE1,232809.1053,232809.1053,233573.0053,763.9,763.9,333.3,0.436314,1,p:2.1.2.1.2.2
E207,368,FUSE1,232820.3053,232820.3053,233856.2053,1035.9,1035.9,333.3,0.321749,1,p:1.1.5.1.2.2
E208,368,FUSE1,233055.1053,233055.1053,233695.4053,640.3,640.3,333.3,0.520537,1,p:2.1.1.1.2.2
E209,368,FUSE1,233063.9053,233063.9053,234276.2053,1212.3,1212.3,333.3,0.274932,1,p:1.2.3.1.2.2
E210,368,FUSE1,233068.5053,233068.5053,233887.4053,818.9,818.9,333.3,0.407009,1,p:2.1.4.1.2.2
E211,368,FUSE1,233094.7053,233094.7053,234161.8053,1067.1,1067.1,333.3,0.312342,1,p:1.1.5.1.2.2
E212,368,FUSE1,233114.7053,233114.7053,233878.6053,763.9,763.9,333.3,0.436314,1,p:2.1.2.1.2.2
E213,368,FUSE2,233298.7053,233298.7053,234033.4053,734.7,734.7,365.7,0.497754,1,p:1.1.1.1.2.2
E214,368,FUSE2,233307.5053,233307.5053,234614.2053,1306.7,1306.7,365.7,0.279865,1,p:2.1.3.1.2.2
E215,368,FUSE2,233312.1053,233312.1053,234225.4053,913.3,913.3,365.7,0.400416,1,p:1.2.4.1.2.2
E216,368,FUSE2,233338.3053,233338.3053,234499.8053,1161.5,1161.5,365.7,0.314851,1,p:2.1.5.1.2.2
E217,368,FUSE2,233452.7053,233452.7053,234216.6053,763.9,763.9,365.7,0.478728,1,p:1.1.2.1.2.2
E218,368,FUSE2,233581.9053,233581.9053,234371.4053,789.5,789.5,365.7,0.463205,1,p:2.1.1.1.2.2
E219,368,FUSE2,233604.3053,233604.3053,234952.2053,1347.9,1347.9,365.7,0.271311,1,p:1.1.3.2.2.2
E220,368,FUSE2,233613.1053,233613.1053,234563.4053,950.3,950.3,365.7,0.384826,1,p:2.1.4.1.2.2
U507,20,FUSE2,233696.3053,233696.3053,234709.4053,1013.1,1013.1,365.7,0.360971,1,p:2.1.1.2.2.2
U508,20,FUSE2,233726.7053,233726.7053,235290.2053,1563.5,1563.5,365.7,0.233898,1,p:1.1.3.1.2.2
U8632,346,FUSE0,233887.5053,233887.5053,234743.4053,855.9,855.9,271.3,0.316976,1,p:2.1.5.1.2.2
U8633,346,FUSE0,233909.9053,233909.9053,234516.2053,606.3,606.3,271.3,0.447468,1,p:1.1.2.1.2.2
U8634,346,FUSE0,233918.7053,233918.7053,234807.0053,888.3,888.3,271.3,0.305415,1,p:2.1.4.1.2.2
U8635,346,FUSE0,234001.9053,234001.9053,234987.0053,985.1,985.1,271.3,0.275404,1,p:1.1.5.1.2.2
U8636,346,FUSE0,234064.7053,234064.7053,234956.8053,892.1,892.1,271.3,0.304114,1,p:2.1.1.2.2.2
U8637,346,FUSE0,234193.1053,234193.1053,235533.8053,1340.7,1340.7,271.3,0.202357,1,p:1.1.3.1.2.2
U8638,346,FUSE1,234247.9053,234247.9053,234928.2053,680.3,680.3,333.3,0.489931,1,p:2.1.2.1.2.2
U8639,346,FUSE1,234256.7053,234256.7053,235112.6053,855.9,855.9,333.3,0.389415,1,p:1.1.4.1.2.2
U8640,346,FUSE1,234307.5053,234307.5053,235294.8053,987.3,987.3,333.3,0.337587,1,p:2.1.5.1.2.2
U8641,346,FUSE1,234402.7053,234402.7053,235258.6053,855.9,855.9,333.3,0.389415,1,p:1.1.1.2.2.2
U8642,346,FUSE1,234531.1053,234531.1053,235839.4053,1308.3,1308.3,333.3,0.254758,1,p:2.1.3.1.2.2
U8643,346,FUSE1,234547.5053,234547.5053,235233.8053,686.3,686.3,333.3,0.485648,1,p:1.1.2.1.2.2
U8644,346,FUSE2,234594.7053,234594.7053,235450.6053,855.9,855.9,365.7,0.42727,1,p:2.1.4.1.2.2
U8645,346,FUSE2,234645.5053,234645.5053,235630.6053,985.1,985.1,365.7,0.371231,1,p:1.1.5.1.2.2
U8646,346,FUSE2,234740.7053,234740.7053,235596.6053,855.9,855.9,365.7,0.42727,1,p:2.1.1.2.2.2
U8647,346,FUSE2,234774.7053,234774.7053,236177.4053,1402.7,1402.7,365.7,0.260711,1,p:1.1.3.1.2.2
U8648,346,FUSE2,234838.3053,234838.3053,235571.8053,733.5,733.5,365.7,0.498569,1,p:2.1.2.1.2.2
U8649,346,FUSE2,234959.5053,234959.5053,235788.6053,829.1,829.1,365.7,0.441081,1,p:1.2.4.1.2.2
U8650,346,FUSE2,234983.5053,234983.5053,235968.6053,985.1,985.1,365.7,0.371231,1,p:2.1.5.1.2.2
U3864,155,FUSE0,234988.1053,234988.1053,235844.0053,855.9,855.9,271.3,0.316976,1,p:1.1.1.2.2.2
U3865,155,FUSE0,235018.3053,235018.3053,236421.0053,1402.7,1402.7,271.3,0.193413,1,p:2.1.3.1.2.2
U3866,155,FUSE0,235143.9053,235143.9053,235815.4053,671.5,671.5,271.3,0.404021,1,p:1.1.2.1.2.2
U3867,155,FUSE0,235265.1053,235265.1053,236032.2053,767.1,767.1,271.3,0.35367,1,p:2.1.4.1.2.2
U3868,155,FUSE0,235289.9053,235289.9053,236083.8053,793.9,793.9,271.3,0.341731,1,p:1.1.1.2.2.2
U3869,155,FUSE0,235321.5053,235321.5053,236664.6053,1343.1,1343.1,271.3,0.201995,1,p:2.1.3.1.2.2
U3870,155,FUSE0,235326.1053,235326.1053,236212.2053,886.1,886.1,271.3,0.306173,1,p:1.1.5.1.2.2
U3871,155,FUSE1,235481.9053,235481.9053,236162.2053,680.3,680.3,333.3,0.489931,1,p:2.1.2.1.2.2
U3872,155,FUSE1,235565.1053,235565.1053,236337.8053,772.7,772.7,333.3,0.431345,1,p:1.1.4.1.2.2
U3873,155,FUSE1,235603.1053,235603.1053,236389.4053,786.3,786.3,333.3,0.423884,1,p:2.1.1.2.2.2
U3874,155,FUSE1,235627.9053,235627.9053,236970.2053,1342.3,1342.3,333.3,0.248305,1,p:1.1.3.1.2.2
U3875,155,FUSE1,235661.9053,235661.9053,236517.8053,855.9,855.9,333.3,0.389415,1,p:2.1.5.1.2.2
U3876,155,FUSE1,235819.9053,235819.9053,236480.2053,660.3,660.3,333.3,0.504771,1,p:1.1.2.1.2.2
U3877,155,FUSE1,235846.7053,235846.7053,236643.4053,796.7,796.7,333.3,0.418351,1,p:2.1.4.1.2.2
U3878,155,FUSE2,235870.7053,235870.7053,236727.4053,856.7,856.7,365.7,0.426871,1,p:1.1.1.1.2.2
U3879,155,FUSE2,235875.3053,235875.3053,237310.0053,1434.7,1434.7,365.7,0.254896,1,p:2.1.3.1.2.2
U3880,155,FUSE2,235999.9053,235999.9053,236855.8053,855.9,855.9,365.7,0.42727,1,p:1.1.5.1.2.2
U3881,155,FUSE2,236063.5053,236063.5053,236818.2053,754.7,754.7,365.7,0.484563,1,p:2.1.2.1.2.2
U3882,155,FUSE2,236115.1053,236115.1053,236981.4053,866.3,866.3,365.7,0.42214,1,p:1.2.4.1.2.2
U3883,155,FUSE2,236193.5053,236193.5053,237066.4053,872.9,872.9,365.7,0.418948,1,p:2.1.1.2.2.2
U3664,147,FUSE0,236208.7053,236208.7053,237551.8053,1343.1,1343.1,271.3,0.201995,1,p:1.1.3.1.2.2
U3665,147,FUSE0,236243.5053,236243.5053,237099.4053,855.9,855.9,271.3,0.316976,1,p:2.1.5.1.2.2
U3666,147,FUSE0,236369.1053,236369.1053,237061.8053,692.7,692.7,271.3,0.391656,1,p:1.1.2.1.2.2
U3667,147,FUSE0,236420.7053,236420.7053,237795.4053,1374.7,1374.7,271.3,0.197352,1,p:2.1.3.1.2.2
U3668,147,FUSE0,236452.3053,236452.3053,237343.0053,890.7,890.7,271.3,0.304592,1,p:1.1.5.1.2.2
U3669,147,FUSE0,236511.5053,236511.5053,237225.0053,713.5,713.5,271.3,0.380238,1,p:2.1.4.1.2.2
U3670,147,FUSE0,236549.1053,236549.1053,237314.6053,765.5,765.5,271.3,0.354409,1,p:1.1.1.2.2.2
U3671,147,FUSE0,236674.7053,236674.7053,237305.4053,630.7,630.7,271.3,0.430157,1,p:2.1.2.1.2.2
U3672,147,FUSE1,236695.9053,236695.9053,238101.0053,1405.1,1405.1,333.3,0.237207,1,p:1.1.3.1.2.2
U3673,147,FUSE1,236758.7053,236758.7053,237530.6053,771.9,771.9,333.3,0.431792,1,p:2.1.4.1.2.2
U3674,147,FUSE1,236849.5053,236849.5053,237648.6053,799.1,799.1,333.3,0.417094,1,p:1.1.5.1.2.2
U3675,147,FUSE1,236887.1053,236887.1053,237614.6053,727.5,727.5,333.3,0.458144,1,p:2.1.1.2.2.2
U3676,147,FUSE1,237001.5053,237001.5053,237661.8053,660.3,660.3,333.3,0.504771,1,p:1.1.2.1.2.2
U3677,147,FUSE1,237012.7053,237012.7053,238406.6053,1393.9,1393.9,333.3,0.239113,1,p:2.1.3.1.2.2
U3678,147,FUSE1,237093.1053,237093.1053,237954.2053,861.1,861.1,333.3,0.387063,1,p:1.1.5.1.2.2
U3679,147,FUSE1,237097.7053,237097.7053,237920.2053,822.5,822.5,333.3,0.405228,1,p:2.1.1.2.2.2
U3680,147,FUSE2,237130.7053,237130.7053,237903.4053,772.7,772.7,365.7,0.473276,1,p:1.1.4.1.2.2
U3681,147,FUSE2,237256.3053,237256.3053,237999.8053,743.5,743.5,365.7,0.491863,1,p:2.1.2.1.2.2
U3682,147,FUSE2,237336.7053,237336.7053,238744.6053,1407.9,1407.9,365.7,0.259749,1,p:1.1.3.1.2.2
U3683,147,FUSE2,237341.3053,237341.3053,238292.2053,950.9,950.9,365.7,0.384583,1,p:2.1.5.1.2.2
U3684,147,FUSE2,237345.9053,237345.9053,238241.4053,895.5,895.5,365.7,0.408375,1,p:1.1.4.1.2.2
U3685,147,FUSE2,237374.3053,237374.3053,238258.2053,883.9,883.9,365.7,0.413735,1,p:2.1.1.2.2.2
U3686,147,FUSE2,237561.9053,237561.9053,238337.8053,775.9,775.9,365.7,0.471324,1,p:1.2.2.1.2.2
U3687,147,FUSE2,237583.1053,237583.1053,239082.6053,1499.5,1499.5,365.7,0.243881,1,p:2.1.3.1.2.2
U3688,147,FUSE2,237645.9053,237645.9053,238630.2053,984.3,984.3,365.7,0.371533,1,p:1.1.5.1.2.2
U437,18,FUSE0,237679.9053,237679.9053,238501.8053,821.9,821.9,271.3,0.330089,1,p:2.1.1.2.2.2
U438,18,FUSE0,237693.1053,237693.1053,238485.0053,791.9,791.9,271.3,0.342594,1,p:1.1.4.1.2.2
U439,18,FUSE0,237826.7053,237826.7053,238581.4053,754.7,754.7,271.3,0.359481,1,p:2.1.2.1.2.2
U440,18,FUSE0,237934.7053,237934.7053,238728.6053,793.9,793.9,271.3,0.341731,1,p:1.1.4.1.2.2
U441,18,FUSE0,237951.5053,237951.5053,238749.2053,797.7,797.7,271.3,0.340103,1,p:2.1.1.2.2.2
U442,18,FUSE0,237985.5053,237985.5053,239326.2053,1340.7,1340.7,271.3,0.202357,1,p:1.1.3.1.2.2
U443,18,FUSE0,238031.1053,238031.1053,238873.8053,842.7,842.7,271.3,0.321941,1,p:2.1.5.1.2.2
U444,18,FUSE0,238132.3053,238132.3053,238825.0053,692.7,692.7,271.3,0.391656,1,p:1.1.2.1.2.2
U445,18,FUSE1,238272.7053,238272.7053,239040.2053,767.5,767.5,333.3,0.434267,1,p:2.1.4.1.2.2
U446,18,FUSE1,238289.5053,238289.5053,239051.0053,761.5,761.5,333.3,0.437689,1,p:1.1.1.2.2.2
U447,18,FUSE1,238323.5053,238323.5053,239631.8053,1308.3,1308.3,333.3,0.254758,1,p:2.1.3.1.2.2
U448,18,FUSE1,238369.1053,238369.1053,239179.4053,810.3,810.3,333.3,0.411329,1,p:1.1.5.1.2.2
U449,18,FUSE1,238437.9053,238437.9053,239130.6053,692.7,692.7,333.3,0.481161,1,p:2.1.2.1.2.2
U450,18,FUSE1,238516.3053,238516.3053,239345.8053,829.5,829.5,333.3,0.401808,1,p:1.1.4.1.2.2
U451,18,FUSE1,238533.1053,238533.1053,239356.6053,823.5,823.5,333.3,0.404736,1,p:2.1.1.2.2.2
U452,18,FUSE1,238612.7053,238612.7053,239937.4053,1324.7,1324.7,333.3,0.251604,1,p:1.1.3.1.2.2
U453,18,FUSE2,238661.5053,238661.5053,239517.4053,855.9,855.9,365.7,0.42727,1,p:2.1.5.1.2.2
U454,18,FUSE2,238759.9053,238759.9053,239468.6053,708.7,708.7,365.7,0.516015,1,p:1.1.2.1.2.2
U455,18,FUSE2,238775.9053,238775.9053,239683.8053,907.9,907.9,365.7,0.402798,1,p:2.1.4.1.2.2
U456,18,FUSE2,238780.5053,238780.5053,239694.6053,914.1,914.1,365.7,0.400066,1,p:1.1.1.2.2.2
U457,18,FUSE2,238856.3053,238856.3053,240275.4053,1419.1,1419.1,365.7,0.257699,1,p:2.1.3.1.2.2
U458,18,FUSE2,238905.1053,238905.1053,239855.4053,950.3,950.3,365.7,0.384826,1,p:1.1.5.1.2.2
U459,18,FUSE2,239071.5053,239071.5053,239806.6053,735.1,735.1,365.7,0.497483,1,p:2.1.2.1.2.2
U460,18,FUSE2,239082.3053,239082.3053,240021.8053,939.5,939.5,365.7,0.38925,1,p:1.2.4.1.2.2
U5082,203,FUSE0,239113.9053,239113.9053,239942.0053,828.1,828.1,271.3,0.327617,1,p:2.1.1.1.2.2
U5083,203,FUSE0,239161.9053,239161.9053,240519.0053,1357.1,1357.1,271.3,0.199912,1,p:1.1.3.1.2.2
U5084,203,FUSE0,239210.7053,239210.7053,240099.0053,888.3,888.3,271.3,0.305415,1,p:2.1.5.1.2.2
U5085,203,FUSE0,239357.5053,239357.5053,240050.2053,692.7,692.7,271.3,0.391656,1,p:1.1.2.1.2.2
U5086,203,FUSE0,239377.1053,239377.1053,240181.8053,804.7,804.7,271.3,0.337144,1,p:2.1.1.1.2.2
U5087,203,FUSE0,239387.9053,239387.9053,240762.6053,1374.7,1374.7,271.3,0.197352,1,p:1.1.3.1.2.2
U5088,203,FUSE0,239499.9053,239499.9053,240342.6053,842.7,842.7,271.3,0.321941,1,p:2.1.5.1.2.2
U5089,203,FUSE0,239548.7053,239548.7053,240265.4053,716.7,716.7,271.3,0.378541,1,p:1.1.4.1.2.2
U5090,203,FUSE1,239663.1053,239663.1053,240355.8053,692.7,692.7,333.3,0.481161,1,p:2.1.2.1.2.2
U5091,203,FUSE1,239715.1053,239715.1053,240487.4053,772.3,772.3,333.3,0.431568,1,p:1.2.1.1.2.2
U5092,203,FUSE1,239725.9053,239725.9053,241068.2053,1342.3,1342.3,333.3,0.248305,1,p:2.1.3.1.2.2
U5093,203,FUSE1,239837.9053,239837.9053,240651.6053,813.7,813.7,333.3,0.40961,1,p:1.1.5.1.2.2
U5094,203,FUSE1,239886.7053,239886.7053,240647.0053,760.3,760.3,333.3,0.43838,1,p:2.1.4.1.2.2
U5095,203,FUSE1,239968.7053,239968.7053,240661.4053,692.7,692.7,333.3,0.481161,1,p:1.1.2.1.2.2
U5096,203,FUSE1,239973.3053,239973.3053,240793.0053,819.7,819.7,333.3,0.406612,1,p:2.1.1.1.2.2
U5097,203,FUSE1,240053.1053,240053.1053,241373.8053,1320.7,1320.7,333.3,0.252366,1,p:1.1.3.1.2.2
U5098,203,FUSE1,240081.5053,240081.5053,240953.8053,872.3,872.3,333.3,0.382093,1,p:2.1.5.1.2.2
U5099,203,FUSE2,240130.3053,240130.3053,240985.0053,854.7,854.7,365.7,0.427869,1,p:1.1.4.1.2.2
U5100,203,FUSE2,240213.1053,240213.1053,240999.4053,786.3,786.3,365.7,0.46509,1,p:2.1.2.1.2.2
U5101,203,FUSE2,240296.7053,240296.7053,241131.0053,834.3,834.3,365.7,0.438332,1,p:1.2.1.1.2.2
U5102,203,FUSE2,240306.7053,240306.7053,241711.8053,1405.1,1405.1,365.7,0.260266,1,p:2.1.3.1.2.2
U5103,203,FUSE2,240373.9053,240373.9053,241291.8053,917.9,917.9,365.7,0.398409,1,p:1.1.5.1.2.2
U5104,203,FUSE2,240387.1053,240387.1053,241323.0053,935.9,935.9,365.7,0.390747,1,p:2.1.4.1.2.2
U5105,203,FUSE2,240518.7053,240518.7053,241337.4053,818.7,818.7,365.7,0.446684,1,p:1.2.2.1.2.2
U5106,203,FUSE2,240550.3053,240550.3053,241469.0053,918.7,918.7,365.7,0.398062,1,p:2.1.1.2.2.2
U5107,203,FUSE2,240678.3053,240678.3053,242049.8053,1371.5,1371.5,365.7,0.266642,1,p:1.1.3.1.2.2
U4340,174,FUSE0,240682.9053,240682.9053,241535.4053,852.5,852.5,271.3,0.31824,1,p:2.1.5.1.2.2
U4341,174,FUSE0,240692.7053,240692.7053,241566.6053,873.9,873.9,271.3,0.310447,1,p:1.1.4.1.2.2
U4342,174,FUSE0,240793.9053,240793.9053,241581.0053,787.1,787.1,271.3,0.344683,1,p:2.1.2.1.2.2
U4343,174,FUSE0,240824.3053,240824.3053,241779.0053,954.7,954.7,271.3,0.284173,1,p:1.1.5.1.2.2
U4344,174,FUSE0,240985.1053,240985.1053,241716.4053,731.3,731.3,271.3,0.370983,1,p:2.1.1.2.2.2
U4345,174,FUSE0,241016.3053,241016.3053,241810.2053,793.9,793.9,271.3,0.341731,1,p:1.1.4.1.2.2
U4346,174,FUSE0,241030.7053,241030.7053,242293.4053,1262.7,1262.7,271.3,0.214857,1,p:2.1.3.1.2.2
U4347,174,FUSE0,241099.5053,241099.5053,241824.6053,725.1,725.1,271.3,0.374155,1,p:1.1.2.1.2.2
U4348,174,FUSE0,241162.3053,241162.3053,242022.8053,860.5,860.5,271.3,0.315282,1,p:2.1.5.1.2.2
U4349,174,FUSE1,241323.1053,241323.1053,242018.2053,695.1,695.1,333.3,0.479499,1,p:1.1.1.1.2.2
U4350,174,FUSE1,241354.3053,241354.3053,242119.4053,765.1,765.1,333.3,0.435629,1,p:2.1.4.1.2.2
U4351,174,FUSE1,241368.7053,241368.7053,242599.0053,1230.3,1230.3,333.3,0.27091,1,p:1.1.3.1.2.2
U4352,174,FUSE1,241405.1053,241405.1053,242130.2053,725.1,725.1,333.3,0.459661,1,p:2.1.2.1.2.2
U4353,174,FUSE1,241500.3053,241500.3053,242328.4053,828.1,828.1,333.3,0.402488,1,p:1.1.5.1.2.2
U4354,174,FUSE1,241566.7053,241566.7053,242323.8053,757.1,757.1,333.3,0.440232,1,p:2.1.1.1.2.2
U4355,174,FUSE1,241597.9053,241597.9053,242425.0053,827.1,827.1,333.3,0.402974,1,p:1.1.4.1.2.2
U4356,174,FUSE1,241612.3053,241612.3053,242904.6053,1292.3,1292.3,333.3,0.257912,1,p:2.1.3.1.2.2
U4357,174,FUSE1,241743.1053,241743.1053,242443.4053,700.3,700.3,333.3,0.475939,1,p:1.2.2.1.2.2
U4358,174,FUSE2,241747.7053,241747.7053,242666.4053,918.7,918.7,365.7,0.398062,1,p:2.1.5.1.2.2
U4359,174,FUSE2,241810.3053,241810.3053,242661.8053,851.5,851.5,365.7,0.429477,1,p:1.1.1.1.2.2
U4360,174,FUSE2,241841.5053,241841.5053,243242.6053,1401.1,1401.1,365.7,0.261009,1,p:2.1.3.1.2.2
U4361,174,FUSE2,241855.9053,241855.9053,242763.0053,907.1,907.1,365.7,0.403153,1,p:1.1.4.1.2.2
U4362,174,FUSE2,242049.5053,242049.5053,242781.4053,731.9,731.9,365.7,0.499658,1,p:2.1.2.1.2.2
U4363,174,FUSE2,242054.1053,242054.1053,243004.4053,950.3,950.3,365.7,0.384826,1,p:1.1.5.1.2.2
U4364,174,FUSE2,242081.1053,242081.1053,242999.8053,918.7,918.7,365.7,0.398062,1,p:2.1.1.1.2.2
U4365,174,FUSE2,242150.7053,242150.7053,243101.0053,950.3,950.3,365.7,0.384826,1,p:1.2.4.1.2.2
U4366,174,FUSE2,242161.5053,242161.5053,243580.6053,1419.1,1419.1,365.7,0.257699,1,p:2.1.3.1.2.2
U7874,315,FUSE0,242324.7053,242324.7053,243065.0053,740.3,740.3,271.3,0.366473,1,p:1.2.2.2.1.2
U7875,315,FUSE0,242355.1053,242355.1053,243251.8053,896.7,896.7,271.3,0.302554,1,p:2.1.5.1.2.2
U7876,315,FUSE0,242359.7053,242359.7053,243247.2053,887.5,887.5,271.3,0.30569,1,p:1.1.1.1.2.2
U7877,315,FUSE0,242456.3053,242456.3053,243344.6053,888.3,888.3,271.3,0.305415,1,p:2.1.4.1.2.2
U7878,315,FUSE0,242474.7053,242474.7053,243824.2053,1349.5,1349.5,271.3,0.201037,1,p:1.1.3.1.2.2
U7879,315,FUSE0,242630.3053,242630.3053,243308.6053,678.3,678.3,271.3,0.399971,1,p:2.1.2.2.1.2
U7880,315,FUSE0,242693.1053,242693.1053,243491.6053,798.5,798.5,271.3,0.339762,1,p:1.1.5.1.2.2
U7881,315,FUSE0,242697.7053,242697.7053,243487.0053,789.3,789.3,271.3,0.343722,1,p:2.1.1.1.2.2
U7882,315,FUSE0,242794.3053,242794.3053,243588.2053,793.9,793.9,271.3,0.341731,1,p:1.2.4.1.2.2
U7883,315,FUSE1,242812.7053,242812.7053,244129.8053,1317.1,1317.1,333.3,0.253056,1,p:2.1.3.1.2.2
U7884,315,FUSE1,242935.9053,242935.9053,243636.2053,700.3,700.3,333.3,0.475939,1,p:1.2.2.1.2.2
U7885,315,FUSE1,243031.1053,243031.1053,243831.4053,800.3,800.3,333.3,0.416469,1,p:2.1.5.1.2.2
U7886,315,FUSE1,243035.7053,243035.7053,243792.6053,756.9,756.9,333.3,0.440349,1,p:1.1.1.1.2.2
U7887,315,FUSE1,243096.3053,243096.3053,243893.8053,797.5,797.5,333.3,0.417931,1,p:2.1.4.1.2.2
U7888,315,FUSE1,243132.3053,243132.3053,244435.4053,1303.1,1303.1,333.3,0.255775,1,p:1.1.3.1.2.2
U7889,315,FUSE1,243273.9053,243273.9053,243954.2053,680.3,680.3,333.3,0.489931,1,p:2.1.2.1.2.2
U7890,315,FUSE1,243278.5053,243278.5053,244137.0053,858.5,858.5,333.3,0.388235,1,p:1.1.5.1.2.2
U7891,315,FUSE1,243283.1053,243283.1053,244098.2053,815.1,815.1,333.3,0.408907,1,p:2.1.1.1.2.2
U7892,315,FUSE2,243339.9053,243339.9053,244231.8053,891.9,891.9,365.7,0.410024,1,p:1.2.4.1.2.2
U7893,315,FUSE2,243375.9053,243375.9053,244773.4053,1397.5,1397.5,365.7,0.261682,1,p:2.1.3.1.2.2
U7894,315,FUSE2,243518.3053,243518.3053,244292.2053,773.9,773.9,365.7,0.472542,1,p:1.2.2.1.2.2
U7895,315,FUSE2,243522.9053,243522.9053,244475.0053,952.1,952.1,365.7,0.384098,1,p:2.1.5.1.2.2
U7896,315,FUSE2,243611.9053,243611.9053,244440.0053,828.1,828.1,365.7,0.441613,1,p:1.1.1.1.2.2
U7897,315,FUSE2,243619.5053,243619.5053,244569.8053,950.3,950.3,365.7,0.384826,1,p:2.1.4.1.2.2
U7898,315,FUSE2,243667.5053,243667.5053,245111.4053,1443.9,1443.9,365.7,0.253272,1,p:1.1.3.1.2.2
U7899,315,FUSE2,243823.9053,243823.9053,244630.2053,806.3,806.3,365.7,0.453553,1,p:2.1.2.1.2.2
U7900,315,FUSE2,243855.5053,243855.5053,244813.0053,957.5,957.5,365.7,0.381932,1,p:1.2.5.1.2.2
U7901,315,FUSE2,243862.7053,243862.7053,244778.0053,915.3,915.3,365.7,0.399541,1,p:2.1.1.1.2.2
U2178,88,FUSE0,243925.1053,243925.1053,244817.6053,892.5,892.5,271.3,0.303978,1,p:1.2.4.1.2.2
U2179,88,FUSE0,243985.5053,243985.5053,245355.0053,1369.5,1369.5,271.3,0.198101,1,p:2.1.3.1.2.2
U2180,88,FUSE0,244129.5053,244129.5053,244873.8053,744.3,744.3,271.3,0.364504,1,p:1.1.2.1.2.2
U2181,88,FUSE0,244161.1053,244161.1053,245056.6053,895.5,895.5,271.3,0.302959,1,p:2.1.5.1.2.2
U2182,88,FUSE0,244168.3053,244168.3053,245061.2053,892.9,892.9,271.3,0.303841,1,p:1.1.4.1.2.2
U2183,88,FUSE0,244263.1053,244263.1053,245017.8053,754.7,754.7,271.3,0.359481,1,p:2.1.1.1.2.2
U2184,88,FUSE0,244323.5053,244323.5053,245598.6053,1275.1,1275.1,271.3,0.212768,1,p:1.1.3.1.2.2
U2185,88,FUSE1,244466.7053,244466.7053,245179.4053,712.7,712.7,333.3,0.467658,1,p:2.1.2.1.2.2
U2186,88,FUSE1,244471.3053,244471.3053,245362.2053,890.9,890.9,333.3,0.374116,1,p:1.2.5.1.2.2
U2187,88,FUSE1,244506.3053,244506.3053,245366.8053,860.5,860.5,333.3,0.387333,1,p:2.1.4.1.2.2
U2188,88,FUSE1,244601.1053,244601.1053,245323.4053,722.3,722.3,333.3,0.461443,1,p:1.2.1.1.2.2
U2189,88,FUSE1,244661.5053,244661.5053,245904.2053,1242.7,1242.7,333.3,0.268206,1,p:2.1.3.1.2.2
U2190,88,FUSE1,244804.7053,244804.7053,245485.0053,680.3,680.3,333.3,0.489931,1,p:1.1.2.1.2.2
U2191,88,FUSE1,244809.3053,244809.3053,245667.8053,858.5,858.5,333.3,0.388235,1,p:2.1.5.1.2.2
U2192,88,FUSE2,244844.3053,244844.3053,245700.6053,856.3,856.3,365.7,0.42707,1,p:1.1.4.1.2.2
U2193,88,FUSE2,244848.9053,244848.9053,246242.2053,1393.3,1393.3,365.7,0.26247,1,p:2.1.3.1.2.2
U2194,88,FUSE2,244905.1053,244905.1053,245661.4053,756.3,756.3,365.7,0.483538,1,p:1.1.1.1.2.2
U2195,88,FUSE2,245049.1053,245049.1053,245823.0053,773.9,773.9,365.7,0.472542,1,p:2.1.2.1.2.2
U2196,88,FUSE2,245087.9053,245087.9053,246005.8053,917.9,917.9,365.7,0.398409,1,p:1.2.5.1.2.2
U2197,88,FUSE2,245092.5053,245092.5053,246038.6053,946.1,946.1,365.7,0.386534,1,p:2.1.4.1.2.2
U2198,88,FUSE2,245142.7053,245142.7053,245999.4053,856.7,856.7,365.7,0.426871,1,p:1.2.1.1.2.2
U2199,88,FUSE2,245210.7053,245210.7053,246580.2053,1369.5,1369.5,365.7,0.267032,1,p:2.1.3.1.2.2
U3352,135,FUSE0,245354.7053,245354.7053,246066.6053,711.9,711.9,271.3,0.381093,1,p:1.1.2.1.2.2
U3353,135,FUSE0,245386.3053,245386.3053,246251.4053,865.1,865.1,271.3,0.313605,1,p:2.1.5.1.2.2
U3354,135,FUSE0,245393.5053,245393.5053,246282.2053,888.7,888.7,271.3,0.305277,1,p:1.1.4.1.2.2
U3355,135,FUSE0,245398.1053,245398.1053,246310.2053,912.1,912.1,271.3,0.297445,1,p:2.1.2.1.2.2
U3356,135,FUSE0,245516.3053,245516.3053,246246.8053,730.5,730.5,271.3,0.371389,1,p:1.1.1.1.2.2
U3357,135,FUSE0,245629.9053,245629.9053,246823.8053,1193.9,1193.9,271.3,0.227238,1,p:2.1.3.1.2.2
U3358,135,FUSE0,245692.7053,245692.7053,246493.0053,800.3,800.3,271.3,0.338998,1,p:1.1.5.1.2.2
U3359,135,FUSE0,245699.1053,245699.1053,246525.8053,826.7,826.7,271.3,0.328172,1,p:2.1.4.1.2.2
U3360,135,FUSE1,245731.9053,245731.9053,246548.6053,816.7,816.7,333.3,0.408106,1,p:1.1.1.1.2.2
U3361,135,FUSE1,245854.3053,245854.3053,246615.8053,761.5,761.5,333.3,0.437689,1,p:2.1.2.1.2.2
U3362,135,FUSE1,245935.5053,245935.5053,247129.4053,1193.9,1193.9,333.3,0.279169,1,p:1.1.3.1.2.2
U3363,135,FUSE1,246030.7053,246030.7053,246831.0053,800.3,800.3,333.3,0.416469,1,p:2.1.5.1.2.2
U3364,135,FUSE1,246037.1053,246037.1053,246835.6053,798.5,798.5,333.3,0.417408,1,p:1.1.4.1.2.2
U3365,135,FUSE1,246069.9053,246069.9053,246921.4053,851.5,851.5,333.3,0.391427,1,p:2.1.2.1.2.2
U3366,135,FUSE1,246097.9053,246097.9053,246854.2053,756.3,756.3,333.3,0.440698,1,p:1.1.1.1.2.2
U3367,135,FUSE1,246273.5053,246273.5053,247435.0053,1161.5,1161.5,333.3,0.286957,1,p:2.1.3.1.2.2
U3368,135,FUSE2,246278.1053,246278.1053,247169.0053,890.9,890.9,365.7,0.410484,1,p:1.1.5.1.2.2
U3369,135,FUSE2,246282.7053,246282.7053,247173.6053,890.9,890.9,365.7,0.410484,1,p:2.1.4.1.2.2
U3370,135,FUSE2,246313.5053,246313.5053,247192.2053,878.7,878.7,365.7,0.416183,1,p:1.1.1.1.2.2
U3371,135,FUSE2,246341.5053,246341.5053,247773.0053,1431.5,1431.5,365.7,0.255466,1,p:2.1.3.1.2.2
U3372,135,FUSE2,246524.3053,246524.3053,247259.4053,735.1,735.1,365.7,0.497483,1,p:1.1.2.1.2.2
U3373,135,FUSE2,246557.1053,246557.1053,247507.0053,949.9,949.9,365.7,0.384988,1,p:2.1.5.1.2.2
U3374,135,FUSE2,246579.9053,246579.9053,247511.6053,931.7,931.7,365.7,0.392508,1,p:1.1.4.1.2.2
U4291,172,FUSE0,246611.5053,246611.5053,247439.6053,828.1,828.1,271.3,0.327617,1,p:2.1.1.2.2.2
U4292,172,FUSE0,246647.1053,246647.1053,247543.0053,895.9,895.9,271.3,0.302824,1,p:1.1.2.2.1.2
U4293,172,FUSE0,246855.1053,246855.1053,248016.6053,1161.5,1161.5,271.3,0.233577,1,p:2.1.3.1.2.2
U4294,172,FUSE0,246862.3053,246862.3053,247750.6053,888.3,888.3,271.3,0.305415,1,p:1.1.5.1.2.2
U4295,172,FUSE0,246866.9053,246866.9053,247755.2053,888.3,888.3,271.3,0.305415,1,p:2.1.4.1.2.2
U4296,172,FUSE0,246885.5053,246885.5053,247679.4053,793.9,793.9,271.3,0.341731,1,p:1.1.1.2.2.2
U4297,172,FUSE0,246952.7053,246952.7053,247786.6053,833.9,833.9,271.3,0.325339,1,p:2.1.2.2.1.2
U4298,172,FUSE0,247160.7053,247160.7053,248260.2053,1099.5,1099.5,271.3,0.246749,1,p:1.1.3.1.2.2
U4299,172,FUSE1,247200.3053,247200.3053,248056.2053,855.9,855.9,333.3,0.389415,1,p:2.1.5.1.2.2
U4300,172,FUSE1,247204.9053,247204.9053,248060.8053,855.9,855.9,333.3,0.389415,1,p:1.1.4.1.2.2
U4301,172,FUSE1,247223.5053,247223.5053,247985.0053,761.5,761.5,333.3,0.437689,1,p:2.1.1.2.2.2
U4302,172,FUSE1,247290.7053,247290.7053,248092.2053,801.5,801.5,333.3,0.415845,1,p:1.1.2.2.1.2
U4303,172,FUSE1,247466.3053,247466.3053,248565.8053,1099.5,1099.5,333.3,0.303138,1,p:2.1.3.1.2.2
U4304,172,FUSE1,247470.9053,247470.9053,248361.8053,890.9,890.9,333.3,0.374116,1,p:1.1.5.1.2.2
U4305,172,FUSE1,247538.3053,247538.3053,248366.4053,828.1,828.1,333.3,0.402488,1,p:2.1.4.1.2.2
U4306,172,FUSE1,247542.9053,247542.9053,248290.6053,747.7,747.7,333.3,0.445767,1,p:1.2.1.2.2.2
U4307,172,FUSE2,247574.3053,247574.3053,248390.2053,815.9,815.9,365.7,0.448217,1,p:2.1.2.1.2.2
U4308,172,FUSE2,247710.7053,247710.7053,248903.8053,1193.1,1193.1,365.7,0.306512,1,p:1.1.3.1.2.2
U4309,172,FUSE2,247781.9053,247781.9053,248699.8053,917.9,917.9,365.7,0.398409,1,p:2.1.5.1.2.2
U4310,172,FUSE2,247786.5053,247786.5053,248704.4053,917.9,917.9,365.7,0.398409,1,p:1.1.4.1.2.2
U4311,172,FUSE2,247804.3053,247804.3053,248628.6053,824.3,824.3,365.7,0.443649,1,p:2.1.1.2.2.2
U4312,172,FUSE2,247817.9053,247817.9053,248728.2053,910.3,910.3,365.7,0.401736,1,p:1.1.2.1.2.2
U4313,172,FUSE2,248016.3053,248016.3053,249241.8053,1225.5,1225.5,365.7,0.298409,1,p:2.1.3.1.2.2
U5305,212,FUSE0,248047.9053,248047.9053,248943.4053,895.5,895.5,271.3,0.302959,1,p:1.2.5.1.2.2
U5306,212,FUSE0,248087.5053,248087.5053,248948.0053,860.5,860.5,271.3,0.315282,1,p:2.1.4.1.2.2
U5307,212,FUSE0,248092.1053,248092.1053,248872.2053,780.1,780.1,271.3,0.347776,1,p:1.2.1.2.2.2
U5308,212,FUSE0,248123.5053,248123.5053,248971.8053,848.3,848.3,271.3,0.319816,1,p:2.1.2.1.2.2
U5309,212,FUSE0,248291.5053,248291.5053,249485.4053,1193.9,1193.9,271.3,0.227238,1,p:1.1.3.1.2.2
U5310,212,FUSE0,248321.9053,248321.9053,249187.0053,865.1,865.1,271.3,0.313605,1,p:2.1.5.1.2.2
U5311,212,FUSE0,248393.1053,248393.1053,249191.6053,798.5,798.5,271.3,0.339762,1,p:1.1.4.1.2.2
U5312,212,FUSE0,248397.7053,248397.7053,249115.8053,718.1,718.1,271.3,0.377803,1,p:2.1.1.2.2.2
U5313,212,FUSE1,248421.5053,248421.5053,249277.4053,855.9,855.9,333.3,0.389415,1,p:1.1.2.1.2.2
U5314,212,FUSE1,248597.1053,248597.1053,249791.0053,1193.9,1193.9,333.3,0.279169,1,p:2.1.3.1.2.2
U5315,212,FUSE1,248659.9053,248659.9053,249492.6053,832.7,832.7,333.3,0.400264,1,p:1.1.5.1.2.2
U5316,212,FUSE1,248731.1053,248731.1053,249497.2053,766.1,766.1,333.3,0.435061,1,p:2.1.4.1.2.2
U5317,212,FUSE1,248735.7053,248735.7053,249421.4053,685.7,685.7,333.3,0.486073,1,p:1.2.1.2.2.2
U5318,212,FUSE1,248759.5053,248759.5053,250096.6053,1337.1,1337.1,333.3,0.249271,1,p:2.1.3.1.2.2
U5319,212,FUSE1,248903.5053,248903.5053,249583.0053,679.5,679.5,333.3,0.490508,1,p:1.1.2.1.2.2
U5320,212,FUSE1,248935.1053,248935.1053,249798.2053,863.1,863.1,333.3,0.386166,1,p:2.1.5.1.2.2
U5321,212,FUSE2,248974.7053,248974.7053,249831.0053,856.3,856.3,365.7,0.42707,1,p:1.1.4.1.2.2
U5322,212,FUSE2,248979.3053,248979.3053,249759.4053,780.1,780.1,365.7,0.468786,1,p:2.1.1.2.2.2
U5323,212,FUSE2,249003.1053,249003.1053,249921.0053,917.9,917.9,365.7,0.398409,1,p:1.1.2.1.2.2
U5324,212,FUSE2,249147.1053,249147.1053,250434.6053,1287.5,1287.5,365.7,0.284039,1,p:2.1.3.1.2.2
U5325,212,FUSE2,249218.3053,249218.3053,250136.2053,917.9,917.9,365.7,0.398409,1,p:1.1.5.1.2.2
U5326,212,FUSE2,249222.9053,249222.9053,250169.0053,946.1,946.1,365.7,0.386534,1,p:2.1.4.1.2.2
U5327,212,FUSE2,249273.1053,249273.1053,250101.2053,828.1,828.1,365.7,0.441613,1,p:1.2.1.2.2.2
U5328,212,FUSE2,249308.7053,249308.7053,250259.0053,950.3,950.3,365.7,0.384826,1,p:2.1.2.1.2.2
U3607,145,FUSE0,249452.7053,249452.7053,250678.2053,1225.5,1225.5,271.3,0.221379,1,p:1.1.3.1.2.2
U3608,145,FUSE0,249516.7053,249516.7053,250379.8053,863.1,863.1,271.3,0.314332,1,p:2.1.5.1.2.2
U3609,145,FUSE0,249523.9053,249523.9053,250412.6053,888.7,888.7,271.3,0.305277,1,p:1.1.4.1.2.2
U3610,145,FUSE0,249528.5053,249528.5053,250341.0053,812.5,812.5,271.3,0.333908,1,p:2.1.1.2.2.2
U3611,145,FUSE0,249614.3053,249614.3053,250921.8053,1307.5,1307.5,271.3,0.207495,1,p:1.1.3.1.2.2
U3612,145,FUSE0,249790.7053,249790.7053,250502.6053,711.9,711.9,271.3,0.381093,1,p:2.1.2.1.2.2
U3613,145,FUSE0,249822.3053,249822.3053,250623.4053,801.1,801.1,271.3,0.338659,1,p:1.1.5.1.2.2
U3614,145,FUSE0,249829.5053,249829.5053,250656.2053,826.7,826.7,271.3,0.328172,1,p:2.1.4.1.2.2
U3615,145,FUSE0,249862.3053,249862.3053,250584.6053,722.3,722.3,271.3,0.375606,1,p:1.1.1.2.2.2
U3616,145,FUSE0,249952.3053,249952.3053,251165.4053,1213.1,1213.1,271.3,0.223642,1,p:2.1.3.1.2.2
U3617,145,FUSE1,250127.9053,250127.9053,250808.2053,680.3,680.3,333.3,0.489931,1,p:1.1.2.1.2.2
U3618,145,FUSE1,250132.5053,250132.5053,250932.8053,800.3,800.3,333.3,0.416469,1,p:2.1.5.1.2.2
U3619,145,FUSE1,250167.5053,250167.5053,250961.8053,794.3,794.3,333.3,0.419615,1,p:1.1.4.1.2.2
U3620,145,FUSE1,250200.3053,250200.3053,250890.2053,689.9,689.9,333.3,0.483113,1,p:2.1.1.2.2.2
U3621,145,FUSE1,250290.3053,250290.3053,251471.0053,1180.7,1180.7,333.3,0.28229,1,p:1.1.3.1.2.2
E221,360,FUSE0,250372.3053,250372.3053,251051.8053,679.5,679.5,271.3,0.399264,1,p:1.1.2.1.2.2
E222,360,FUSE0,250411.1053,250411.1053,251176.4053,765.3,765.3,271.3,0.354502,1,p:2.1.5.1.2.2
E223,360,FUSE0,250443.9053,250443.9053,251714.6053,1270.7,1270.7,271.3,0.213504,1,p:1.1.3.2.2.2
E224,360,FUSE0,250465.9053,250465.9053,251133.8053,667.9,667.9,271.3,0.406199,1,p:2.1.1.2.2.2
E225,360,FUSE0,250533.9053,250533.9053,251212.2053,678.3,678.3,271.3,0.399971,1,p:1.1.4.1.2.2
E226,360,FUSE0,250615.9053,250615.9053,251295.4053,679.5,679.5,271.3,0.399264,1,p:2.1.2.1.2.2
E227,360,FUSE0,250654.7053,250654.7053,251420.0053,765.3,765.3,271.3,0.354502,1,p:1.1.5.1.2.2
E228,360,FUSE1,250687.5053,250687.5053,252020.2053,1332.7,1332.7,333.3,0.250094,1,p:2.1.3.1.2.2
E229,360,FUSE1,250709.5053,250709.5053,251439.4053,729.9,729.9,333.3,0.456638,1,p:1.1.1.2.2.2
E230,360,FUSE1,250839.5053,250839.5053,251599.8053,760.3,760.3,333.3,0.43838,1,p:2.1.4.1.2.2
E231,360,FUSE1,250921.5053,250921.5053,251604.4053,682.9,682.9,333.3,0.488066,1,p:1.1.2.1.2.2
E232,360,FUSE1,250953.1053,250953.1053,252325.8053,1372.7,1372.7,333.3,0.242806,1,p:2.1.3.1.2.2
E233,360,FUSE1,250964.1053,250964.1053,251744.4053,780.3,780.3,333.3,0.427143,1,p:1.1.5.1.2.2
E234,360,FUSE2,250993.1053,250993.1053,251777.4053,784.3,784.3,365.7,0.466276,1,p:2.1.1.1.2.2
E235,360,FUSE2,251083.1053,251083.1053,251937.8053,854.7,854.7,365.7,0.427869,1,p:1.1.4.1.2.2
E236,360,FUSE2,251165.1053,251165.1053,251942.4053,777.3,777.3,365.7,0.470475,1,p:2.1.2.1.2.2
E237,360,FUSE2,251196.7053,251196.7053,252082.4053,885.7,885.7,365.7,0.412894,1,p:1.1.5.1.2.2
E238,360,FUSE2,251207.7053,251207.7053,252663.8053,1456.1,1456.1,365.7,0.25115,1,p:2.1.3.1.2.2
E239,360,FUSE2,251243.5053,251243.5053,252115.4053,871.9,871.9,365.7,0.419429,1,p:1.1.1.1.2.2
E240,360,FUSE2,251326.7053,251326.7053,252275.8053,949.1,949.1,365.7,0.385312,1,p:2.1.4.1.2.2
E241,360,FUSE2,251451.3053,251451.3053,252280.4053,829.1,829.1,365.7,0.441081,1,p:1.1.2.1.2.2
E242,360,FUSE2,251470.7053,251470.7053,252420.4053,949.7,949.7,365.7,0.385069,1,p:2.1.5.1.2.2
E243,360,FUSE2,251502.3053,251502.3053,253001.8053,1499.5,1499.5,365.7,0.243881,1,p:1.1.3.1.2.2
E244,360,FUSE2,251631.1053,251631.1053,252453.4053,822.3,822.3,365.7,0.444728,1,p:2.1.1.1.2.2
U3622,145,FUSE1,251635.7053,251637.7053,252586.0053,950.3,950.3,333.3,0.350731,1,p:2.1.2.1.2.2
U3623,145,FUSE1,251745.9053,251745.9053,252726.0053,980.1,980.1,333.3,0.340067,1,p:1.1.5.1.2.2
U3624,145,FUSE1,251775.7053,251775.7053,252581.4053,805.7,805.7,333.3,0.413678,1,p:2.1.4.1.2.2
U3625,145,FUSE1,251808.7053,251808.7053,252759.0053,950.3,950.3,333.3,0.350731,1,p:1.1.1.2.2.2
U3626,145,FUSE1,251969.1053,251969.1053,253307.4053,1338.3,1338.3,333.3,0.249047,1,p:2.1.3.1.2.2
U3627,145,FUSE2,251973.7053,251973.7053,252924.0053,950.3,950.3,365.7,0.384826,1,p:1.1.2.1.2.2
U3628,145,FUSE2,252051.5053,252051.5053,253064.0053,1012.5,1012.5,365.7,0.361185,1,p:2.1.5.1.2.2
U3629,145,FUSE2,252113.7053,252113.7053,252919.4053,805.7,805.7,365.7,0.453891,1,p:1.1.4.1.2.2
U3630,145,FUSE2,252146.7053,252146.7053,253097.0053,950.3,950.3,365.7,0.384826,1,p:2.1.1.2.2.2
U3631,145,FUSE2,252307.1053,252307.1053,253645.4053,1338.3,1338.3,365.7,0.273257,1,p:1.1.3.1.2.2
U3632,145,FUSE2,252311.7053,252311.7053,253262.0053,950.3,950.3,365.7,0.384826,1,p:2.1.2.1.2.2
U3633,145,FUSE2,252357.1053,252357.1053,253402.0053,1044.9,1044.9,365.7,0.349986,1,p:1.1.5.1.2.2
U3634,145,FUSE2,252451.7053,252451.7053,253257.4053,805.7,805.7,365.7,0.453891,1,p:2.1.4.1.2.2
U3635,145,FUSE2,252484.7053,252484.7053,253435.0053,950.3,950.3,365.7,0.384826,1,p:1.1.1.2.2.2
U2916,117,FUSE0,252612.7053,252612.7053,253889.0053,1276.3,1276.3,271.3,0.212568,1,p:2.1.3.1.2.2
U2917,117,FUSE0,252617.3053,252617.3053,253505.6053,888.3,888.3,271.3,0.305415,1,p:1.1.2.1.2.2
U2918,117,FUSE0,252695.1053,252695.1053,253650.0053,954.9,954.9,271.3,0.284114,1,p:2.1.5.1.2.2
U2919,117,FUSE0,252757.3053,252757.3053,254132.6053,1375.3,1375.3,271.3,0.197266,1,p:1.1.3.1.2.2
U2920,117,FUSE0,252790.3053,252790.3053,253501.0053,710.7,710.7,271.3,0.381736,1,p:2.1.4.1.2.2
U2921,117,FUSE0,252950.7053,252950.7053,253678.6053,727.9,727.9,271.3,0.372716,1,p:1.1.1.2.2.2
U2922,117,FUSE0,252955.3053,252955.3053,253745.8053,790.5,790.5,271.3,0.343201,1,p:2.1.2.1.2.2
U2923,117,FUSE0,253033.1053,253033.1053,253893.6053,860.5,860.5,271.3,0.315282,1,p:1.1.5.1.2.2
U2924,117,FUSE1,253095.3053,253095.3053,254438.2053,1342.9,1342.9,333.3,0.248194,1,p:2.1.3.1.2.2
U2925,117,FUSE1,253128.3053,253128.3053,253868.6053,740.3,740.3,333.3,0.450223,1,p:1.1.4.1.2.2
U2926,117,FUSE1,253288.7053,253288.7053,253984.2053,695.5,695.5,333.3,0.479224,1,p:2.1.1.2.2.2
U2927,117,FUSE1,253293.3053,253293.3053,254051.4053,758.1,758.1,333.3,0.439652,1,p:1.1.2.1.2.2
U2928,117,FUSE1,253338.7053,253338.7053,254194.8053,856.1,856.1,333.3,0.389324,1,p:2.1.5.1.2.2
U2929,117,FUSE1,253433.3053,253433.3053,254743.8053,1310.5,1310.5,333.3,0.25433,1,p:1.1.3.1.2.2
U2930,117,FUSE1,253466.3053,253466.3053,254226.6053,760.3,760.3,333.3,0.43838,1,p:2.1.4.1.2.2
U2931,117,FUSE1,253532.3053,253532.3053,254289.8053,757.5,757.5,333.3,0.44,1,p:1.1.1.2.2.2
U2932,117,FUSE2,253536.9053,253536.9053,254389.4053,852.5,852.5,365.7,0.428974,1,p:2.1.2.1.2.2
U2933,117,FUSE2,253676.7053,253676.7053,254532.8053,856.1,856.1,365.7,0.42717,1,p:1.1.5.1.2.2
U2934,117,FUSE2,253681.3053,253681.3053,254564.6053,883.3,883.3,365.7,0.414016,1,p:2.1.4.1.2.2
U2935,117,FUSE2,253709.9053,253709.9053,255081.8053,1371.9,1371.9,365.7,0.266565,1,p:1.1.3.1.2.2
U2936,117,FUSE2,253777.1053,253777.1053,254627.8053,850.7,850.7,365.7,0.429881,1,p:2.1.1.2.2.2
U2937,117,FUSE2,253899.9053,253899.9053,254727.4053,827.5,827.5,365.7,0.441934,1,p:1.1.2.1.2.2
U2938,117,FUSE2,253920.3053,253920.3053,254870.8053,950.5,950.5,365.7,0.384745,1,p:2.1.5.1.2.2
U2939,117,FUSE2,253924.9053,253924.9053,255419.8053,1494.9,1494.9,365.7,0.244632,1,p:1.1.3.1.2.2
U6152,246,FUSE0,254015.5053,254015.5053,254808.2053,792.7,792.7,271.3,0.342248,1,p:2.1.4.1.2.2
U6153,246,FUSE0,254082.7053,254082.7053,254875.4053,792.7,792.7,271.3,0.342248,1,p:1.1.1.2.2.2
U6154,246,FUSE0,254163.9053,254163.9053,254971.0053,807.1,807.1,271.3,0.336142,1,p:2.1.2.1.2.2
U6155,246,FUSE0,254226.1053,254226.1053,255114.4053,888.3,888.3,271.3,0.305415,1,p:1.1.5.1.2.2
U6156,246,FUSE0,254257.9053,254257.9053,255051.8053,793.9,793.9,271.3,0.341731,1,p:2.1.4.1.2.2
U6157,246,FUSE0,254321.1053,254321.1053,255119.0053,797.9,797.9,271.3,0.340018,1,p:1.1.1.2.2.2
U6158,246,FUSE0,254420.7053,254420.7053,255667.6053,1246.9,1246.9,271.3,0.21758,1,p:2.1.3.1.2.2
U6159,246,FUSE0,254469.5053,254469.5053,255214.6053,745.1,745.1,271.3,0.364112,1,p:1.1.2.1.2.2
U6160,246,FUSE0,254564.1053,254564.1053,255362.0053,797.9,797.9,271.3,0.340018,1,p:2.1.5.1.2.2
U6161,246,FUSE1,254595.9053,254595.9053,255357.4053,761.5,761.5,333.3,0.437689,1,p:1.1.4.1.2.2
U6162,246,FUSE1,254659.1053,254659.1053,255424.4053,765.3,765.3,333.3,0.435515,1,p:2.1.1.2.2.2
U6163,246,FUSE1,254758.7053,254758.7053,255969.0053,1210.3,1210.3,333.3,0.275386,1,p:1.1.3.1.2.2
U6164,246,FUSE1,254775.1053,254775.1053,255520.2053,745.1,745.1,333.3,0.447323,1,p:2.1.2.1.2.2
U6165,246,FUSE1,254839.5053,254839.5053,255672.2053,832.7,832.7,333.3,0.400264,1,p:1.1.5.1.2.2
U6166,246,FUSE1,254902.1053,254902.1053,255663.0053,760.9,760.9,333.3,0.438034,1,p:2.1.4.1.2.2
U6167,246,FUSE1,254906.7053,254906.7053,255726.2053,819.5,819.5,333.3,0.406711,1,p:1.2.1.2.2.2
U6168,246,FUSE1,255002.3053,255002.3053,256274.6053,1272.3,1272.3,333.3,0.261967,1,p:2.1.3.1.2.2
U6169,246,FUSE1,255083.1053,255083.1053,255825.8053,742.7,742.7,333.3,0.448768,1,p:1.1.2.1.2.2
U6170,246,FUSE2,255113.1053,255113.1053,256005.6053,892.5,892.5,365.7,0.409748,1,p:2.1.5.1.2.2
U6171,246,FUSE2,255145.7053,255145.7053,256001.0053,855.3,855.3,365.7,0.427569,1,p:1.1.4.1.2.2
U6172,246,FUSE2,255150.3053,255150.3053,256064.2053,913.9,913.9,365.7,0.400153,1,p:2.1.1.2.2.2
U6173,246,FUSE2,255245.9053,255245.9053,256612.6053,1366.7,1366.7,365.7,0.267579,1,p:1.1.3.1.2.2
U6174,246,FUSE2,255388.7053,255388.7053,256163.8053,775.1,775.1,365.7,0.47181,1,p:2.1.2.1.2.2
U6175,246,FUSE2,255393.3053,255393.3053,256343.6053,950.3,950.3,365.7,0.384826,1,p:1.1.5.1.2.2
U6176,246,FUSE2,255451.1053,255451.1053,256339.0053,887.9,887.9,365.7,0.411871,1,p:2.1.4.1.2.2
U6177,246,FUSE2,255455.7053,255455.7053,256402.2053,946.5,946.5,365.7,0.386371,1,p:1.1.1.2.2.2
U6178,246,FUSE2,255551.5053,255551.5053,256950.6053,1399.1,1399.1,365.7,0.261382,1,p:2.1.3.1.2.2
U410,17,FUSE0,255694.3053,255694.3053,256407.4053,713.1,713.1,271.3,0.380452,1,p:1.1.2.1.2.2
U411,17,FUSE0,255698.9053,255698.9053,256587.2053,888.3,888.3,271.3,0.305415,1,p:2.1.5.1.2.2
U412,17,FUSE0,255703.5053,255703.5053,256582.6053,879.1,879.1,271.3,0.308611,1,p:1.1.4.1.2.2
U413,17,FUSE0,255757.5053,255757.5053,256645.8053,888.3,888.3,271.3,0.305415,1,p:2.1.1.2.2.2
U414,17,FUSE0,255857.1053,255857.1053,257194.2053,1337.1,1337.1,271.3,0.202902,1,p:1.1.3.1.2.2
U415,17,FUSE0,256000.3053,256000.3053,256651.0053,650.7,650.7,271.3,0.416936,1,p:2.1.2.1.2.2
U416,17,FUSE0,256032.3053,256032.3053,256830.8053,798.5,798.5,271.3,0.339762,1,p:1.1.5.1.2.2
U417,17,FUSE0,256036.9053,256036.9053,256826.2053,789.3,789.3,271.3,0.343722,1,p:2.1.4.1.2.2
U418,17,FUSE0,256095.5053,256095.5053,256889.4053,793.9,793.9,271.3,0.341731,1,p:1.1.1.2.2.2
U419,17,FUSE1,256195.1053,256195.1053,257499.8053,1304.7,1304.7,333.3,0.255461,1,p:2.1.3.1.2.2
U420,17,FUSE1,256305.9053,256305.9053,256966.2053,660.3,660.3,333.3,0.504771,1,p:1.1.2.1.2.2
U421,17,FUSE1,256370.3053,256370.3053,257170.6053,800.3,800.3,333.3,0.416469,1,p:2.1.5.1.2.2
U422,17,FUSE1,256374.9053,256374.9053,257131.8053,756.9,756.9,333.3,0.440349,1,p:1.1.4.1.2.2
U423,17,FUSE1,256433.5053,256433.5053,257198.8053,765.3,765.3,333.3,0.435515,1,p:2.1.1.2.2.2
U424,17,FUSE1,256438.7053,256438.7053,257805.4053,1366.7,1366.7,333.3,0.243872,1,p:1.1.3.1.2.2
U425,17,FUSE1,256613.9053,256613.9053,257294.2053,680.3,680.3,333.3,0.489931,1,p:2.1.2.1.2.2
U426,17,FUSE1,256618.5053,256618.5053,257476.2053,857.7,857.7,333.3,0.388597,1,p:1.2.5.1.2.2
U427,17,FUSE1,256643.9053,256643.9053,257437.4053,793.5,793.5,333.3,0.420038,1,p:2.1.4.1.2.2
U428,17,FUSE2,256677.1053,256677.1053,257533.0053,855.9,855.9,365.7,0.42727,1,p:1.1.1.1.2.2
U429,17,FUSE2,256682.3053,256682.3053,257632.2053,949.9,949.9,365.7,0.384988,1,p:2.1.2.1.2.2
U430,17,FUSE2,256857.5053,256857.5053,258143.4053,1285.9,1285.9,365.7,0.284392,1,p:1.1.3.1.2.2
U431,17,FUSE2,256862.1053,256862.1053,257814.2053,952.1,952.1,365.7,0.384098,1,p:2.1.5.1.2.2
U432,17,FUSE2,256920.7053,256920.7053,257775.4053,854.7,854.7,365.7,0.427869,1,p:1.1.4.1.2.2
U433,17,FUSE2,256981.9053,256981.9053,257871.0053,889.1,889.1,365.7,0.411315,1,p:2.1.1.1.2.2
U434,17,FUSE2,256997.5053,256997.5053,258481.4053,1483.9,1483.9,365.7,0.246445,1,p:1.1.3.1.2.2
U435,17,FUSE2,257163.1053,257163.1053,257970.2053,807.1,807.1,365.7,0.453104,1,p:2.1.2.1.2.2
U436,17,FUSE2,257201.9053,257201.9053,258152.2053,950.3,950.3,365.7,0.384826,1,p:1.2.5.1.2.2
U1737,70,FUSE0,257225.5053,257225.5053,258019.0053,793.5,793.5,271.3,0.341903,1,p:2.1.4.1.2.2
U1738,70,FUSE0,257230.1053,257230.1053,258114.6053,884.5,884.5,271.3,0.306727,1,p:1.1.1.1.2.2
U1739,70,FUSE0,257325.5053,257325.5053,258725.0053,1399.5,1399.5,271.3,0.193855,1,p:2.1.3.1.2.2
U1740,70,FUSE0,257468.7053,257468.7053,258213.8053,745.1,745.1,271.3,0.364112,1,p:1.1.2.1.2.2
U1741,70,FUSE0,257507.5053,257507.5053,258395.8053,888.3,888.3,271.3,0.305415,1,p:2.1.5.1.2.2
U1742,70,FUSE0,257531.1053,257531.1053,258262.6053,731.5,731.5,271.3,0.370882,1,p:1.1.4.1.2.2
U1743,70,FUSE0,257564.3053,257564.3053,258968.6053,1404.3,1404.3,271.3,0.193192,1,p:2.1.3.1.2.2
U1744,70,FUSE0,257663.5053,257663.5053,258358.2053,694.7,694.7,271.3,0.390528,1,p:1.1.1.1.2.2
U1745,70,FUSE1,257806.7053,257806.7053,258519.4053,712.7,712.7,333.3,0.467658,1,p:2.1.2.1.2.2
U1746,70,FUSE1,257836.7053,257836.7053,258701.4053,864.7,864.7,333.3,0.385452,1,p:1.2.5.1.2.2
U1747,70,FUSE1,257845.5053,257845.5053,258605.8053,760.3,760.3,333.3,0.43838,1,p:2.1.4.1.2.2
U1748,70,FUSE1,257902.3053,257902.3053,258663.8053,761.5,761.5,333.3,0.437689,1,p:1.1.1.1.2.2
U1749,70,FUSE1,258001.5053,258001.5053,259274.2053,1272.7,1272.7,333.3,0.261884,1,p:2.1.3.1.2.2
U1750,70,FUSE1,258050.3053,258050.3053,258825.0053,774.7,774.7,333.3,0.430231,1,p:1.1.2.1.2.2
U1751,70,FUSE1,258145.9053,258145.9053,259007.0053,861.1,861.1,333.3,0.387063,1,p:2.1.5.1.2.2
U1752,70,FUSE1,258174.7053,258174.7053,258916.6053,741.9,741.9,333.3,0.449252,1,p:1.1.4.1.2.2
U1753,70,FUSE2,258183.5053,258183.5053,259612.2053,1428.7,1428.7,365.7,0.255967,1,p:2.1.3.1.2.2
U1754,70,FUSE2,258245.1053,258245.1053,259001.8053,756.7,756.7,365.7,0.483283,1,p:1.1.1.1.2.2
U1755,70,FUSE2,258293.9053,258293.9053,259163.0053,869.1,869.1,365.7,0.42078,1,p:2.1.2.1.2.2
U1756,70,FUSE2,258389.5053,258389.5053,259345.0053,955.5,955.5,365.7,0.382732,1,p:1.2.5.1.2.2
U1757,70,FUSE2,258427.1053,258427.1053,259254.6053,827.5,827.5,365.7,0.441934,1,p:2.1.4.1.2.2
U1758,70,FUSE2,258512.7053,258512.7053,259339.8053,827.1,827.1,365.7,0.442147,1,p:1.2.1.1.2.2
U1759,70,FUSE2,258550.7053,258550.7053,259950.2053,1399.5,1399.5,365.7,0.261308,1,p:2.1.3.1.2.2
U1760,70,FUSE2,258637.1053,258637.1053,259502.8053,865.7,865.7,365.7,0.422433,1,p:1.1.2.1.2.2
U5358,214,FUSE0,258695.1053,258695.1053,259588.6053,893.5,893.5,271.3,0.303637,1,p:2.1.5.1.2.2
U5359,214,FUSE0,258732.7053,258732.7053,259498.2053,765.5,765.5,271.3,0.354409,1,p:1.1.4.1.2.2
U5360,214,FUSE0,258756.3053,258756.3053,260193.8053,1437.5,1437.5,271.3,0.18873,1,p:2.1.3.1.2.2
U5361,214,FUSE0,258856.3053,258856.3053,259583.4053,727.1,727.1,271.3,0.373126,1,p:1.1.1.1.2.2
U5362,214,FUSE0,258947.9053,258947.9053,259832.2053,884.3,884.3,271.3,0.306796,1,p:2.1.5.1.2.2
U5363,214,FUSE0,258999.9053,258999.9053,259746.4053,746.5,746.5,271.3,0.363429,1,p:1.1.2.1.2.2
U5364,214,FUSE0,259033.1053,259033.1053,259741.8053,708.7,708.7,271.3,0.382814,1,p:2.1.4.1.2.2
U5365,214,FUSE0,259038.3053,259038.3053,259827.0053,788.7,788.7,271.3,0.343984,1,p:1.1.1.1.2.2
U5366,214,FUSE1,259194.3053,259194.3053,260499.4053,1305.1,1305.1,333.3,0.255383,1,p:2.1.3.1.2.2
U5367,214,FUSE1,259285.9053,259285.9053,260137.8053,851.9,851.9,333.3,0.391243,1,p:1.1.5.1.2.2
U5368,214,FUSE1,259305.5053,259305.5053,260050.2053,744.7,744.7,333.3,0.447563,1,p:2.1.2.1.2.2
U5369,214,FUSE1,259371.1053,259371.1053,260111.4053,740.3,740.3,333.3,0.450223,1,p:1.1.4.1.2.2
U5370,214,FUSE1,259376.3053,259376.3053,260805.0053,1428.7,1428.7,333.3,0.233289,1,p:2.1.3.1.2.2
U5371,214,FUSE1,259529.5053,259529.5053,260149.8053,620.3,620.3,333.3,0.537321,1,p:1.1.1.1.2.2
U5372,214,FUSE1,259534.1053,259534.1053,260443.4053,909.3,909.3,333.3,0.366546,1,p:2.1.5.1.2.2
U5373,214,FUSE1,259614.7053,259614.7053,260355.8053,741.1,741.1,333.3,0.449737,1,p:1.1.2.1.2.2
U5374,214,FUSE2,259619.9053,259619.9053,260449.4053,829.5,829.5,365.7,0.440868,1,p:2.1.4.1.2.2
U5375,214,FUSE2,259643.5053,259643.5053,260487.8053,844.3,844.3,365.7,0.43314,1,p:1.1.1.1.2.2
U5376,214,FUSE2,259773.1053,259773.1053,261143.0053,1369.9,1369.9,365.7,0.266954,1,p:2.1.3.1.2.2
U5377,214,FUSE2,259777.7053,259777.7053,260781.4053,1003.7,1003.7,365.7,0.364352,1,p:1.1.5.1.2.2
U5378,214,FUSE2,259858.3053,259858.3053,260787.4053,929.1,929.1,365.7,0.393607,1,p:2.1.4.1.2.2
U5379,214,FUSE2,259863.5053,259863.5053,260693.8053,830.3,830.3,365.7,0.440443,1,p:1.1.2.1.2.2
U5380,214,FUSE2,259981.5053,259981.5053,261481.0053,1499.5,1499.5,365.7,0.243881,1,p:2.1.3.1.2.2
U5381,214,FUSE2,260081.5053,260081.5053,260825.8053,744.3,744.3,365.7,0.491334,1,p:1.1.1.1.2.2
U5202,208,FUSE0,260142.7053,260142.7053,261025.0053,882.3,882.3,271.3,0.307492,1,p:2.1.5.1.2.2
U5203,208,FUSE0,260169.1053,260169.1053,260937.4053,768.3,768.3,271.3,0.353117,1,p:1.1.2.1.2.2
U5204,208,FUSE0,260181.1053,260181.1053,261031.0053,849.9,849.9,271.3,0.319214,1,p:2.1.4.1.2.2
U5205,208,FUSE0,260225.1053,260225.1053,261069.4053,844.3,844.3,271.3,0.321331,1,p:1.1.1.1.2.2
U5206,208,FUSE0,260387.1053,260387.1053,261268.6053,881.5,881.5,271.3,0.307771,1,p:2.1.5.1.2.2
U5207,208,FUSE0,260474.7053,260474.7053,261181.0053,706.3,706.3,271.3,0.384114,1,p:1.1.2.1.2.2
U5208,208,FUSE0,260480.7053,260480.7053,261274.6053,793.9,793.9,271.3,0.341731,1,p:2.1.4.1.2.2
U5209,208,FUSE0,260519.1053,260519.1053,261724.6053,1205.5,1205.5,271.3,0.225052,1,p:1.1.3.1.2.2
U5210,208,FUSE0,260530.7053,260530.7053,261512.2053,981.5,981.5,271.3,0.276414,1,p:2.1.5.1.2.2
U5211,208,FUSE1,260725.1053,260725.1053,261375.0053,649.9,649.9,333.3,0.512848,1,p:1.1.1.1.2.2
U5212,208,FUSE1,260812.7053,260812.7053,261493.0053,680.3,680.3,333.3,0.489931,1,p:2.1.2.1.2.2
U5213,208,FUSE1,260818.7053,260818.7053,262030.2053,1211.5,1211.5,333.3,0.275113,1,p:1.1.3.1.2.2
U5214,208,FUSE1,260836.3053,260836.3053,261596.6053,760.3,760.3,333.3,0.43838,1,p:2.1.4.1.2.2
U5215,208,FUSE1,260857.1053,260857.1053,261680.6053,823.5,823.5,333.3,0.404736,1,p:1.1.1.1.2.2
U5216,208,FUSE1,260968.7053,260968.7053,261817.8053,849.1,849.1,333.3,0.392533,1,p:2.1.5.1.2.2
U5217,208,FUSE1,261056.3053,261056.3053,261798.6053,742.3,742.3,333.3,0.44901,1,p:1.1.2.1.2.2
U5218,208,FUSE1,261062.3053,261062.3053,262335.8053,1273.5,1273.5,333.3,0.26172,1,p:2.1.3.1.2.2
U5219,208,FUSE1,261100.7053,261100.7053,261902.2053,801.5,801.5,333.3,0.415845,1,p:1.1.4.1.2.2
U5220,208,FUSE2,261174.3053,261174.3053,262155.8053,981.5,981.5,365.7,0.372593,1,p:2.1.5.1.2.2
U5221,208,FUSE2,261212.3053,261212.3053,262018.6053,806.3,806.3,365.7,0.453553,1,p:1.1.1.1.2.2
U5222,208,FUSE2,261299.9053,261299.9053,262673.8053,1373.9,1373.9,365.7,0.266177,1,p:2.1.3.1.2.2
U5223,208,FUSE2,261305.9053,261305.9053,262136.6053,830.7,830.7,365.7,0.440231,1,p:1.1.2.1.2.2
U5224,208,FUSE2,261406.3053,261406.3053,262240.2053,833.9,833.9,365.7,0.438542,1,p:2.1.4.1.2.2
U5225,208,FUSE2,261512.3053,261512.3053,262356.6053,844.3,844.3,365.7,0.43314,1,p:1.1.1.1.2.2
U5226,208,FUSE2,261524.3053,261524.3053,262493.8053,969.5,969.5,365.7,0.377205,1,p:2.1.5.1.2.2
U5227,208,FUSE2,261543.5053,261543.5053,262474.6053,931.1,931.1,365.7,0.392761,1,p:1.1.2.1.2.2
U1613,65,FUSE0,261627.9053,261627.9053,262917.4053,1289.5,1289.5,271.3,0.210392,1,p:2.1.3.1.2.2
U1614,65,FUSE0,261711.9053,261711.9053,262483.8053,771.9,771.9,271.3,0.35147,1,p:1.1.4.1.2.2
U1615,65,FUSE0,261755.9053,261755.9053,262600.2053,844.3,844.3,271.3,0.321331,1,p:2.1.1.1.2.2
U1616,65,FUSE0,261829.9053,261829.9053,262737.4053,907.5,907.5,271.3,0.298953,1,p:1.1.5.1.2.2
U1617,65,FUSE0,261849.1053,261849.1053,263161.0053,1311.9,1311.9,271.3,0.206799,1,p:2.1.3.1.2.2
U1618,65,FUSE0,261933.5053,261933.5053,262727.4053,793.9,793.9,271.3,0.341731,1,p:1.1.4.1.2.2
U1619,65,FUSE0,262049.9053,262049.9053,262718.2053,668.3,668.3,271.3,0.405955,1,p:2.1.2.1.2.2
U1620,65,FUSE0,262061.5053,262061.5053,262843.8053,782.3,782.3,271.3,0.346798,1,p:1.1.1.1.2.2
U1621,65,FUSE1,262167.9053,262167.9053,263043.0053,875.1,875.1,333.3,0.380871,1,p:2.1.5.1.2.2
U1622,65,FUSE1,262187.1053,262187.1053,263466.6053,1279.5,1279.5,333.3,0.260492,1,p:1.1.3.1.2.2
U1623,65,FUSE1,262271.5053,262271.5053,263033.0053,761.5,761.5,333.3,0.437689,1,p:2.1.4.1.2.2
U1624,65,FUSE1,262367.1053,262367.1053,263027.4053,660.3,660.3,333.3,0.504771,1,p:1.1.2.1.2.2
U1625,65,FUSE1,262387.9053,262387.9053,263149.4053,761.5,761.5,333.3,0.437689,1,p:2.1.1.1.2.2
U1626,65,FUSE1,262505.9053,262505.9053,263348.6053,842.7,842.7,333.3,0.395514,1,p:1.1.5.1.2.2
U1627,65,FUSE1,262515.1053,262515.1053,263772.2053,1257.1,1257.1,333.3,0.265134,1,p:2.1.3.1.2.2
U1628,65,FUSE1,262525.1053,262525.1053,263338.6053,813.5,813.5,333.3,0.409711,1,p:1.2.4.1.2.2
U1629,65,FUSE1,262631.5053,262631.5053,263455.0053,823.5,823.5,333.3,0.404736,1,p:2.1.1.1.2.2
U1630,65,FUSE2,262705.1053,262705.1053,263397.8053,692.7,692.7,365.7,0.527934,1,p:1.1.2.1.2.2
U1631,65,FUSE2,262749.5053,262749.5053,263686.6053,937.1,937.1,365.7,0.390247,1,p:2.1.5.1.2.2
U1632,65,FUSE2,262758.7053,262758.7053,264110.2053,1351.5,1351.5,365.7,0.270588,1,p:1.1.3.1.2.2
U1633,65,FUSE2,262768.7053,262768.7053,263676.6053,907.9,907.9,365.7,0.402798,1,p:2.1.4.1.2.2
U1634,65,FUSE2,262875.1053,262875.1053,263735.8053,860.7,860.7,365.7,0.424887,1,p:1.1.2.1.2.2
U1635,65,FUSE2,262948.7053,262948.7053,263793.0053,844.3,844.3,365.7,0.43314,1,p:2.1.1.1.2.2
U1636,65,FUSE2,263058.7053,263058.7053,264024.6053,965.9,965.9,365.7,0.378611,1,p:1.1.5.1.2.2
U1637,65,FUSE2,263064.3053,263064.3053,264448.2053,1383.9,1383.9,365.7,0.264253,1,p:2.1.3.1.2.2
U1638,65,FUSE2,263074.3053,263074.3053,264014.6053,940.3,940.3,365.7,0.388918,1,p:1.2.4.1.2.2
U203,9,FUSE0,263180.7053,263180.7053,264036.6053,855.9,855.9,271.3,0.316976,1,p:2.1.1.1.2.2
U204,9,FUSE0,263192.3053,263192.3053,264019.4053,827.1,827.1,271.3,0.328014,1,p:1.1.2.2.1.2
U205,9,FUSE0,263369.9053,263369.9053,264268.2053,898.3,898.3,271.3,0.302015,1,p:2.1.5.1.2.2
U206,9,FUSE0,263379.9053,263379.9053,264691.8053,1311.9,1311.9,271.3,0.206799,1,p:1.1.3.1.2.2
U207,9,FUSE0,263429.1053,263429.1053,264263.0053,833.9,833.9,271.3,0.325339,1,p:2.1.2.2.1.2
U208,9,FUSE0,263486.3053,263486.3053,264258.2053,771.9,771.9,271.3,0.35147,1,p:1.1.4.1.2.2
U209,9,FUSE0,263497.9053,263497.9053,264280.2053,782.3,782.3,271.3,0.346798,1,p:2.1.1.1.2.2
U210,9,FUSE0,263707.9053,263707.9053,264511.8053,803.9,803.9,271.3,0.33748,1,p:1.1.5.1.2.2
U211,9,FUSE1,263717.9053,263717.9053,264997.4053,1279.5,1279.5,333.3,0.260492,1,p:2.1.3.1.2.2
U212,9,FUSE1,263767.1053,263767.1053,264528.6053,761.5,761.5,333.3,0.437689,1,p:1.2.2.1.2.2
U213,9,FUSE1,263803.5053,263803.5053,264563.8053,760.3,760.3,333.3,0.43838,1,p:2.1.4.1.2.2
U214,9,FUSE1,263824.3053,263824.3053,264585.8053,761.5,761.5,333.3,0.437689,1,p:1.1.1.1.2.2
U215,9,FUSE1,264045.9053,264045.9053,264846.2053,800.3,800.3,333.3,0.416469,1,p:2.1.5.1.2.2
U216,9,FUSE1,264050.7053,264050.7053,265303.0053,1252.3,1252.3,333.3,0.26615,1,p:1.1.3.1.2.2
U217,9,FUSE1,264055.9053,264055.9053,264834.2053,778.3,778.3,333.3,0.428241,1,p:2.1.2.1.2.2
U218,9,FUSE1,264067.9053,264067.9053,264869.4053,801.5,801.5,333.3,0.415845,1,p:1.1.4.1.2.2
U219,9,FUSE2,264141.5053,264141.5053,265184.2053,1042.7,1042.7,365.7,0.350724,1,p:2.1.5.1.2.2
U220,9,FUSE2,264289.5053,264289.5053,264942.2053,652.7,652.7,365.7,0.560288,1,p:1.1.1.1.2.2
U221,9,FUSE2,264294.3053,264294.3053,265641.0053,1346.7,1346.7,365.7,0.271553,1,p:2.1.3.1.2.2
U222,9,FUSE2,264299.5053,264299.5053,265172.2053,872.7,872.7,365.7,0.419044,1,p:1.2.2.1.2.2
U223,9,FUSE2,264311.5053,264311.5053,265207.4053,895.9,895.9,365.7,0.408193,1,p:2.1.4.1.2.2
U224,9,FUSE2,264479.5053,264479.5053,265280.2053,800.7,800.7,365.7,0.456725,1,p:1.2.1.1.2.2
U225,9,FUSE2,264543.1053,264543.1053,265522.2053,979.1,979.1,365.7,0.373506,1,p:2.1.5.1.2.2
U4985,199,FUSE0,264559.9053,264559.9053,265884.6053,1324.7,1324.7,271.3,0.204801,1,p:1.1.3.1.2.2
U4986,199,FUSE0,264595.1053,264595.1053,265415.8053,820.7,820.7,271.3,0.330571,1,p:2.1.2.2.2.2
U4987,199,FUSE0,264617.1053,264617.1053,265451.0053,833.9,833.9,271.3,0.325339,1,p:1.2.4.1.2.2
U4988,199,FUSE0,264723.1053,264723.1053,266128.2053,1405.1,1405.1,271.3,0.193082,1,p:2.1.3.1.2.2
U4989,199,FUSE0,264865.5053,264865.5053,265526.8053,661.3,661.3,271.3,0.410253,1,p:1.1.1.1.2.2
U4990,199,FUSE0,264877.5053,264877.5053,265765.8053,888.3,888.3,271.3,0.305415,1,p:2.1.5.1.2.2
U4991,199,FUSE0,264900.7053,264900.7053,265659.4053,758.7,758.7,271.3,0.357585,1,p:1.1.2.2.2.2
U4992,199,FUSE0,264973.5053,264973.5053,265694.6053,721.1,721.1,271.3,0.376231,1,p:2.1.4.1.2.2
U4993,199,FUSE1,265028.7053,265028.7053,265829.4053,800.7,800.7,333.3,0.416261,1,p:1.1.1.1.2.2
U4994,199,FUSE1,265203.5053,265203.5053,266434.4053,1230.9,1230.9,333.3,0.270777,1,p:2.1.3.1.2.2
U4995,199,FUSE1,265215.5053,265215.5053,266071.4053,855.9,855.9,333.3,0.389415,1,p:1.1.5.1.2.2
U4996,199,FUSE1,265238.7053,265238.7053,265965.0053,726.3,726.3,333.3,0.458901,1,p:2.1.2.2.2.2
U4997,199,FUSE1,265311.5053,265311.5053,266091.8053,780.3,780.3,333.3,0.427143,1,p:1.2.4.1.2.2
U4998,199,FUSE1,265334.3053,265334.3053,266135.0053,800.7,800.7,333.3,0.416261,1,p:2.1.1.1.2.2
U4999,199,FUSE1,265447.1053,265447.1053,266739.4053,1292.3,1292.3,333.3,0.257912,1,p:1.1.3.1.2.2
U5000,199,FUSE1,265482.3053,265482.3053,266377.0053,894.7,894.7,333.3,0.372527,1,p:2.1.5.1.2.2
U5001,199,FUSE2,265553.5053,265553.5053,266303.0053,749.5,749.5,365.7,0.487925,1,p:1.2.2.1.2.2
U5002,199,FUSE2,265558.1053,265558.1053,266429.8053,871.7,871.7,365.7,0.419525,1,p:2.1.4.1.2.2
U5003,199,FUSE2,265672.3053,265672.3053,266473.0053,800.7,800.7,365.7,0.456725,1,p:1.2.1.1.2.2
U5004,199,FUSE2,265690.7053,265690.7053,267077.4053,1386.7,1386.7,365.7,0.26372,1,p:2.1.3.1.2.2
U5005,199,FUSE2,265725.9053,265725.9053,266715.0053,989.1,989.1,365.7,0.36973,1,p:1.1.5.1.2.2
U5006,199,FUSE2,265797.1053,265797.1053,266641.0053,843.9,843.9,365.7,0.433345,1,p:2.1.2.1.2.2
U5007,199,FUSE2,265860.7053,265860.7053,266767.8053,907.1,907.1,365.7,0.403153,1,p:1.1.4.1.2.2
U5008,199,FUSE2,265915.9053,265915.9053,266811.0053,895.1,895.1,365.7,0.408558,1,p:2.1.1.1.2.2
U5009,199,FUSE2,265996.3053,265996.3053,267415.4053,1419.1,1419.1,365.7,0.257699,1,p:1.1.3.1.2.2
U1718,69,FUSE0,266102.7053,266102.7053,266958.6053,855.9,855.9,271.3,0.316976,1,p:2.1.5.1.2.2
U1719,69,FUSE0,266123.1053,266123.1053,266884.6053,761.5,761.5,271.3,0.356271,1,p:1.2.2.1.2.2
U1720,69,FUSE0,266159.5053,266159.5053,267011.4053,851.9,851.9,271.3,0.318465,1,p:2.1.4.1.2.2
U1721,69,FUSE0,266166.3053,266166.3053,267054.6053,888.3,888.3,271.3,0.305415,1,p:1.2.1.1.2.2
U1722,69,FUSE0,266334.3053,266334.3053,267202.2053,867.9,867.9,271.3,0.312594,1,p:2.1.5.1.2.2
U1723,69,FUSE0,266408.3053,266408.3053,267128.2053,719.9,719.9,271.3,0.376858,1,p:1.1.2.1.2.2
U1724,69,FUSE1,266461.1053,266461.1053,267721.0053,1259.9,1259.9,333.3,0.264545,1,p:2.1.3.1.2.2
U1725,69,FUSE1,266465.7053,266465.7053,267317.0053,851.3,851.3,333.3,0.391519,1,p:1.1.4.1.2.2
U1726,69,FUSE1,266504.3053,266504.3053,267360.2053,855.9,855.9,333.3,0.389415,1,p:2.1.1.1.2.2
U1727,69,FUSE1,266672.3053,266672.3053,267507.8053,835.5,835.5,333.3,0.398923,1,p:1.1.5.1.2.2
U1728,69,FUSE1,266746.3053,266746.3053,267433.8053,687.5,687.5,333.3,0.4848,1,p:2.1.2.1.2.2
U1729,69,FUSE1,266770.7053,266770.7053,267622.6053,851.9,851.9,333.3,0.391243,1,p:1.1.4.1.2.2
U1730,69,FUSE2,266799.1053,266799.1053,268059.0053,1259.9,1259.9,365.7,0.290261,1,p:2.1.3.1.2.2
U1731,69,FUSE2,266842.3053,266842.3053,267698.2053,855.9,855.9,365.7,0.42727,1,p:1.1.1.1.2.2
U1732,69,FUSE2,266915.9053,266915.9053,267845.8053,929.9,929.9,365.7,0.393268,1,p:2.1.5.1.2.2
U1733,69,FUSE2,266989.9053,266989.9053,267771.8053,781.9,781.9,365.7,0.467707,1,p:1.1.2.1.2.2
U1734,69,FUSE2,267042.7053,267042.7053,267960.6053,917.9,917.9,365.7,0.398409,1,p:2.1.4.1.2.2
U1735,69,FUSE2,267085.9053,267085.9053,268397.0053,1311.1,1311.1,365.7,0.278926,1,p:1.1.3.1.2.2
U1736,69,FUSE2,267108.7053,267108.7053,268036.2053,927.5,927.5,365.7,0.394286,1,p:2.1.1.1.2.2
U1019,41,FUSE0,267159.5053,267159.5053,268089.4053,929.9,929.9,271.3,0.291752,1,p:1.1.5.1.2.2
U1020,41,FUSE0,267233.5053,267233.5053,268204.2053,970.7,970.7,271.3,0.279489,1,p:2.1.4.1.2.2
U1021,41,FUSE0,267348.3053,267348.3053,268015.4053,667.1,667.1,271.3,0.406686,1,p:1.1.2.1.2.2
U1022,41,FUSE0,267391.5053,267391.5053,268643.2053,1251.7,1251.7,271.3,0.216745,1,p:2.1.3.1.2.2
U1023,41,FUSE0,267446.7053,267446.7053,268333.0053,886.3,886.3,271.3,0.306104,1,p:1.1.5.1.2.2
U1024,41,FUSE0,267465.1053,267465.1053,268259.0053,793.9,793.9,271.3,0.341731,1,p:2.1.2.1.2.2
U1025,41,FUSE0,267539.1053,267539.1053,268279.8053,740.7,740.7,271.3,0.366275,1,p:1.1.1.1.2.2
U1026,41,FUSE0,267653.9053,267653.9053,268447.8053,793.9,793.9,271.3,0.341731,1,p:2.1.4.1.2.2
U1027,41,FUSE1,267729.5053,267729.5053,268948.8053,1219.3,1219.3,333.3,0.273354,1,p:1.1.3.1.2.2
U1028,41,FUSE1,267752.3053,267752.3053,268638.6053,886.3,886.3,333.3,0.376058,1,p:2.1.5.1.2.2
U1029,41,FUSE1,267803.1053,267803.1053,268564.6053,761.5,761.5,333.3,0.437689,1,p:1.1.2.1.2.2
U1030,41,FUSE1,267877.1053,267877.1053,268753.4053,876.3,876.3,333.3,0.380349,1,p:2.1.4.1.2.2
U1031,41,FUSE1,267991.9053,267991.9053,268612.2053,620.3,620.3,333.3,0.537321,1,p:1.1.1.1.2.2
U1032,41,FUSE1,268046.7053,268046.7053,269251.8053,1205.1,1205.1,333.3,0.276575,1,p:2.1.3.1.2.2
U1033,41,FUSE1,268067.5053,268067.5053,268944.2053,876.7,876.7,333.3,0.380176,1,p:1.1.5.1.2.2
U1034,41,FUSE1,268090.3053,268090.3053,268870.2053,779.9,779.9,333.3,0.427362,1,p:2.1.2.1.2.2
U1035,41,FUSE2,268120.7053,268120.7053,268953.4053,832.7,832.7,365.7,0.439174,1,p:1.2.1.1.2.2
U1036,41,FUSE2,268235.5053,268235.5053,269091.4053,855.9,855.9,365.7,0.42727,1,p:2.1.4.1.2.2
U1037,41,FUSE2,268290.3053,268290.3053,269589.8053,1299.5,1299.5,365.7,0.281416,1,p:1.1.3.1.2.2
U1038,41,FUSE2,268311.1053,268311.1053,269282.2053,971.1,971.1,365.7,0.376583,1,p:2.1.5.1.2.2
U1039,41,FUSE2,268364.3053,268364.3053,269208.2053,843.9,843.9,365.7,0.433345,1,p:1.1.2.1.2.2
U1040,41,FUSE2,268428.3053,268428.3053,269429.4053,1001.1,1001.1,365.7,0.365298,1,p:2.1.4.1.2.2
U1041,41,FUSE2,268479.1053,268479.1053,269288.2053,809.1,809.1,365.7,0.451984,1,p:1.1.1.1.2.2
U253,11,FUSE0,268595.9053,268595.9053,269833.4053,1237.5,1237.5,271.3,0.219232,1,p:2.1.3.1.2.2
U254,11,FUSE0,268643.5053,268643.5053,269525.8053,882.3,882.3,271.3,0.307492,1,p:1.1.5.1.2.2
U255,11,FUSE0,268669.9053,268669.9053,269451.8053,781.9,781.9,271.3,0.346975,1,p:2.1.2.1.2.2
U256,11,FUSE0,268674.5053,268674.5053,269531.8053,857.3,857.3,271.3,0.316459,1,p:1.2.1.1.2.2
U257,11,FUSE0,268784.7053,268784.7053,269673.0053,888.3,888.3,271.3,0.305415,1,p:2.1.4.1.2.2
U258,11,FUSE0,268901.5053,268901.5053,270079.6053,1178.1,1178.1,271.3,0.230286,1,p:1.1.3.1.2.2
U259,11,FUSE0,268975.5053,268975.5053,269769.4053,793.9,793.9,271.3,0.341731,1,p:2.1.5.1.2.2
U260,11,FUSE0,268980.1053,268980.1053,269695.4053,715.3,715.3,271.3,0.379281,1,p:1.1.2.1.2.2
U261,11,FUSE0,268984.7053,268984.7053,269916.6053,931.9,931.9,271.3,0.291126,1,p:2.1.4.1.2.2
U262,11,FUSE0,269122.7053,269122.7053,269775.4053,652.7,652.7,271.3,0.415658,1,p:1.1.1.1.2.2
U263,11,FUSE1,269239.5053,269239.5053,270385.2053,1145.7,1145.7,333.3,0.290914,1,p:2.1.3.1.2.2
U264,11,FUSE1,269283.1053,269283.1053,270075.0053,791.9,791.9,333.3,0.420886,1,p:1.1.5.1.2.2
U265,11,FUSE1,269313.5053,269313.5053,270084.2053,770.7,770.7,333.3,0.432464,1,p:2.1.1.1.2.2
U266,11,FUSE1,269319.5053,269319.5053,270001.0053,681.5,681.5,333.3,0.489068,1,p:1.1.2.1.2.2
U267,11,FUSE1,269460.7053,269460.7053,270222.2053,761.5,761.5,333.3,0.437689,1,p:2.1.4.1.2.2
U268,11,FUSE1,269483.1053,269483.1053,270688.2053,1205.1,1205.1,333.3,0.276575,1,p:1.1.3.1.2.2
U269,11,FUSE1,269557.1053,269557.1053,270380.6053,823.5,823.5,333.3,0.404736,1,p:2.1.5.1.2.2
U270,11,FUSE1,269563.1053,269563.1053,270306.6053,743.5,743.5,333.3,0.448285,1,p:1.1.2.1.2.2
U271,11,FUSE1,269621.1053,269621.1053,270527.8053,906.7,906.7,333.3,0.367597,1,p:2.1.4.1.2.2
U272,11,FUSE1,269704.3053,269704.3053,270389.8053,685.5,685.5,333.3,0.486214,1,p:1.1.1.1.2.2
U273,11,FUSE2,269726.7053,269726.7053,271026.2053,1299.5,1299.5,365.7,0.281416,1,p:2.1.3.1.2.2
U274,11,FUSE2,269800.7053,269800.7053,270718.6053,917.9,917.9,365.7,0.398409,1,p:1.1.5.1.2.2
U275,11,FUSE2,269806.7053,269806.7053,270724.6053,917.9,917.9,365.7,0.398409,1,p:2.1.1.1.2.2
U276,11,FUSE2,269864.7053,269864.7053,270644.6053,779.9,779.9,365.7,0.468906,1,p:1.1.2.1.2.2
U277,11,FUSE2,269947.9053,269947.9053,270865.8053,917.9,917.9,365.7,0.398409,1,p:2.1.4.1.2.2
U278,11,FUSE2,270032.3053,270032.3053,271364.2053,1331.9,1331.9,365.7,0.27457,1,p:1.1.3.1.2.2
U279,11,FUSE2,270106.3053,270106.3053,271056.6053,950.3,950.3,365.7,0.384826,1,p:2.1.5.1.2.2
U280,11,FUSE2,270110.9053,270110.9053,270982.6053,871.7,871.7,365.7,0.419525,1,p:1.1.2.1.2.2
U281,11,FUSE2,270115.5053,270115.5053,271203.8053,1088.3,1088.3,365.7,0.336029,1,p:2.1.4.1.2.2
U282,11,FUSE2,270253.5053,270253.5053,271062.6053,809.1,809.1,365.7,0.451984,1,p:1.1.1.1.2.2
U5751,230,FUSE0,270337.9053,270337.9053,271607.8053,1269.9,1269.9,271.3,0.213639,1,p:2.1.3.1.2.2
U5752,230,FUSE0,270411.9053,270411.9053,271300.2053,888.3,888.3,271.3,0.305415,1,p:1.1.5.1.2.2
U5753,230,FUSE0,270416.5053,270416.5053,271306.2053,889.7,889.7,271.3,0.304934,1,p:2.1.1.1.2.2
U5754,230,FUSE0,270421.1053,270421.1053,271226.2053,805.1,805.1,271.3,0.336977,1,p:1.1.2.1.2.2
U5755,230,FUSE0,270559.1053,270559.1053,271447.4053,888.3,888.3,271.3,0.305415,1,p:2.1.4.1.2.2
U5756,230,FUSE0,270675.9053,270675.9053,271854.0053,1178.1,1178.1,271.3,0.230286,1,p:1.1.3.1.2.2
U5757,230,FUSE0,270719.5053,270719.5053,271543.8053,824.3,824.3,271.3,0.329128,1,p:2.1.5.1.2.2
U5758,230,FUSE0,270749.9053,270749.9053,271469.8053,719.9,719.9,271.3,0.376858,1,p:1.1.2.1.2.2
U5759,230,FUSE0,270755.9053,270755.9053,271691.0053,935.1,935.1,271.3,0.290129,1,p:2.1.4.1.2.2
U5760,230,FUSE1,270897.1053,270897.1053,271612.4053,715.3,715.3,333.3,0.465958,1,p:1.1.1.2.2.2
U5761,230,FUSE1,271013.9053,271013.9053,272159.6053,1145.7,1145.7,333.3,0.290914,1,p:2.1.3.1.2.2
U5762,230,FUSE1,271057.5053,271057.5053,271849.4053,791.9,791.9,333.3,0.420886,1,p:1.1.5.1.2.2
U5763,230,FUSE1,271087.9053,271087.9053,271996.6053,908.7,908.7,333.3,0.366788,1,p:2.1.4.1.2.2
U5764,230,FUSE1,271093.9053,271093.9053,271775.4053,681.5,681.5,333.3,0.489068,1,p:1.1.2.1.2.2
U5765,230,FUSE1,271235.1053,271235.1053,271917.4053,682.3,682.3,333.3,0.488495,1,p:2.1.1.2.2.2
U5766,230,FUSE1,271257.5053,271257.5053,272462.6053,1205.1,1205.1,333.3,0.276575,1,p:1.1.3.1.2.2
U5767,230,FUSE1,271331.5053,271331.5053,272155.0053,823.5,823.5,333.3,0.404736,1,p:2.1.5.1.2.2
U5768,230,FUSE2,271337.5053,271337.5053,272113.4053,775.9,775.9,365.7,0.471324,1,p:1.1.2.1.2.2
U5769,230,FUSE2,271395.5053,271395.5053,272255.4053,859.9,859.9,365.7,0.425282,1,p:2.1.1.2.2.2
U5770,230,FUSE2,271478.7053,271478.7053,272334.6053,855.9,855.9,365.7,0.42727,1,p:1.1.4.1.2.2
U5771,230,FUSE2,271501.1053,271501.1053,272800.6053,1299.5,1299.5,365.7,0.281416,1,p:2.1.3.1.2.2
U5772,230,FUSE2,271575.1053,271575.1053,272493.0053,917.9,917.9,365.7,0.398409,1,p:1.1.5.1.2.2
U5773,230,FUSE2,271639.1053,271639.1053,272672.6053,1033.5,1033.5,365.7,0.353846,1,p:2.1.4.1.2.2
U5774,230,FUSE2,271643.7053,271643.7053,272451.4053,807.7,807.7,365.7,0.452767,1,p:1.1.2.1.2.2
U5775,230,FUSE2,271722.3053,271722.3053,272593.4053,871.1,871.1,365.7,0.419814,1,p:2.1.1.2.2.2
U5776,230,FUSE2,271806.7053,271806.7053,273138.6053,1331.9,1331.9,365.7,0.27457,1,p:1.1.3.1.2.2
U1537,62,FUSE0,271880.7053,271880.7053,272736.6053,855.9,855.9,271.3,0.316976,1,p:2.1.5.1.2.2
U1538,62,FUSE0,271885.3053,271885.3053,272695.0053,809.7,809.7,271.3,0.335062,1,p:1.1.2.1.2.2
U1539,62,FUSE0,271948.7053,271948.7053,272916.2053,967.5,967.5,271.3,0.280413,1,p:2.1.4.1.2.2
U1540,62,FUSE0,272027.9053,272027.9053,272837.0053,809.1,809.1,271.3,0.335311,1,p:1.1.1.2.2.2
U1541,62,FUSE0,272144.7053,272144.7053,272980.2053,835.5,835.5,271.3,0.324716,1,p:2.1.5.1.2.2
U1542,62,FUSE0,272186.3053,272186.3053,273382.2053,1195.9,1195.9,271.3,0.226858,1,p:1.1.3.1.2.2
U1543,62,FUSE0,272190.9053,272190.9053,273159.8053,968.9,968.9,271.3,0.280008,1,p:2.1.4.1.2.2
U1544,62,FUSE0,272286.7053,272286.7053,272938.6053,651.9,651.9,271.3,0.416168,1,p:1.1.2.1.2.2
U1545,62,FUSE1,272365.9053,272365.9053,273143.2053,777.3,777.3,333.3,0.428792,1,p:2.1.1.1.2.2
U1546,62,FUSE1,272482.7053,272482.7053,273285.8053,803.1,803.1,333.3,0.415017,1,p:1.1.5.1.2.2
U1547,62,FUSE1,272493.9053,272493.9053,273687.8053,1193.9,1193.9,333.3,0.279169,1,p:2.1.3.1.2.2
U1548,62,FUSE1,272524.3053,272524.3053,273244.2053,719.9,719.9,333.3,0.462981,1,p:1.1.2.1.2.2
U1549,62,FUSE1,272624.7053,272624.7053,273465.4053,840.7,840.7,333.3,0.396455,1,p:2.1.4.1.2.2
U1550,62,FUSE1,272703.9053,272703.9053,273448.2053,744.3,744.3,333.3,0.447803,1,p:1.1.1.1.2.2
U1551,62,FUSE1,272726.3053,272726.3053,273591.4053,865.1,865.1,333.3,0.385273,1,p:2.1.5.1.2.2
U1552,62,FUSE1,272767.9053,272767.9053,273993.4053,1225.5,1225.5,333.3,0.271971,1,p:1.1.3.1.2.2
U1553,62,FUSE2,272831.9053,272831.9053,273803.4053,971.5,971.5,365.7,0.376428,1,p:2.1.4.1.2.2
U1554,62,FUSE2,272868.3053,272868.3053,273582.2053,713.9,713.9,365.7,0.512257,1,p:1.1.2.1.2.2
U1555,62,FUSE2,272947.5053,272947.5053,273786.2053,838.7,838.7,365.7,0.436032,1,p:2.1.1.1.2.2
U1556,62,FUSE2,272969.9053,272969.9053,273929.4053,959.5,959.5,365.7,0.381136,1,p:1.1.5.1.2.2
U1557,62,FUSE2,273011.5053,273011.5053,274331.4053,1319.9,1319.9,365.7,0.277066,1,p:2.1.3.1.2.2
U1558,62,FUSE2,273169.9053,273169.9053,273920.2053,750.3,750.3,365.7,0.487405,1,p:1.2.2.1.2.2
U1559,62,FUSE2,273174.5053,273174.5053,274141.4053,966.9,966.9,365.7,0.378219,1,p:2.1.4.1.2.2
U1560,62,FUSE2,273191.1053,273191.1053,274124.2053,933.1,933.1,365.7,0.391919,1,p:1.1.1.2.2.2
U1561,62,FUSE2,273275.5053,273275.5053,274267.4053,991.9,991.9,365.7,0.368686,1,p:2.1.5.1.2.2
U3089,124,FUSE0,273317.1053,273317.1053,274575.0053,1257.9,1257.9,271.3,0.215677,1,p:1.1.3.1.2.2
U3090,124,FUSE0,273413.5053,273413.5053,274385.0053,971.5,971.5,271.3,0.279259,1,p:2.1.4.1.2.2
U3091,124,FUSE0,273479.5053,273479.5053,274163.8053,684.3,684.3,271.3,0.396464,1,p:1.1.2.2.2.2
U3092,124,FUSE0,273496.7053,273496.7053,274821.2053,1324.5,1324.5,271.3,0.204832,1,p:2.1.3.1.2.2
U3093,124,FUSE0,273613.5053,273613.5053,274367.8053,754.3,754.3,271.3,0.359671,1,p:1.1.1.2.2.2
U3094,124,FUSE0,273622.7053,273622.7053,274511.0053,888.3,888.3,271.3,0.305415,1,p:2.1.5.1.2.2
U3095,124,FUSE0,273719.1053,273719.1053,274407.4053,688.3,688.3,271.3,0.39416,1,p:1.2.2.2.2.2
U3096,124,FUSE0,273817.5053,273817.5053,274628.6053,811.1,811.1,271.3,0.334484,1,p:2.1.4.1.2.2
U3097,124,FUSE1,273834.7053,273834.7053,275126.8053,1292.1,1292.1,333.3,0.257952,1,p:1.1.3.1.2.2
U3098,124,FUSE1,273951.5053,273951.5053,274673.4053,721.9,721.9,333.3,0.461698,1,p:2.1.1.2.2.2
U3099,124,FUSE1,273960.7053,273960.7053,274816.6053,855.9,855.9,333.3,0.389415,1,p:1.1.5.1.2.2
U3100,124,FUSE1,274024.7053,274024.7053,274713.0053,688.3,688.3,333.3,0.484237,1,p:2.1.2.2.2.2
U3101,124,FUSE1,274155.5053,274155.5053,274934.2053,778.7,778.7,333.3,0.428021,1,p:1.1.4.1.2.2
U3102,124,FUSE1,274172.7053,274172.7053,275429.8053,1257.1,1257.1,333.3,0.265134,1,p:2.1.3.1.2.2
U3103,124,FUSE1,274195.1053,274195.1053,274979.0053,783.9,783.9,333.3,0.425182,1,p:1.1.1.2.2.2
U3104,124,FUSE1,274298.7053,274298.7053,275122.2053,823.5,823.5,333.3,0.404736,1,p:2.1.5.1.2.2
U3105,124,FUSE2,274362.7053,274362.7053,275055.4053,692.7,692.7,365.7,0.527934,1,p:1.1.2.1.2.2
U3106,124,FUSE2,274399.1053,274399.1053,275272.2053,873.1,873.1,365.7,0.418852,1,p:2.1.4.1.2.2
U3107,124,FUSE2,274416.3053,274416.3053,275767.8053,1351.5,1351.5,365.7,0.270588,1,p:1.1.3.1.2.2
U3108,124,FUSE2,274438.7053,274438.7053,275317.0053,878.3,878.3,365.7,0.416373,1,p:2.1.1.2.2.2
U3109,124,FUSE2,274542.3053,274542.3053,275460.2053,917.9,917.9,365.7,0.398409,1,p:1.1.5.1.2.2
U3110,124,FUSE2,274606.3053,274606.3053,275393.4053,787.1,787.1,365.7,0.464617,1,p:2.1.2.1.2.2
U3111,124,FUSE2,274659.9053,274659.9053,275610.2053,950.3,950.3,365.7,0.384826,1,p:1.1.4.1.2.2
U3112,124,FUSE2,274704.7053,274704.7053,276105.8053,1401.1,1401.1,365.7,0.261009,1,p:2.1.3.1.2.2
U3113,124,FUSE2,274744.3053,274744.3053,275655.0053,910.7,910.7,365.7,0.401559,1,p:1.1.1.2.2.2
U5831,233,FUSE0,274847.9053,274847.9053,275703.8053,855.9,855.9,271.3,0.316976,1,p:2.1.5.1.2.2
U5832,233,FUSE0,274852.5053,274852.5053,275637.0053,784.5,784.5,271.3,0.345825,1,p:1.1.2.1.2.2
U5833,233,FUSE0,274965.5053,274965.5053,275853.8053,888.3,888.3,271.3,0.305415,1,p:2.1.4.1.2.2
U5834,233,FUSE0,275010.3053,275010.3053,275947.4053,937.1,937.1,271.3,0.28951,1,p:1.1.5.1.2.2
U5835,233,FUSE0,275086.7053,275086.7053,276349.4053,1262.7,1262.7,271.3,0.214857,1,p:2.1.3.1.2.2
U5836,233,FUSE0,275153.5053,275153.5053,275898.6053,745.1,745.1,271.3,0.364112,1,p:1.1.1.2.2.2
U5837,233,FUSE0,275158.1053,275158.1053,276097.4053,939.3,939.3,271.3,0.288832,1,p:2.1.4.1.2.2
U5838,233,FUSE0,275303.5053,275303.5053,275903.2053,599.7,599.7,271.3,0.452393,1,p:1.1.2.1.2.2
U5839,233,FUSE1,275348.3053,275348.3053,276253.0053,904.7,904.7,333.3,0.368409,1,p:2.1.5.1.2.2
U5840,233,FUSE1,275424.7053,275424.7053,276655.0053,1230.3,1230.3,333.3,0.27091,1,p:1.1.3.1.2.2
U5841,233,FUSE1,275461.1053,275461.1053,276204.2053,743.1,743.1,333.3,0.448526,1,p:2.1.1.2.2.2
U5842,233,FUSE1,275491.5053,275491.5053,276208.8053,717.3,717.3,333.3,0.464659,1,p:1.1.2.1.2.2
U5843,233,FUSE1,275641.5053,275641.5053,276403.0053,761.5,761.5,333.3,0.437689,1,p:2.1.4.1.2.2
U5844,233,FUSE1,275668.3053,275668.3053,276558.6053,890.3,890.3,333.3,0.374368,1,p:1.1.5.1.2.2
U5845,233,FUSE1,275686.3053,275686.3053,276960.6053,1274.3,1274.3,333.3,0.261555,1,p:2.1.3.1.2.2
U5846,233,FUSE1,275735.1053,275735.1053,276509.8053,774.7,774.7,333.3,0.430231,1,p:1.1.1.2.2.2
U5847,233,FUSE2,275799.1053,275799.1053,276545.4053,746.3,746.3,365.7,0.490017,1,p:2.1.2.1.2.2
U5848,233,FUSE2,275885.1053,275885.1053,276741.0053,855.9,855.9,365.7,0.42727,1,p:1.2.4.1.2.2
U5849,233,FUSE2,275929.9053,275929.9053,276896.6053,966.7,966.7,365.7,0.378297,1,p:2.1.5.1.2.2
U5850,233,FUSE2,275934.5053,275934.5053,277298.6053,1364.1,1364.1,365.7,0.268089,1,p:1.1.3.1.2.2
U5851,233,FUSE2,275978.7053,275978.7053,276883.4053,904.7,904.7,365.7,0.404222,1,p:2.1.2.1.2.2
U5852,233,FUSE2,276128.7053,276128.7053,276847.8053,719.1,719.1,365.7,0.508552,1,p:1.1.1.2.2.2
U5853,233,FUSE2,276137.1053,276137.1053,277079.0053,941.9,941.9,365.7,0.388258,1,p:2.1.4.1.2.2
U4674,187,FUSE0,276235.5053,276235.5053,277140.2053,904.7,904.7,271.3,0.299878,1,p:1.1.5.1.2.2
U4675,187,FUSE0,276240.1053,276240.1053,277542.2053,1302.1,1302.1,271.3,0.208356,1,p:2.1.3.1.2.2
U4676,187,FUSE0,276284.3053,276284.3053,277091.4053,807.1,807.1,271.3,0.336142,1,p:1.1.1.2.2.2
U4677,187,FUSE0,276380.7053,276380.7053,277127.0053,746.3,746.3,271.3,0.363527,1,p:2.1.2.1.2.2
U4678,187,FUSE0,276434.3053,276434.3053,277322.6053,888.3,888.3,271.3,0.305415,1,p:1.2.4.1.2.2
U4679,187,FUSE0,276541.1053,276541.1053,277383.8053,842.7,842.7,271.3,0.321941,1,p:2.1.5.1.2.2
U4680,187,FUSE0,276576.7053,276576.7053,277785.8053,1209.1,1209.1,271.3,0.224382,1,p:1.1.3.1.2.2
U4681,187,FUSE0,276589.9053,276589.9053,277335.0053,745.1,745.1,271.3,0.364112,1,p:2.1.1.2.2.2
U4682,187,FUSE0,276686.3053,276686.3053,277370.6053,684.3,684.3,271.3,0.396464,1,p:1.2.2.1.2.2
U4683,187,FUSE1,276772.3053,276772.3053,277628.2053,855.9,855.9,333.3,0.389415,1,p:2.1.4.1.2.2
U4684,187,FUSE1,276879.1053,276879.1053,277689.4053,810.3,810.3,333.3,0.411329,1,p:1.1.5.1.2.2
U4685,187,FUSE1,276914.7053,276914.7053,278091.4053,1176.7,1176.7,333.3,0.28325,1,p:2.1.3.1.2.2
U4686,187,FUSE1,276927.9053,276927.9053,277640.6053,712.7,712.7,333.3,0.467658,1,p:1.1.1.2.2.2
U4687,187,FUSE1,276991.9053,276991.9053,277933.8053,941.9,941.9,333.3,0.353859,1,p:2.1.4.1.2.2
U4688,187,FUSE1,277110.3053,277110.3053,277770.6053,660.3,660.3,333.3,0.504771,1,p:1.1.2.1.2.2
U4689,187,FUSE1,277122.7053,277122.7053,277995.0053,872.3,872.3,333.3,0.382093,1,p:2.1.5.1.2.2
U4690,187,FUSE1,277158.3053,277158.3053,278397.0053,1238.7,1238.7,333.3,0.269072,1,p:1.1.3.1.2.2
U4691,187,FUSE1,277171.5053,277171.5053,277946.2053,774.7,774.7,333.3,0.430231,1,p:2.1.1.2.2.2
U4692,187,FUSE1,277329.9053,277329.9053,278076.2053,746.3,746.3,333.3,0.446603,1,p:1.2.2.1.2.2
U4693,187,FUSE2,277353.9053,277353.9053,278271.8053,917.9,917.9,365.7,0.398409,1,p:2.1.4.1.2.2
U4694,187,FUSE2,277366.3053,277366.3053,278333.0053,966.7,966.7,365.7,0.378297,1,p:1.1.5.1.2.2
U4695,187,FUSE2,277401.9053,277401.9053,278735.0053,1333.1,1333.1,365.7,0.274323,1,p:2.1.3.1.2.2
U4696,187,FUSE2,277415.1053,277415.1053,278284.2053,869.1,869.1,365.7,0.42078,1,p:1.1.1.2.2.2
U4697,187,FUSE2,277573.5053,277573.5053,278609.8053,1036.3,1036.3,365.7,0.35289,1,p:2.1.4.1.2.2
U4698,187,FUSE2,277659.5053,277659.5053,278414.2053,754.7,754.7,365.7,0.484563,1,p:1.1.2.1.2.2
U4699,187,FUSE2,277671.9053,277671.9053,278671.0053,999.1,999.1,365.7,0.366029,1,p:2.1.5.1.2.2
U4700,187,FUSE2,277720.7053,277720.7053,279073.0053,1352.3,1352.3,365.7,0.270428,1,p:1.1.3.1.2.2
U4701,187,FUSE2,277801.9053,277801.9053,278622.2053,820.3,820.3,365.7,0.445813,1,p:2.1.1.2.2.2
U7073,283,FUSE0,277817.1053,277817.1053,278657.8053,840.7,840.7,271.3,0.322707,1,p:1.2.2.1.2.2
U7074,283,FUSE0,277965.1053,277965.1053,278853.4053,888.3,888.3,271.3,0.305415,1,p:2.1.4.1.2.2
U7075,283,FUSE0,277977.5053,277977.5053,278901.4053,923.9,923.9,271.3,0.293646,1,p:1.1.2.1.2.2
U7076,283,FUSE0,278026.3053,278026.3053,278914.6053,888.3,888.3,271.3,0.305415,1,p:2.1.5.1.2.2
U7077,283,FUSE0,278107.5053,278107.5053,279316.6053,1209.1,1209.1,271.3,0.224382,1,p:1.1.3.1.2.2
U7078,283,FUSE0,278122.7053,278122.7053,279097.0053,974.3,974.3,271.3,0.278456,1,p:2.1.4.1.2.2
U7079,283,FUSE0,278303.1053,278303.1053,278865.8053,562.7,562.7,271.3,0.48214,1,p:1.1.1.2.2.2
U7080,283,FUSE0,278315.5053,278315.5053,279145.0053,829.5,829.5,271.3,0.327064,1,p:2.1.2.1.2.2
U7081,283,FUSE0,278364.3053,278364.3053,279158.2053,793.9,793.9,271.3,0.341731,1,p:1.1.5.1.2.2
U7082,283,FUSE0,278428.3053,278428.3053,279560.2053,1131.9,1131.9,271.3,0.239685,1,p:2.1.3.1.2.2
U7083,283,FUSE1,278445.5053,278445.5053,279171.4053,725.9,725.9,333.3,0.459154,1,p:1.2.1.1.2.2
U7084,283,FUSE1,278641.1053,278641.1053,279404.2053,763.1,763.1,333.3,0.436771,1,p:2.1.4.1.2.2
U7085,283,FUSE1,278653.5053,278653.5053,279450.6053,797.1,797.1,333.3,0.418141,1,p:1.1.2.1.2.2
U7086,283,FUSE1,278689.1053,278689.1053,279493.0053,803.9,803.9,333.3,0.414604,1,p:2.1.5.1.2.2
U7087,283,FUSE1,278702.3053,278702.3053,279865.8053,1163.5,1163.5,333.3,0.286463,1,p:1.1.3.1.2.2
U7088,283,FUSE1,278766.3053,278766.3053,279477.0053,710.7,710.7,333.3,0.468974,1,p:2.1.1.1.2.2
U7089,283,FUSE1,278884.7053,278884.7053,279709.8053,825.1,825.1,333.3,0.403951,1,p:1.2.4.1.2.2
U7090,283,FUSE1,278897.1053,278897.1053,279798.6053,901.5,901.5,333.3,0.369717,1,p:2.1.5.1.2.2
U7091,283,FUSE1,278932.7053,278932.7053,279756.2053,823.5,823.5,333.3,0.404736,1,p:1.1.2.1.2.2
U7092,283,FUSE1,278945.9053,278945.9053,280171.4053,1225.5,1225.5,333.3,0.271971,1,p:2.1.3.1.2.2
U7093,283,FUSE2,279104.3053,279104.3053,279815.0053,710.7,710.7,365.7,0.514563,1,p:1.1.1.1.2.2
U7094,283,FUSE2,279128.3053,279128.3053,280047.8053,919.5,919.5,365.7,0.397716,1,p:2.1.4.1.2.2
U7095,283,FUSE2,279176.3053,279176.3053,280094.2053,917.9,917.9,365.7,0.398409,1,p:1.1.2.1.2.2
U7096,283,FUSE2,279189.5053,279189.5053,280136.6053,947.1,947.1,365.7,0.386126,1,p:2.1.5.1.2.2
U7097,283,FUSE2,279202.7053,279202.7053,280509.4053,1306.7,1306.7,365.7,0.279865,1,p:1.1.3.1.2.2
U7098,283,FUSE2,279347.9053,279347.9053,280153.0053,805.1,805.1,365.7,0.454229,1,p:2.1.1.1.2.2
U7099,283,FUSE2,279435.5053,279435.5053,280385.8053,950.3,950.3,365.7,0.384826,1,p:1.1.4.1.2.2
U7100,283,FUSE2,279481.9053,279481.9053,280474.6053,992.7,992.7,365.7,0.368389,1,p:2.1.5.1.2.2
U7101,283,FUSE2,279508.3053,279508.3053,280432.2053,923.9,923.9,365.7,0.395822,1,p:1.1.2.1.2.2
U7102,283,FUSE2,279524.3053,279524.3053,280847.4053,1323.1,1323.1,365.7,0.276396,1,p:2.1.3.1.2.2
U8327,333,FUSE0,279591.5053,279591.5053,280396.6053,805.1,805.1,271.3,0.336977,1,p:1.2.1.2.2.2
U8328,333,FUSE0,279741.1053,279741.1053,280629.4053,888.3,888.3,271.3,0.305415,1,p:2.1.4.1.2.2
U8329,333,FUSE0,279787.5053,279787.5053,280675.8053,888.3,888.3,271.3,0.305415,1,p:1.1.2.1.2.2
U8330,333,FUSE0,279829.9053,279829.9053,280718.2053,888.3,888.3,271.3,0.305415,1,p:2.1.5.1.2.2
U8331,333,FUSE0,279846.3053,279846.3053,281091.0053,1244.7,1244.7,271.3,0.217964,1,p:1.1.3.1.2.2
U8332,333,FUSE0,279897.1053,279897.1053,280640.2053,743.1,743.1,271.3,0.365092,1,p:2.1.1.2.2.2
U8333,333,FUSE0,280079.1053,280079.1053,280873.0053,793.9,793.9,271.3,0.341731,1,p:1.1.4.1.2.2
U8334,333,FUSE0,280125.5053,280125.5053,280961.8053,836.3,836.3,271.3,0.324405,1,p:2.1.5.1.2.2
U8335,333,FUSE0,280167.9053,280167.9053,280919.4053,751.5,751.5,271.3,0.361011,1,p:1.1.2.1.2.2
U8336,333,FUSE1,280184.3053,280184.3053,281396.6053,1212.3,1212.3,333.3,0.274932,1,p:2.1.3.1.2.2
U8337,333,FUSE1,280202.7053,280202.7053,280945.8053,743.1,743.1,333.3,0.448526,1,p:1.2.1.2.2.2
U8338,333,FUSE1,280417.1053,280417.1053,281178.6053,761.5,761.5,333.3,0.437689,1,p:2.1.4.1.2.2
U8339,333,FUSE1,280427.9053,280427.9053,281225.0053,797.1,797.1,333.3,0.418141,1,p:1.1.2.1.2.2
U8340,333,FUSE1,280463.5053,280463.5053,281267.4053,803.9,803.9,333.3,0.414604,1,p:2.1.5.1.2.2
U8341,333,FUSE1,280505.9053,280505.9053,281702.2053,1196.3,1196.3,333.3,0.278609,1,p:1.1.3.1.2.2
U8342,333,FUSE1,280540.7053,280540.7053,281251.4053,710.7,710.7,333.3,0.468974,1,p:2.1.1.2.2.2
U8343,333,FUSE1,280660.7053,280660.7053,281484.2053,823.5,823.5,333.3,0.404736,1,p:1.2.4.1.2.2
U8344,333,FUSE1,280671.5053,280671.5053,281573.0053,901.5,901.5,333.3,0.369717,1,p:2.1.5.1.2.2
U8345,333,FUSE2,280707.1053,280707.1053,281563.0053,855.9,855.9,365.7,0.42727,1,p:1.1.2.2.2.2
U8346,333,FUSE2,280749.5053,280749.5053,282040.2053,1290.7,1290.7,365.7,0.283335,1,p:2.1.3.1.2.2
U8347,333,FUSE2,280878.7053,280878.7053,281589.4053,710.7,710.7,365.7,0.514563,1,p:1.1.1.2.2.2
U8348,333,FUSE2,280904.3053,280904.3053,281822.2053,917.9,917.9,365.7,0.398409,1,p:2.1.4.1.2.2
U8349,333,FUSE2,280950.7053,280950.7053,281911.0053,960.3,960.3,365.7,0.380818,1,p:1.1.5.1.2.2
U8350,333,FUSE2,280977.1053,280977.1053,281901.0053,923.9,923.9,365.7,0.395822,1,p:2.1.2.2.2.2
U8351,333,FUSE2,280993.1053,280993.1053,282378.2053,1385.1,1385.1,365.7,0.264024,1,p:1.1.3.1.2.2
U8352,333,FUSE2,281122.3053,281122.3053,281927.4053,805.1,805.1,365.7,0.454229,1,p:2.1.1.2.2.2
U5010,200,FUSE0,281209.9053,281209.9053,282065.8053,855.9,855.9,271.3,0.316976,1,p:1.1.4.1.2.2
U5011,200,FUSE0,281256.3053,281256.3053,282144.6053,888.3,888.3,271.3,0.305415,1,p:2.1.2.2.2.2
U5012,200,FUSE0,281282.7053,281282.7053,282154.6053,871.9,871.9,271.3,0.31116,1,p:1.1.5.1.2.2
U5013,200,FUSE0,281298.7053,281298.7053,282621.8053,1323.1,1323.1,271.3,0.205049,1,p:2.1.3.1.2.2
U5014,200,FUSE0,281427.9053,281427.9053,282171.0053,743.1,743.1,271.3,0.365092,1,p:1.1.1.2.2.2
U5015,200,FUSE0,281515.5053,281515.5053,282309.4053,793.9,793.9,271.3,0.341731,1,p:2.1.4.1.2.2
U5016,200,FUSE0,281594.3053,281594.3053,282398.2053,803.9,803.9,271.3,0.33748,1,p:1.1.5.1.2.2
U5017,200,FUSE0,281604.3053,281604.3053,282388.2053,783.9,783.9,271.3,0.34609,1,p:2.1.2.2.2.2
U5018,200,FUSE1,281620.7053,281620.7053,282927.4053,1306.7,1306.7,333.3,0.25507,1,p:1.1.3.1.2.2
U5019,200,FUSE1,281733.5053,281733.5053,282476.6053,743.1,743.1,333.3,0.448526,1,p:2.1.1.2.2.2
U5020,200,FUSE1,281853.5053,281853.5053,282615.0053,761.5,761.5,333.3,0.437689,1,p:1.1.4.1.2.2
U5021,200,FUSE1,281932.3053,281932.3053,282733.0053,800.7,800.7,333.3,0.416261,1,p:2.1.5.1.2.2
U5022,200,FUSE1,281942.3053,281942.3053,282693.8053,751.5,751.5,333.3,0.443513,1,p:1.1.2.2.2.2
U5023,200,FUSE1,281958.7053,281958.7053,283233.0053,1274.3,1274.3,333.3,0.261555,1,p:2.1.3.1.2.2
U5024,200,FUSE1,282071.5053,282071.5053,282782.2053,710.7,710.7,333.3,0.468974,1,p:1.1.1.2.2.2
U5025,200,FUSE1,282097.1053,282097.1053,282920.6053,823.5,823.5,333.3,0.404736,1,p:2.1.4.1.2.2
U5026,200,FUSE2,282175.9053,282175.9053,283071.0053,895.1,895.1,365.7,0.408558,1,p:1.1.5.1.2.2
U5027,200,FUSE2,282185.9053,282185.9053,283031.8053,845.9,845.9,365.7,0.432321,1,p:2.1.2.2.2.2
U5028,200,FUSE2,282202.3053,282202.3053,283571.0053,1368.7,1368.7,365.7,0.267188,1,p:1.1.3.1.2.2
U5029,200,FUSE2,282340.7053,282340.7053,283120.2053,779.5,779.5,365.7,0.469147,1,p:2.1.1.2.2.2
U5030,200,FUSE2,282409.5053,282409.5053,283258.6053,849.1,849.1,365.7,0.430691,1,p:1.1.4.1.2.2
U5031,200,FUSE2,282419.5053,282419.5053,283409.0053,989.5,989.5,365.7,0.369581,1,p:2.1.5.1.2.2
U5032,200,FUSE2,282429.5053,282429.5053,283369.8053,940.3,940.3,365.7,0.388918,1,p:1.1.2.2.2.2
U5033,200,FUSE2,282507.9053,282507.9053,283909.0053,1401.1,1401.1,365.7,0.261009,1,p:2.1.3.1.2.2
U8505,340,FUSE0,282646.3053,282646.3053,283363.8053,717.5,717.5,271.3,0.378118,1,p:1.1.1.1.2.2
U8506,340,FUSE0,282653.1053,282653.1053,283502.2053,849.1,849.1,271.3,0.319515,1,p:2.1.4.1.2.2
U8507,340,FUSE0,282725.1053,282725.1053,283652.6053,927.5,927.5,271.3,0.292507,1,p:1.1.5.1.2.2
U8508,340,FUSE0,282764.3053,282764.3053,283613.4053,849.1,849.1,271.3,0.319515,1,p:2.1.2.2.2.2
U8509,340,FUSE0,282813.5053,282813.5053,283607.4053,793.9,793.9,271.3,0.341731,1,p:1.1.1.1.2.2
U8510,340,FUSE0,282951.9053,282951.9053,283745.8053,793.9,793.9,271.3,0.341731,1,p:2.1.4.1.2.2
U8511,340,FUSE1,282958.7053,282958.7053,284214.6053,1255.9,1255.9,333.3,0.265387,1,p:1.1.3.1.2.2
U8512,340,FUSE1,283063.1053,283063.1053,283958.2053,895.1,895.1,333.3,0.372361,1,p:2.1.5.1.2.2
U8513,340,FUSE1,283102.3053,283102.3053,283919.0053,816.7,816.7,333.3,0.408106,1,p:1.1.2.2.2.2
U8514,340,FUSE1,283151.5053,283151.5053,283913.6053,762.1,762.1,333.3,0.437344,1,p:2.1.1.1.2.2
U8515,340,FUSE1,283264.3053,283264.3053,284051.4053,787.1,787.1,333.3,0.423453,1,p:1.1.4.1.2.2
U8516,340,FUSE1,283289.9053,283289.9053,284520.2053,1230.3,1230.3,333.3,0.27091,1,p:2.1.3.1.2.2
U8517,340,FUSE2,283395.1053,283395.1053,284296.2053,901.1,901.1,365.7,0.405837,1,p:1.1.5.1.2.2
U8518,340,FUSE2,283401.1053,283401.1053,284257.0053,855.9,855.9,365.7,0.42727,1,p:2.1.2.2.2.2
U8519,340,FUSE2,283440.3053,283440.3053,284251.0053,810.7,810.7,365.7,0.451092,1,p:1.1.1.1.2.2
U8520,340,FUSE2,283533.5053,283533.5053,284389.4053,855.9,855.9,365.7,0.42727,1,p:2.1.4.1.2.2
U8521,340,FUSE2,283602.3053,283602.3053,284858.2053,1255.9,1255.9,365.7,0.291186,1,p:1.1.3.1.2.2
U8522,340,FUSE2,283638.7053,283638.7053,284637.6053,998.9,998.9,365.7,0.366103,1,p:2.1.5.1.2.2
U8683,348,FUSE0,283644.7053,283644.7053,284500.6053,855.9,855.9,271.3,0.316976,1,p:1.1.2.1.2.2
U8684,348,FUSE0,283683.9053,283683.9053,284494.6053,810.7,810.7,271.3,0.334649,1,p:2.1.1.2.2.2
U8685,348,FUSE0,283777.1053,283777.1053,284633.0053,855.9,855.9,271.3,0.316976,1,p:1.1.4.1.2.2
U8686,348,FUSE0,283940.3053,283940.3053,285101.8053,1161.5,1161.5,271.3,0.233577,1,p:2.1.3.1.2.2
U8687,348,FUSE0,283944.9053,283944.9053,284744.2053,799.3,799.3,271.3,0.339422,1,p:1.1.2.1.2.2
U8688,348,FUSE0,283950.3053,283950.3053,284881.2053,930.9,930.9,271.3,0.291438,1,p:2.1.5.1.2.2
U8689,348,FUSE0,283989.5053,283989.5053,284738.2053,748.7,748.7,271.3,0.362361,1,p:1.1.1.2.2.2
U8690,348,FUSE0,284082.7053,284082.7053,284876.6053,793.9,793.9,271.3,0.341731,1,p:2.1.4.1.2.2
U8691,348,FUSE0,284245.9053,284245.9053,285345.4053,1099.5,1099.5,271.3,0.246749,1,p:1.1.3.1.2.2
U8692,348,FUSE1,284282.3053,284282.3053,285049.8053,767.5,767.5,333.3,0.434267,1,p:2.1.2.1.2.2
U8693,348,FUSE1,284288.3053,284288.3053,285186.8053,898.5,898.5,333.3,0.370952,1,p:1.1.5.1.2.2
U8694,348,FUSE1,284327.5053,284327.5053,285043.8053,716.3,716.3,333.3,0.465308,1,p:2.1.1.2.2.2
U8695,348,FUSE1,284420.7053,284420.7053,285182.2053,761.5,761.5,333.3,0.437689,1,p:1.1.4.1.2.2
U8696,348,FUSE1,284525.9053,284525.9053,285651.0053,1125.1,1125.1,333.3,0.29624,1,p:2.1.3.1.2.2
U8697,348,FUSE1,284531.9053,284531.9053,285355.4053,823.5,823.5,333.3,0.404736,1,p:1.1.2.1.2.2
U8698,348,FUSE1,284551.5053,284551.5053,285492.4053,940.9,940.9,333.3,0.354235,1,p:2.1.5.1.2.2
U8699,348,FUSE1,284664.3053,284664.3053,285350.0053,685.7,685.7,333.3,0.486073,1,p:1.1.1.2.2.2
U8700,348,FUSE1,284668.9053,284668.9053,285487.8053,818.9,818.9,333.3,0.407009,1,p:2.1.4.1.2.2
E245,351,FUSE0,284769.5053,284769.5053,285894.6053,1125.1,1125.1,271.3,0.241134,1,p:1.1.3.1.2.2
E246,351,FUSE0,284775.5053,284775.5053,285731.4053,955.9,955.9,271.3,0.283816,1,p:2.1.4.1.2.2
E247,351,FUSE0,284889.5053,284889.5053,285599.0053,709.5,709.5,271.3,0.382382,1,p:1.1.2.1.2.2
E248,351,FUSE0,284907.9053,284907.9053,285593.0053,685.1,685.1,271.3,0.396001,1,p:2.1.1.1.2.2
E249,351,FUSE0,284912.5053,284912.5053,286138.2053,1225.7,1225.7,271.3,0.221343,1,p:1.2.3.1.2.2
E250,351,FUSE0,285075.1053,285075.1053,285975.0053,899.9,899.9,271.3,0.301478,1,p:2.1.4.1.2.2
E251,351,FUSE0,285081.1053,285081.1053,285841.2053,760.1,760.1,271.3,0.356927,1,p:1.2.5.1.2.2
E252,351,FUSE0,285133.1053,285133.1053,285845.8053,712.7,712.7,271.3,0.380665,1,p:2.1.2.1.2.2
E253,351,FUSE0,285213.5053,285213.5053,285836.6053,623.1,623.1,271.3,0.435404,1,p:1.1.1.1.2.2
E254,351,FUSE1,285218.1053,285218.1053,286443.8053,1225.7,1225.7,333.3,0.271926,1,p:2.1.3.1.2.2
E255,351,FUSE1,285376.7053,285376.7053,286280.6053,903.9,903.9,333.3,0.368735,1,p:1.1.4.1.2.2
E256,351,FUSE1,285381.3053,285381.3053,286181.6053,800.3,800.3,333.3,0.416469,1,p:2.1.5.1.2.2
E257,351,FUSE1,285386.7053,285386.7053,286148.2053,761.5,761.5,333.3,0.437689,1,p:1.2.2.2.2.2
E258,351,FUSE1,285519.1053,285519.1053,286159.4053,640.3,640.3,333.3,0.520537,1,p:2.1.1.2.2.2
E259,351,FUSE1,285523.7053,285523.7053,286749.4053,1225.7,1225.7,333.3,0.271926,1,p:1.2.3.1.2.2
E260,351,FUSE1,285624.3053,285624.3053,286487.2053,862.9,862.9,333.3,0.386256,1,p:2.1.5.1.2.2
E261,351,FUSE1,285630.3053,285630.3053,286453.8053,823.5,823.5,333.3,0.404736,1,p:1.2.2.2.2.2
E262,351,FUSE1,285682.3053,285682.3053,286465.0053,782.7,782.7,333.3,0.425834,1,p:2.1.1.2.2.2
E263,351,FUSE2,285762.7053,285762.7053,286618.6053,855.9,855.9,365.7,0.42727,1,p:1.1.4.1.2.2
E264,351,FUSE2,285867.9053,285867.9053,287087.4053,1219.5,1219.5,365.7,0.299877,1,p:2.1.3.1.2.2
E265,351,FUSE2,285872.5053,285872.5053,286825.2053,952.7,952.7,365.7,0.383856,1,p:1.2.5.1.2.2
E266,351,FUSE2,285877.1053,285877.1053,286791.8053,914.7,914.7,365.7,0.399803,1,p:2.1.2.2.2.2
E267,351,FUSE2,285925.9053,285925.9053,286803.0053,877.1,877.1,365.7,0.416942,1,p:1.1.1.2.2.2
E268,351,FUSE2,286006.3053,286006.3053,286956.6053,950.3,950.3,365.7,0.384826,1,p:2.1.4.1.2.2
E269,351,FUSE2,286169.5053,286169.5053,287425.4053,1255.9,1255.9,365.7,0.291186,1,p:1.1.3.1.2.2
E270,351,FUSE2,286179.5053,286179.5053,287129.8053,950.3,950.3,365.7,0.384826,1,p:2.1.2.2.2.2
E271,351,FUSE2,286190.7053,286190.7053,287163.2053,972.5,972.5,365.7,0.376041,1,p:1.1.5.1.2.2
E272,351,FUSE2,286212.9053,286212.9053,287141.0053,928.1,928.1,365.7,0.394031,1,p:2.1.1.2.2.2
U8701,348,FUSE2,286311.9053,286311.9053,287763.4053,1451.5,1451.5,365.7,0.251946,1,p:1.1.3.1.2.2
U8702,348,FUSE2,286475.1053,286475.1053,287501.2053,1026.1,1026.1,365.7,0.356398,1,p:2.1.5.1.2.2
U8703,348,FUSE2,286485.1053,286485.1053,287467.8053,982.7,982.7,365.7,0.372138,1,p:1.1.2.1.2.2
U8704,348,FUSE2,286496.3053,286496.3053,287479.0053,982.7,982.7,365.7,0.372138,1,p:2.1.1.2.2.2
U8705,348,FUSE2,286518.5053,286518.5053,287299.4053,780.9,780.9,365.7,0.468306,1,p:1.1.4.1.2.2
U8706,348,FUSE2,286649.9053,286649.9053,288101.4053,1451.5,1451.5,365.7,0.251946,1,p:2.1.3.1.2.2
U8707,348,FUSE2,286780.7053,286780.7053,287805.8053,1025.1,1025.1,365.7,0.356746,1,p:1.1.2.1.2.2
U8708,348,FUSE2,286823.1053,286823.1053,287839.2053,1016.1,1016.1,365.7,0.359906,1,p:2.1.5.1.2.2
U8709,348,FUSE2,286834.3053,286834.3053,287817.0053,982.7,982.7,365.7,0.372138,1,p:1.1.1.2.2.2
U1093,44,FUSE0,286856.5053,286856.5053,287554.8053,698.3,698.3,271.3,0.388515,1,p:2.1.4.1.2.2
U1094,44,FUSE0,286987.9053,286987.9053,288345.0053,1357.1,1357.1,271.3,0.199912,1,p:1.1.3.1.2.2
U1095,44,FUSE0,287118.7053,287118.7053,288049.4053,930.7,930.7,271.3,0.291501,1,p:2.1.2.1.2.2
U1096,44,FUSE0,287161.1053,287161.1053,287843.8053,682.7,682.7,271.3,0.397393,1,p:1.1.4.1.2.2
U1097,44,FUSE0,287172.3053,287172.3053,288082.8053,910.5,910.5,271.3,0.297968,1,p:2.1.5.1.2.2
U1098,44,FUSE0,287194.5053,287194.5053,288060.6053,866.1,866.1,271.3,0.313243,1,p:1.1.1.2.2.2
U1099,44,FUSE0,287330.7053,287330.7053,288588.6053,1257.9,1257.9,271.3,0.215677,1,p:2.1.3.1.2.2
U1100,44,FUSE0,287456.7053,287456.7053,288293.0053,836.3,836.3,271.3,0.324405,1,p:1.1.2.1.2.2
U1101,44,FUSE0,287499.1053,287499.1053,288199.0053,699.9,699.9,271.3,0.387627,1,p:2.1.4.1.2.2
U1102,44,FUSE1,287510.3053,287510.3053,288388.4053,878.1,878.1,333.3,0.37957,1,p:1.1.5.1.2.2
U1103,44,FUSE1,287532.5053,287532.5053,288366.2053,833.7,833.7,333.3,0.399784,1,p:2.1.1.2.2.2
U1104,44,FUSE1,287586.1053,287586.1053,288894.2053,1308.1,1308.1,333.3,0.254797,1,p:1.1.3.1.2.2
U1105,44,FUSE1,287794.7053,287794.7053,288598.6053,803.9,803.9,333.3,0.414604,1,p:2.1.2.1.2.2
U1106,44,FUSE1,287837.1053,287837.1053,288577.4053,740.3,740.3,333.3,0.450223,1,p:1.1.4.1.2.2
U1107,44,FUSE1,287848.3053,287848.3053,288694.0053,845.7,845.7,333.3,0.394111,1,p:2.1.5.1.2.2
U1108,44,FUSE1,287870.5053,287870.5053,288671.8053,801.3,801.3,333.3,0.415949,1,p:1.2.1.2.2.2
U1109,44,FUSE1,287875.1053,287875.1053,289199.8053,1324.7,1324.7,333.3,0.251604,1,p:2.1.3.1.2.2
U1110,44,FUSE1,288080.7053,288080.7053,288904.2053,823.5,823.5,333.3,0.404736,1,p:1.1.2.1.2.2
U1111,44,FUSE2,288091.9053,288091.9053,288915.4053,823.5,823.5,365.7,0.44408,1,p:2.1.4.1.2.2
U1112,44,FUSE2,288114.1053,288114.1053,289032.0053,917.9,917.9,365.7,0.398409,1,p:1.1.5.1.2.2
U1113,44,FUSE2,288132.7053,288132.7053,289009.8053,877.1,877.1,365.7,0.416942,1,p:2.1.1.2.2.2
U1114,44,FUSE2,288230.3053,288230.3053,289537.8053,1307.5,1307.5,365.7,0.279694,1,p:1.1.3.1.2.2
U1115,44,FUSE2,288324.3053,288324.3053,289242.2053,917.9,917.9,365.7,0.398409,1,p:2.1.2.1.2.2
U1116,44,FUSE2,288376.3053,288376.3053,289253.4053,877.1,877.1,365.7,0.416942,1,p:1.1.4.1.2.2
U1117,44,FUSE2,288397.5053,288397.5053,289370.0053,972.5,972.5,365.7,0.376041,1,p:2.1.5.1.2.2
U1118,44,FUSE2,288419.7053,288419.7053,289347.8053,928.1,928.1,365.7,0.394031,1,p:1.1.1.2.2.2
U1119,44,FUSE2,288608.7053,288608.7053,289875.8053,1267.1,1267.1,365.7,0.288612,1,p:2.1.3.1.2.2
U5174,207,FUSE0,288619.9053,288619.9053,289485.8053,865.9,865.9,271.3,0.313316,1,p:1.1.2.1.2.2
U5175,207,FUSE0,288629.9053,288629.9053,289497.0053,867.1,867.1,271.3,0.312882,1,p:2.1.4.1.2.2
U5176,207,FUSE0,288703.1053,288703.1053,289613.6053,910.5,910.5,271.3,0.297968,1,p:1.1.5.1.2.2
U5177,207,FUSE0,288725.3053,288725.3053,289591.4053,866.1,866.1,271.3,0.313243,1,p:2.1.1.2.2.2
U5178,207,FUSE0,288925.5053,288925.5053,289729.4053,803.9,803.9,271.3,0.33748,1,p:1.1.2.1.2.2
U5179,207,FUSE0,288935.5053,288935.5053,290119.4053,1183.9,1183.9,271.3,0.229158,1,p:2.1.3.1.2.2
U5180,207,FUSE0,288946.7053,288946.7053,289740.6053,793.9,793.9,271.3,0.341731,1,p:1.1.4.1.2.2
U5181,207,FUSE0,289041.1053,289041.1053,289857.2053,816.1,816.1,271.3,0.332435,1,p:2.1.5.1.2.2
U5182,207,FUSE0,289063.3053,289063.3053,289835.0053,771.7,771.7,271.3,0.351561,1,p:1.1.1.2.2.2
U5183,207,FUSE1,289231.1053,289231.1053,290035.0053,803.9,803.9,333.3,0.414604,1,p:2.1.2.1.2.2
U5184,207,FUSE1,289273.5053,289273.5053,290425.0053,1151.5,1151.5,333.3,0.289449,1,p:1.1.3.1.2.2
U5185,207,FUSE1,289284.7053,289284.7053,290046.2053,761.5,761.5,333.3,0.437689,1,p:2.1.4.1.2.2
U5186,207,FUSE1,289379.1053,289379.1053,290162.8053,783.7,783.7,333.3,0.42529,1,p:1.1.5.1.2.2
U5187,207,FUSE1,289401.3053,289401.3053,290140.6053,739.3,739.3,333.3,0.450832,1,p:2.1.1.2.2.2
U5188,207,FUSE1,289517.1053,289517.1053,290340.6053,823.5,823.5,333.3,0.404736,1,p:1.1.2.1.2.2
U5189,207,FUSE1,289528.3053,289528.3053,290730.6053,1202.3,1202.3,333.3,0.277219,1,p:2.1.3.1.2.2
U5190,207,FUSE1,289569.1053,289569.1053,290351.8053,782.7,782.7,333.3,0.425834,1,p:1.1.4.1.2.2
U5191,207,FUSE1,289622.7053,289622.7053,290468.4053,845.7,845.7,333.3,0.394111,1,p:2.1.5.1.2.2
U5192,207,FUSE2,289644.9053,289644.9053,290478.6053,833.7,833.7,365.7,0.438647,1,p:1.1.1.2.2.2
U5193,207,FUSE2,289760.7053,289760.7053,290678.6053,917.9,917.9,365.7,0.398409,1,p:2.1.2.1.2.2
U5194,207,FUSE2,289771.9053,289771.9053,291068.6053,1296.7,1296.7,365.7,0.282024,1,p:1.2.3.1.2.2
U5195,207,FUSE2,289866.3053,289866.3053,290689.8053,823.5,823.5,365.7,0.44408,1,p:2.1.4.1.2.2
U5196,207,FUSE2,289888.5053,289888.5053,290806.4053,917.9,917.9,365.7,0.398409,1,p:1.1.5.1.2.2
U5197,207,FUSE2,289907.1053,289907.1053,290816.6053,909.5,909.5,365.7,0.402089,1,p:2.1.1.2.2.2
U5198,207,FUSE2,290066.3053,290066.3053,291016.6053,950.3,950.3,365.7,0.384826,1,p:1.1.2.1.2.2
U5199,207,FUSE2,290077.5053,290077.5053,291406.6053,1329.1,1329.1,365.7,0.275149,1,p:2.1.3.1.2.2
U5200,207,FUSE2,290150.7053,290150.7053,291027.8053,877.1,877.1,365.7,0.416942,1,p:1.1.4.1.2.2
U5201,207,FUSE2,290171.9053,290171.9053,291144.4053,972.5,972.5,365.7,0.376041,1,p:2.1.5.1.2.2
U2351,95,FUSE0,290194.1053,290194.1053,291060.2053,866.1,866.1,271.3,0.313243,1,p:1.1.1.1.2.2
U2352,95,FUSE0,290371.9053,290371.9053,291260.2053,888.3,888.3,271.3,0.305415,1,p:2.1.2.1.2.2
U2353,95,FUSE0,290383.1053,290383.1053,291650.2053,1267.1,1267.1,271.3,0.214111,1,p:1.1.3.1.2.2
U2354,95,FUSE0,290456.3053,290456.3053,291271.4053,815.1,815.1,271.3,0.332843,1,p:2.1.4.1.2.2
U2355,95,FUSE0,290499.7053,290499.7053,291303.8053,804.1,804.1,271.3,0.337396,1,p:1.1.1.1.2.2
U2356,95,FUSE0,290509.9053,290509.9053,291388.0053,878.1,878.1,271.3,0.308963,1,p:2.1.5.1.2.2
U2357,95,FUSE0,290709.9053,290709.9053,291503.8053,793.9,793.9,271.3,0.341731,1,p:1.1.2.1.2.2
U2358,95,FUSE0,290721.1053,290721.1053,291893.8053,1172.7,1172.7,271.3,0.231346,1,p:2.1.3.1.2.2
U2359,95,FUSE0,290761.9053,290761.9053,291515.0053,753.1,753.1,271.3,0.360244,1,p:1.1.4.1.2.2
U2360,95,FUSE1,290837.7053,290837.7053,291609.4053,771.7,771.7,333.3,0.431904,1,p:2.1.1.1.2.2
U2361,95,FUSE1,290847.9053,290847.9053,291693.6053,845.7,845.7,333.3,0.394111,1,p:1.1.5.1.2.2
U2362,95,FUSE1,291047.9053,291047.9053,291809.4053,761.5,761.5,333.3,0.437689,1,p:2.1.2.1.2.2
U2363,95,FUSE1,291059.1053,291059.1053,292199.4053,1140.3,1140.3,333.3,0.292292,1,p:1.1.3.1.2.2
U2364,95,FUSE1,291091.5053,291091.5053,291851.8053,760.3,760.3,333.3,0.43838,1,p:2.1.4.1.2.2
U2365,95,FUSE1,291099.9053,291099.9053,291915.0053,815.1,815.1,333.3,0.408907,1,p:1.1.1.1.2.2
U2366,95,FUSE1,291175.7053,291175.7053,291999.2053,823.5,823.5,333.3,0.404736,1,p:2.1.5.1.2.2
U2367,95,FUSE1,291291.5053,291291.5053,292115.0053,823.5,823.5,333.3,0.404736,1,p:1.1.2.1.2.2
U2368,95,FUSE1,291302.7053,291302.7053,292506.2281,1203.5228,1203.5228,333.3,0.276937,1,p:2.1.3.1.2.2
U2369,95,FUSE2,291335.1053,291335.1053,292189.8053,854.7,854.7,365.7,0.427869,1,p:1.1.4.1.2.2
U2370,95,FUSE2,291419.3053,291419.3053,292253.0053,833.7,833.7,365.7,0.438647,1,p:2.1.1.1.2.2
U2371,95,FUSE2,291437.9053,291437.9053,292337.2053,899.3,899.3,365.7,0.40665,1,p:1.2.5.1.2.2
U2372,95,FUSE2,291535.1053,291535.1053,292454.2281,919.1228,919.1228,365.7,0.397879,1,p:2.1.2.1.2.2
U2373,95,FUSE2,291546.3053,291546.3053,292844.2281,1297.9228,1297.9228,365.7,0.281758,1,p:1.2.3.1.2.2
U2374,95,FUSE2,291640.7053,291640.7053,292529.0281,888.3228,888.3228,365.7,0.411675,1,p:2.1.4.1.2.2
U2375,95,FUSE2,291681.5053,291681.5053,292592.2281,910.7228,910.7228,365.7,0.401549,1,p:1.1.1.1.2.2
U2376,95,FUSE2,291724.9053,291724.9053,292676.4281,951.5228,951.5228,365.7,0.384331,1,p:2.1.5.1.2.2
U2377,95,FUSE2,291840.7053,291840.7053,292792.2281,951.5228,951.5228,365.7,0.384331,1,p:1.1.2.1.2.2
U4412,177,FUSE0,291883.1053,291883.1053,293087.8281,1204.7228,1204.7228,271.3,0.225197,1,p:2.1.3.2.2.2
U4413,177,FUSE0,291925.1053,291925.1053,292772.6281,847.5228,847.5228,271.3,0.320109,1,p:1.1.4.1.2.2
U4414,177,FUSE0,291946.3053,291946.3053,292835.8281,889.5228,889.5228,271.3,0.304995,1,p:2.1.1.1.2.2
U4415,177,FUSE0,292030.5053,292030.5053,292920.0281,889.5228,889.5228,271.3,0.304995,1,p:1.1.5.1.2.2
U4416,177,FUSE0,292146.3053,292146.3053,293331.4281,1185.1228,1185.1228,271.3,0.228921,1,p:2.1.3.2.2.2
U4417,177,FUSE0,292221.1053,292221.1053,293035.8281,814.7228,814.7228,271.3,0.332997,1,p:1.2.2.1.2.2
U4418,177,FUSE0,292230.7053,292230.7053,293016.2281,785.5228,785.5228,271.3,0.345375,1,p:2.1.4.1.2.2
U4419,177,FUSE0,292284.3053,292284.3053,293079.4281,795.1228,795.1228,271.3,0.341205,1,p:1.1.1.1.2.2
U4420,177,FUSE0,292368.5053,292368.5053,293163.6281,795.1228,795.1228,271.3,0.341205,1,p:2.1.5.1.2.2
U4421,177,FUSE1,292485.5281,292485.5281,293636.3656,1150.8375,1150.8375,333.3,0.289615,1,p:1.1.3.1.2.2
U4422,177,FUSE1,292537.5281,292537.5281,293341.4281,803.9,803.9,333.3,0.414604,1,p:2.1.2.1.2.2
U4423,177,FUSE1,292560.3281,292560.3281,293321.8281,761.5,761.5,333.3,0.437689,1,p:1.1.4.1.2.2
U4424,177,FUSE1,292623.5281,292623.5281,293385.0281,761.5,761.5,333.3,0.437689,1,p:2.1.1.1.2.2
U4425,177,FUSE1,292707.7281,292707.7281,293489.2509,781.5228,781.5228,333.3,0.426475,1,p:1.1.5.1.2.2
U4426,177,FUSE1,292803.9281,292803.9281,293941.4053,1137.4772,1137.4772,333.3,0.293017,1,p:2.1.3.1.2.2
U4427,177,FUSE1,292823.5281,292823.5281,293645.8053,822.2772,822.2772,333.3,0.405338,1,p:1.1.2.1.2.2
U4428,177,FUSE1,292867.1281,292867.1281,293628.6509,761.5228,761.5228,333.3,0.437676,1,p:2.1.4.1.2.2
U4429,177,FUSE1,292875.5281,292875.5281,293689.4053,813.8772,813.8772,333.3,0.409521,1,p:1.1.1.1.2.2
U4430,177,FUSE2,292951.3281,292951.3281,293826.0281,874.7,874.7,365.7,0.418086,1,p:2.1.5.1.2.2
U4431,177,FUSE2,293047.5281,293047.5281,294279.4053,1231.8772,1231.8772,365.7,0.296864,1,p:1.1.3.1.2.2
U4432,177,FUSE2,293067.1281,293067.1281,293983.8053,916.6772,916.6772,365.7,0.398941,1,p:2.1.2.1.2.2
U4433,177,FUSE2,293110.7281,293110.7281,293965.4281,854.7,854.7,365.7,0.427869,1,p:1.2.4.1.2.2
U4434,177,FUSE2,293119.1281,293119.1281,294027.4053,908.2772,908.2772,365.7,0.40263,1,p:2.1.1.1.2.2
U4435,177,FUSE2,293194.9281,293194.9281,294164.0281,969.1,969.1,365.7,0.37736,1,p:1.1.5.1.2.2
U4436,177,FUSE2,293353.1281,293353.1281,294617.4053,1264.2772,1264.2772,365.7,0.289256,1,p:2.1.3.1.2.2
U4437,177,FUSE2,293362.7281,293362.7281,294321.8053,959.0772,959.0772,365.7,0.381304,1,p:1.1.2.1.2.2
U4438,177,FUSE2,293372.7281,293372.7281,294303.4281,930.7,930.7,365.7,0.39293,1,p:2.1.4.1.2.2
U4439,177,FUSE2,293416.3281,293416.3281,294365.4053,949.0772,949.0772,365.7,0.385322,1,p:1.1.1.2.2.2
U2862,115,FUSE0,293520.5509,293520.5509,294407.6281,887.0772,887.0772,271.3,0.305836,1,p:2.1.5.1.2.2
U2863,115,FUSE0,293659.9509,293659.9509,294861.0053,1201.0544,1201.0544,271.3,0.225885,1,p:1.1.3.1.2.2
U2864,115,FUSE0,293667.6656,293667.6656,294565.4053,897.7397,897.7397,271.3,0.302203,1,p:2.1.2.1.2.2
U2865,115,FUSE0,293677.1053,293677.1053,294547.0281,869.9228,869.9228,271.3,0.311867,1,p:1.1.4.1.2.2
U2866,115,FUSE0,293720.7053,293720.7053,294651.2281,930.5228,930.5228,271.3,0.291557,1,p:2.1.5.1.2.2
U2867,115,FUSE0,293857.3281,293857.3281,294609.0053,751.6772,751.6772,271.3,0.360926,1,p:1.1.1.2.2.2
U2868,115,FUSE0,293972.7053,293972.7053,295104.6053,1131.9,1131.9,271.3,0.239685,1,p:2.1.3.1.2.2
U2869,115,FUSE0,293996.7281,293996.7281,294809.0053,812.2772,812.2772,271.3,0.333999,1,p:1.1.2.1.2.2
U2870,115,FUSE0,294015.1053,294015.1053,294790.6281,775.5228,775.5228,271.3,0.349829,1,p:2.1.4.1.2.2
U2871,115,FUSE0,294058.7053,294058.7053,294894.8281,836.1228,836.1228,271.3,0.324474,1,p:1.1.5.1.2.2
U2872,115,FUSE1,294195.3281,294195.3281,294914.6053,719.2772,719.2772,333.3,0.463382,1,p:2.1.1.1.2.2
U2873,115,FUSE1,294310.7053,294310.7053,295410.2053,1099.5,1099.5,333.3,0.303138,1,p:1.1.3.1.2.2
U2874,115,FUSE1,294334.7281,294334.7281,295114.6053,779.8772,779.8772,333.3,0.427375,1,p:2.1.2.1.2.2
U2875,115,FUSE1,294353.1053,294353.1053,295096.2281,743.1228,743.1228,333.3,0.448513,1,p:1.1.4.1.2.2
U2876,115,FUSE1,294396.7053,294396.7053,295200.4281,803.7228,803.7228,333.3,0.414695,1,p:2.1.5.1.2.2
U2877,115,FUSE1,294438.9281,294438.9281,295220.2053,781.2772,781.2772,333.3,0.426609,1,p:1.1.1.1.2.2
U2878,115,FUSE1,294578.3281,294578.3281,295715.8053,1137.4772,1137.4772,333.3,0.293017,1,p:2.1.3.1.2.2
U2879,115,FUSE1,294596.7053,294596.7053,295420.2053,823.5,823.5,333.3,0.404736,1,p:1.1.2.1.2.2
U2880,115,FUSE1,294640.3053,294640.3053,295401.8281,761.5228,761.5228,333.3,0.437676,1,p:2.1.4.1.2.2
U2881,115,FUSE2,294648.7053,294648.7053,295538.4281,889.7228,889.7228,365.7,0.411027,1,p:1.1.5.1.2.2
U2882,115,FUSE2,294682.5281,294682.5281,295558.2053,875.6772,875.6772,365.7,0.41762,1,p:2.1.1.1.2.2
U2883,115,FUSE2,294821.9281,294821.9281,296053.8053,1231.8772,1231.8772,365.7,0.296864,1,p:1.1.3.1.2.2
U2884,115,FUSE2,294840.3053,294840.3053,295758.2053,917.9,917.9,365.7,0.398409,1,p:2.1.2.1.2.2
U2885,115,FUSE2,294892.3053,294892.3053,295739.8281,847.5228,847.5228,365.7,0.431493,1,p:1.1.4.1.2.2
U2886,115,FUSE2,294926.1281,294926.1281,295876.4281,950.3,950.3,365.7,0.384826,1,p:2.1.5.1.2.2
U2887,115,FUSE2,294945.9053,294945.9053,295896.2053,950.3,950.3,365.7,0.384826,1,p:1.1.1.1.2.2
U2888,115,FUSE2,295127.5281,295127.5281,296391.8053,1264.2772,1264.2772,365.7,0.289256,1,p:2.1.3.1.2.2
U2889,115,FUSE2,295135.9053,295135.9053,296096.2053,960.3,960.3,365.7,0.380818,1,p:1.1.2.1.2.2
U2890,115,FUSE2,295145.9053,295145.9053,296077.8281,931.9228,931.9228,365.7,0.392414,1,p:2.1.4.1.2.2
U614,25,FUSE0,295231.7281,295231.7281,296120.0281,888.3,888.3,271.3,0.305415,1,p:1.1.5.1.2.2
U615,25,FUSE0,295251.5053,295251.5053,296139.8053,888.3,888.3,271.3,0.305415,1,p:2.1.1.1.2.2
U616,25,FUSE0,295433.1281,295433.1281,296635.4053,1202.2772,1202.2772,271.3,0.225655,1,p:1.2.3.1.2.2
U617,25,FUSE0,295441.5053,295441.5053,296339.8053,898.3,898.3,271.3,0.302015,1,p:2.1.2.1.2.2
U618,25,FUSE0,295451.5053,295451.5053,296321.4281,869.9228,869.9228,271.3,0.311867,1,p:1.1.4.1.2.2
U619,25,FUSE0,295569.7281,295569.7281,296363.6281,793.9,793.9,271.3,0.341731,1,p:2.1.5.1.2.2
U620,25,FUSE0,295589.5053,295589.5053,296383.4053,793.9,793.9,271.3,0.341731,1,p:1.1.1.1.2.2
U621,25,FUSE0,295747.1053,295747.1053,296879.0053,1131.9,1131.9,271.3,0.239685,1,p:2.1.3.1.2.2
U622,25,FUSE0,295771.1281,295771.1281,296583.4053,812.2772,812.2772,271.3,0.333999,1,p:1.1.2.1.2.2
U623,25,FUSE1,295789.5053,295789.5053,296627.0281,837.5228,837.5228,333.3,0.397959,1,p:2.1.4.1.2.2
U624,25,FUSE1,295907.7281,295907.7281,296688.0281,780.3,780.3,333.3,0.427143,1,p:1.1.5.1.2.2
U625,25,FUSE1,295927.5053,295927.5053,296692.6281,765.1228,765.1228,333.3,0.435616,1,p:2.1.1.1.2.2
U626,25,FUSE1,296085.1053,296085.1053,297184.6053,1099.5,1099.5,333.3,0.303138,1,p:1.2.3.1.2.2
U627,25,FUSE1,296109.1281,296109.1281,296889.0053,779.8772,779.8772,333.3,0.427375,1,p:2.1.2.1.2.2
U628,25,FUSE1,296127.5053,296127.5053,296932.6281,805.1228,805.1228,333.3,0.413974,1,p:1.1.4.1.2.2
U629,25,FUSE1,296151.3281,296151.3281,296993.6281,842.3,842.3,333.3,0.395702,1,p:2.1.5.1.2.2
U630,25,FUSE1,296171.1053,296171.1053,296998.2281,827.1228,827.1228,333.3,0.402963,1,p:1.1.1.1.2.2
U631,25,FUSE1,296352.7281,296352.7281,297490.2053,1137.4772,1137.4772,333.3,0.293017,1,p:2.1.3.1.2.2
U632,25,FUSE2,296371.1053,296371.1053,297227.0053,855.9,855.9,365.7,0.42727,1,p:1.1.2.1.2.2
U633,25,FUSE2,296394.9281,296394.9281,297270.6281,875.7,875.7,365.7,0.417609,1,p:2.1.4.1.2.2
U634,25,FUSE2,296414.7053,296414.7053,297331.6281,916.9228,916.9228,365.7,0.398834,1,p:1.1.5.1.2.2
U635,25,FUSE2,296423.1053,296423.1053,297336.2281,913.1228,913.1228,365.7,0.400494,1,p:2.1.1.1.2.2
U636,25,FUSE2,296614.7053,296614.7053,297828.2053,1213.5,1213.5,365.7,0.30136,1,p:1.2.3.1.2.2
U637,25,FUSE2,296658.3281,296658.3281,297565.0053,906.6772,906.6772,365.7,0.403341,1,p:2.1.2.1.2.2
U638,25,FUSE2,296666.7053,296666.7053,297608.6281,941.9228,941.9228,365.7,0.388248,1,p:1.1.4.1.2.2
U639,25,FUSE2,296719.3281,296719.3281,297669.6281,950.3,950.3,365.7,0.384826,1,p:2.1.5.1.2.2
U640,25,FUSE2,296723.9281,296723.9281,297674.2281,950.3,950.3,365.7,0.384826,1,p:1.1.1.1.2.2
U8545,342,FUSE0,296910.3053,296910.3053,298071.8053,1161.5,1161.5,271.3,0.233577,1,p:2.1.3.1.2.2
U8546,342,FUSE0,296920.3053,296920.3053,297808.6053,888.3,888.3,271.3,0.305415,1,p:1.1.2.1.2.2
U8547,342,FUSE0,296963.9281,296963.9281,297852.2281,888.3,888.3,271.3,0.305415,1,p:2.1.4.1.2.2
U8548,342,FUSE0,297024.9281,297024.9281,297913.2281,888.3,888.3,271.3,0.305415,1,p:1.1.5.1.2.2
U8549,342,FUSE0,297029.5281,297029.5281,298315.4053,1285.8772,1285.8772,271.3,0.210984,1,p:2.1.3.1.2.2
U8550,342,FUSE0,297215.9053,297215.9053,297917.8281,701.9228,701.9228,271.3,0.38651,1,p:1.2.1.1.2.2
U8551,342,FUSE0,297258.3053,297258.3053,298052.2053,793.9,793.9,271.3,0.341731,1,p:2.1.2.1.2.2
U8552,342,FUSE0,297301.9281,297301.9281,298095.8281,793.9,793.9,271.3,0.341731,1,p:1.1.4.1.2.2
U8553,342,FUSE1,297362.9281,297362.9281,298218.8281,855.9,855.9,333.3,0.389415,1,p:2.1.5.1.2.2
U8554,342,FUSE1,297367.5281,297367.5281,298621.0053,1253.4772,1253.4772,333.3,0.2659,1,p:1.1.3.1.2.2
U8555,342,FUSE1,297521.5053,297521.5053,298223.4281,701.9228,701.9228,333.3,0.474839,1,p:2.1.1.1.2.2
U8556,342,FUSE1,297596.3053,297596.3053,298357.8053,761.5,761.5,333.3,0.437689,1,p:1.1.2.1.2.2
U8557,342,FUSE1,297639.9281,297639.9281,298401.4281,761.5,761.5,333.3,0.437689,1,p:2.1.4.1.2.2
U8558,342,FUSE1,297700.9281,297700.9281,298524.4281,823.5,823.5,333.3,0.404736,1,p:1.1.5.1.2.2
U8559,342,FUSE1,297705.5281,297705.5281,298926.6053,1221.0772,1221.0772,333.3,0.272956,1,p:2.1.3.1.2.2
U8560,342,FUSE1,297839.9053,297839.9053,298529.0281,689.1228,689.1228,333.3,0.483658,1,p:1.2.1.1.2.2
U8561,342,FUSE2,297859.5053,297859.5053,298695.8053,836.3,836.3,365.7,0.437283,1,p:2.1.2.1.2.2
U8562,342,FUSE2,297883.5281,297883.5281,298739.4281,855.9,855.9,365.7,0.42727,1,p:1.1.4.1.2.2
U8563,342,FUSE2,297944.5281,297944.5281,298862.4281,917.9,917.9,365.7,0.398409,1,p:2.1.5.1.2.2
U8564,342,FUSE2,297949.1281,297949.1281,299264.6053,1315.4772,1315.4772,365.7,0.277998,1,p:1.1.3.1.2.2
U8565,342,FUSE2,298083.5053,298083.5053,298867.0281,783.5228,783.5228,365.7,0.466738,1,p:2.1.1.1.2.2
U8566,342,FUSE2,298103.1053,298103.1053,299033.8053,930.7,930.7,365.7,0.39293,1,p:1.2.2.1.2.2
U8567,342,FUSE2,298127.1281,298127.1281,299077.4281,950.3,950.3,365.7,0.384826,1,p:2.1.4.1.2.2
U8568,342,FUSE2,298250.1281,298250.1281,299200.4281,950.3,950.3,365.7,0.384826,1,p:1.1.5.1.2.2
U3329,134,FUSE0,298254.7281,298254.7281,299508.2053,1253.4772,1253.4772,271.3,0.216438,1,p:2.1.3.1.2.2
U3330,134,FUSE0,298346.7053,298346.7053,299107.0053,760.3,760.3,271.3,0.356833,1,p:1.2.1.1.2.2
U3331,134,FUSE0,298389.1053,298389.1053,299277.4053,888.3,888.3,271.3,0.305415,1,p:2.1.2.1.2.2
U3332,134,FUSE0,298432.7281,298432.7281,299321.0281,888.3,888.3,271.3,0.305415,1,p:1.1.4.1.2.2
U3333,134,FUSE0,298555.7281,298555.7281,299751.8053,1196.0772,1196.0772,271.3,0.226825,1,p:2.1.3.1.2.2
U3334,134,FUSE0,298560.3281,298560.3281,299350.6053,790.2772,790.2772,271.3,0.343297,1,p:1.1.1.1.2.2
U3335,134,FUSE0,298652.3053,298652.3053,299444.0281,791.7228,791.7228,271.3,0.34267,1,p:2.1.5.1.2.2
U3336,134,FUSE0,298727.1053,298727.1053,299521.0053,793.9,793.9,271.3,0.341731,1,p:1.2.2.1.2.2
U3337,134,FUSE1,298770.7281,298770.7281,299626.6281,855.9,855.9,333.3,0.389415,1,p:2.1.4.1.2.2
U3338,134,FUSE1,298893.7281,298893.7281,300057.4053,1163.6772,1163.6772,333.3,0.28642,1,p:1.1.3.1.2.2
U3339,134,FUSE1,298898.3281,298898.3281,299656.2053,757.8772,757.8772,333.3,0.439781,1,p:2.1.1.1.2.2
U3340,134,FUSE1,298957.9053,298957.9053,299778.2053,820.3,820.3,333.3,0.406315,1,p:1.2.5.1.2.2
U3341,134,FUSE1,299065.1053,299065.1053,299826.6053,761.5,761.5,333.3,0.437689,1,p:2.1.2.1.2.2
U3342,134,FUSE1,299108.7281,299108.7281,299932.2281,823.5,823.5,333.3,0.404736,1,p:1.1.4.1.2.2
U3343,134,FUSE1,299138.3053,299138.3053,300363.0053,1224.7,1224.7,333.3,0.272148,1,p:2.1.3.1.2.2
U3344,134,FUSE1,299231.7281,299231.7281,299961.8053,730.0772,730.0772,333.3,0.456527,1,p:1.1.1.1.2.2
U3345,134,FUSE2,299295.9053,299295.9053,300131.8053,835.9,835.9,365.7,0.437493,1,p:2.1.5.1.2.2
U3346,134,FUSE2,299308.7053,299308.7053,300164.6053,855.9,855.9,365.7,0.42727,1,p:1.1.2.1.2.2
U3347,134,FUSE2,299352.3281,299352.3281,300270.2281,917.9,917.9,365.7,0.398409,1,p:2.1.4.1.2.2
U3348,134,FUSE2,299381.9053,299381.9053,300701.0053,1319.1,1319.1,365.7,0.277234,1,p:1.1.3.1.2.2
U3349,134,FUSE2,299475.3281,299475.3281,300299.8053,824.4772,824.4772,365.7,0.443554,1,p:2.1.1.1.2.2
U3350,134,FUSE2,299539.5053,299539.5053,300469.8053,930.3,930.3,365.7,0.393099,1,p:1.2.5.1.2.2
U3351,134,FUSE2,299552.3053,299552.3053,300502.6053,950.3,950.3,365.7,0.384826,1,p:2.1.2.1.2.2
U1963,79,FUSE0,299657.9281,299657.9281,300513.8281,855.9,855.9,271.3,0.316976,1,p:1.2.4.1.2.2
U1964,79,FUSE0,299687.5053,299687.5053,300944.6053,1257.1,1257.1,271.3,0.215814,1,p:2.1.3.1.2.2
U1965,79,FUSE0,299783.1053,299783.1053,300543.4053,760.3,760.3,271.3,0.356833,1,p:1.1.1.1.2.2
U1966,79,FUSE0,299809.5053,299809.5053,300713.4053,903.9,903.9,271.3,0.300144,1,p:2.1.5.1.2.2
U1967,79,FUSE0,299857.9053,299857.9053,300746.2053,888.3,888.3,271.3,0.305415,1,p:1.1.2.1.2.2
U1968,79,FUSE0,299963.5281,299963.5281,300757.4281,793.9,793.9,271.3,0.341731,1,p:2.1.4.1.2.2
U1969,79,FUSE0,299993.1053,299993.1053,301188.2053,1195.1,1195.1,271.3,0.22701,1,p:1.1.3.1.2.2
U1970,79,FUSE1,300088.7053,300088.7053,300849.0053,760.3,760.3,333.3,0.43838,1,p:2.1.1.1.2.2
U1971,79,FUSE1,300163.1053,300163.1053,301019.0053,855.9,855.9,333.3,0.389415,1,p:1.2.5.1.2.2
U1972,79,FUSE1,300195.9053,300195.9053,301051.8053,855.9,855.9,333.3,0.389415,1,p:2.1.2.1.2.2
U1973,79,FUSE1,300301.5281,300301.5281,301081.8281,780.3,780.3,333.3,0.427143,1,p:1.2.4.1.2.2
U1974,79,FUSE1,300331.1053,300331.1053,301497.2053,1166.1,1166.1,333.3,0.285825,1,p:2.1.3.1.2.2
U1975,79,FUSE1,300394.3053,300394.3053,301154.6053,760.3,760.3,333.3,0.43838,1,p:1.1.1.1.2.2
U1976,79,FUSE1,300501.1053,300501.1053,301324.6053,823.5,823.5,333.3,0.404736,1,p:2.1.5.1.2.2
U1977,79,FUSE2,300533.9053,300533.9053,301389.8053,855.9,855.9,365.7,0.42727,1,p:1.1.2.1.2.2
U1978,79,FUSE2,300545.1281,300545.1281,301419.8281,874.7,874.7,365.7,0.418086,1,p:2.1.4.1.2.2
U1979,79,FUSE2,300574.7053,300574.7053,301831.8053,1257.1,1257.1,365.7,0.290908,1,p:1.1.3.1.2.2
U1980,79,FUSE2,300732.3053,300732.3053,301492.6053,760.3,760.3,365.7,0.480994,1,p:2.1.1.1.2.2
U1981,79,FUSE2,300744.7053,300744.7053,301662.6053,917.9,917.9,365.7,0.398409,1,p:1.2.5.1.2.2
U1982,79,FUSE2,300777.5053,300777.5053,301727.8053,950.3,950.3,365.7,0.384826,1,p:2.1.2.1.2.2
U1983,79,FUSE2,300788.7281,300788.7281,301757.8281,969.1,969.1,365.7,0.37736,1,p:1.2.4.1.2.2
U1984,79,FUSE2,300880.3053,300880.3053,302169.8053,1289.5,1289.5,365.7,0.283598,1,p:2.1.3.1.2.2
U6607,264,FUSE0,300975.9053,300975.9053,301736.2053,760.3,760.3,271.3,0.356833,1,p:1.1.1.2.2.2
U6608,264,FUSE0,301050.3053,301050.3053,301906.2053,855.9,855.9,271.3,0.316976,1,p:2.1.5.1.2.2
U6609,264,FUSE0,301083.1053,301083.1053,301971.4053,888.3,888.3,271.3,0.305415,1,p:1.1.2.1.2.2
U6610,264,FUSE0,301113.1281,301113.1281,302001.4281,888.3,888.3,271.3,0.305415,1,p:2.1.4.1.2.2
U6611,264,FUSE0,301185.9053,301185.9053,302413.4053,1227.5,1227.5,271.3,0.221018,1,p:1.1.3.1.2.2
U6612,264,FUSE0,301219.5053,301219.5053,301979.8053,760.3,760.3,271.3,0.356833,1,p:2.1.1.2.2.2
U6613,264,FUSE0,301355.9053,301355.9053,302149.8053,793.9,793.9,271.3,0.341731,1,p:1.1.5.1.2.2
U6614,264,FUSE0,301421.1053,301421.1053,302215.0053,793.9,793.9,271.3,0.341731,1,p:2.1.2.1.2.2
U6615,264,FUSE0,301451.1281,301451.1281,302245.0281,793.9,793.9,271.3,0.341731,1,p:1.1.4.1.2.2
U6616,264,FUSE1,301523.9053,301523.9053,302719.0053,1195.1,1195.1,333.3,0.278889,1,p:2.1.3.1.2.2
U6617,264,FUSE1,301528.5053,301528.5053,302285.4053,756.9,756.9,333.3,0.440349,1,p:1.1.1.2.2.2
U6618,264,FUSE1,301693.9053,301693.9053,302494.2053,800.3,800.3,333.3,0.416469,1,p:2.1.5.1.2.2
U6619,264,FUSE1,301759.1053,301759.1053,302520.6053,761.5,761.5,333.3,0.437689,1,p:1.1.2.1.2.2
U6620,264,FUSE1,301767.5053,301767.5053,302550.6281,783.1228,783.1228,333.3,0.425604,1,p:2.1.4.1.2.2
U6621,264,FUSE1,301789.1281,301789.1281,303024.6053,1235.4772,1235.4772,333.3,0.269774,1,p:1.1.3.1.2.2
U6622,264,FUSE1,301863.1053,301863.1053,302591.0053,727.9,727.9,333.3,0.457893,1,p:2.1.1.2.2.2
U6623,264,FUSE1,301937.5053,301937.5053,302799.8053,862.3,862.3,333.3,0.386524,1,p:1.1.5.1.2.2
U6624,264,FUSE2,302002.7053,302002.7053,302858.6053,855.9,855.9,365.7,0.42727,1,p:2.1.2.1.2.2
U6625,264,FUSE2,302011.1053,302011.1053,302888.6281,877.5228,877.5228,365.7,0.416741,1,p:1.1.4.1.2.2
U6626,264,FUSE2,302032.7281,302032.7281,303362.6053,1329.8772,1329.8772,365.7,0.274988,1,p:2.1.3.1.2.2
U6627,264,FUSE2,302181.1053,302181.1053,302929.0053,747.9,747.9,365.7,0.488969,1,p:1.2.1.2.2.2
U6628,264,FUSE2,302201.1053,302201.1053,303137.8053,936.7,936.7,365.7,0.390413,1,p:2.1.5.1.2.2
U6629,264,FUSE2,302246.3053,302246.3053,310698.0277,8451.7223,8451.7223,365.7,0.043269,1,p:1.1.2.1.2.2
U6630,264,FUSE2,302276.3281,302276.3281,303226.6281,950.3,950.3,365.7,0.384826,1,p:2.1.4.1.2.2
U6631,264,FUSE2,302316.7053,302316.7053,303700.6053,1383.9,1383.9,365.7,0.264253,1,p:1.1.3.1.2.2
U6632,264,FUSE2,302444.7053,302444.7053,303267.0053,822.3,822.3,365.7,0.444728,1,p:2.1.1.2.2.2
U5034,201,FUSE0,302525.5053,302525.5053,303381.4053,855.9,855.9,271.3,0.316976,1,p:1.1.5.1.2.2
U5035,201,FUSE0,302551.9053,302551.9053,310941.6277,8389.7223,8389.7223,271.3,0.032337,1,p:2.1.2.1.2.2
U5036,201,FUSE0,302581.9281,302581.9281,303470.2281,888.3,888.3,271.3,0.305415,1,p:1.1.4.1.2.2
U5037,201,FUSE0,302622.3053,302622.3053,303625.0053,1002.7,1002.7,271.3,0.270569,1,p:2.1.5.1.2.2
U5038,201,FUSE0,302750.3053,302750.3053,303944.2053,1193.9,1193.9,271.3,0.227238,1,p:1.1.3.1.2.2
U5039,201,FUSE0,302831.1053,302831.1053,303510.6053,679.5,679.5,271.3,0.399264,1,p:2.1.1.2.2.2
U5040,201,FUSE0,302889.9053,302889.9053,311185.2277,8295.3223,8295.3223,271.3,0.032705,1,p:1.1.2.1.2.2
U5041,201,FUSE0,302919.9281,302919.9281,303713.8281,793.9,793.9,271.3,0.341731,1,p:2.1.4.1.2.2
U5042,201,FUSE1,302960.3053,302960.3053,303930.6053,970.3,970.3,333.3,0.343502,1,p:1.1.5.1.2.2
U5043,201,FUSE1,303055.9053,303055.9053,304249.8053,1193.9,1193.9,333.3,0.279169,1,p:2.1.3.1.2.2
U5044,201,FUSE1,303169.1053,303169.1053,303816.2053,647.1,647.1,333.3,0.515067,1,p:1.1.1.2.2.2
U5045,201,FUSE1,303257.9281,303257.9281,311490.8277,8232.8995,8232.8995,333.3,0.040484,1,p:2.1.2.1.2.2
U5046,201,FUSE1,303298.3053,303298.3053,304038.6053,740.3,740.3,333.3,0.450223,1,p:1.1.4.1.2.2
U5047,201,FUSE1,303393.9053,303393.9053,304236.2053,842.3,842.3,333.3,0.395702,1,p:2.1.5.1.2.2
U5048,201,FUSE1,303412.7053,303412.7053,304555.4053,1142.7,1142.7,333.3,0.291678,1,p:1.1.3.1.2.2
U5049,201,FUSE1,303501.5281,303501.5281,304141.8281,640.3,640.3,333.3,0.520537,1,p:2.1.1.2.2.2
U5050,201,FUSE2,303541.9053,303541.9053,311828.8277,8286.9223,8286.9223,365.7,0.04413,1,p:1.2.2.1.2.2
U5051,201,FUSE2,303656.3053,303656.3053,304449.0053,792.7,792.7,365.7,0.461335,1,p:2.1.4.1.2.2
U5052,201,FUSE2,303731.9053,303731.9053,304574.2053,842.3,842.3,365.7,0.434168,1,p:1.1.5.1.2.2
U5053,201,FUSE2,303745.1281,303745.1281,304893.4053,1148.2772,1148.2772,365.7,0.318477,1,p:2.1.3.1.2.2
U5054,201,FUSE2,303847.5053,303847.5053,304500.2053,652.7,652.7,365.7,0.560288,1,p:1.1.1.2.2.2
U5055,201,FUSE2,303961.9053,303961.9053,312166.8277,8204.9223,8204.9223,365.7,0.044571,1,p:2.1.2.1.2.2
U5056,201,FUSE2,303975.5053,303975.5053,304787.0053,811.5,811.5,365.7,0.450647,1,p:1.1.4.1.2.2
U5931,237,FUSE0,304069.9053,304069.9053,304817.8053,747.9,747.9,271.3,0.362749,1,p:2.1.5.1.2.2
U5932,237,FUSE0,304173.1281,304173.1281,305137.0053,963.8772,963.8772,271.3,0.281467,1,p:1.1.3.1.2.2
U5933,237,FUSE0,304267.5053,304267.5053,304845.8053,578.3,578.3,271.3,0.469134,1,p:2.1.1.2.2.2
U5934,237,FUSE0,304281.1053,304281.1053,312410.4277,8129.3223,8129.3223,271.3,0.033373,1,p:1.2.2.1.2.2
U5935,237,FUSE0,304480.3053,304480.3053,305178.6053,698.3,698.3,271.3,0.388515,1,p:2.1.4.1.2.2
U5936,237,FUSE0,304531.5053,304531.5053,305249.8053,718.3,718.3,271.3,0.377697,1,p:1.1.5.1.2.2
U5937,237,FUSE0,304586.7053,304586.7053,305380.6053,793.9,793.9,271.3,0.341731,1,p:2.1.3.1.2.2
U5938,237,FUSE0,304605.5053,304605.5053,305163.8053,558.3,558.3,271.3,0.485939,1,p:1.1.1.2.2.2
U5939,237,FUSE1,304818.3053,304818.3053,312716.0277,7897.7223,7897.7223,333.3,0.042202,1,p:2.1.2.1.2.2
U5940,237,FUSE1,304849.1053,304849.1053,305589.4053,740.3,740.3,333.3,0.450223,1,p:1.1.4.1.2.2
U5941,237,FUSE1,304877.1053,304877.1053,305677.4053,800.3,800.3,333.3,0.416469,1,p:2.1.5.1.2.2
U5942,237,FUSE1,304924.7053,304924.7053,305686.2053,761.5,761.5,333.3,0.437689,1,p:1.1.3.1.2.2
U5943,237,FUSE1,305168.3053,305168.3053,305808.6053,640.3,640.3,333.3,0.520537,1,p:2.1.1.2.2.2
U5944,237,FUSE1,305195.1053,305195.1053,313021.6277,7826.5223,7826.5223,333.3,0.042586,1,p:1.2.2.1.2.2
U5945,237,FUSE1,305209.9053,305209.9053,305970.2053,760.3,760.3,333.3,0.43838,1,p:2.1.4.1.2.2
U5946,237,FUSE1,305281.1053,305281.1053,306061.4053,780.3,780.3,333.3,0.427143,1,p:1.1.5.1.2.2
U5947,237,FUSE2,305411.9053,305411.9053,306164.6053,752.7,752.7,365.7,0.485851,1,p:2.1.3.1.2.2
U5948,237,FUSE2,305620.7053,305620.7053,306273.4053,652.7,652.7,365.7,0.560288,1,p:1.1.1.2.2.2
U5949,237,FUSE2,305708.7053,305708.7053,313359.6277,7650.9223,7650.9223,365.7,0.047798,1,p:2.1.2.1.2.2
U5950,237,FUSE2,305717.5053,305717.5053,306490.2053,772.7,772.7,365.7,0.473276,1,p:1.1.4.1.2.2
U5951,237,FUSE2,305839.9053,305839.9053,306672.6053,832.7,832.7,365.7,0.439174,1,p:2.1.5.1.2.2
U5952,237,FUSE2,306001.5053,306001.5053,306734.2053,732.7,732.7,365.7,0.499113,1,p:1.1.3.1.2.2
U5953,237,FUSE2,306092.7053,306092.7053,306765.4053,672.7,672.7,365.7,0.54363,1,p:2.1.1.2.2.2
U5954,237,FUSE2,306195.9053,306195.9053,313697.6277,7501.7223,7501.7223,365.7,0.048749,1,p:1.2.2.2.2.2
U5955,237,FUSE2,306304.7053,306304.7053,307097.4053,792.7,792.7,365.7,0.461335,1,p:2.1.4.1.2.2
U4030,162,FUSE0,306521.5053,306521.5053,307239.8053,718.3,718.3,271.3,0.377697,1,p:1.1.5.1.2.2
U4031,162,FUSE0,306703.9053,306703.9053,307362.2053,658.3,658.3,271.3,0.412122,1,p:2.1.3.1.2.2
U4032,162,FUSE0,306765.5053,306765.5053,307323.8053,558.3,558.3,271.3,0.485939,1,p:1.1.1.2.2.2
U4033,162,FUSE0,306796.7053,306796.7053,307535.0053,738.3,738.3,271.3,0.367466,1,p:2.1.5.1.2.2
U4034,162,FUSE0,307128.7053,307128.7053,313941.2277,6812.5223,6812.5223,271.3,0.039824,1,p:1.1.2.2.2.2
U4035,162,FUSE0,307271.1053,307271.1053,307969.4053,698.3,698.3,271.3,0.388515,1,p:2.1.4.1.2.2
U4036,162,FUSE0,307355.1053,307355.1053,307993.4053,638.3,638.3,271.3,0.425035,1,p:1.1.3.1.2.2
U4037,162,FUSE0,307393.5053,307393.5053,307974.0053,580.5,580.5,271.3,0.467356,1,p:2.1.1.2.2.2
U4038,162,FUSE0,307566.3053,307566.3053,308284.6053,718.3,718.3,271.3,0.377697,1,p:1.1.5.1.2.2
U4039,162,FUSE1,308000.7053,308000.7053,314246.8277,6246.1223,6246.1223,333.3,0.053361,1,p:2.1.2.1.2.2
U4040,162,FUSE1,308005.3053,308005.3053,308749.6053,744.3,744.3,333.3,0.447803,1,p:1.1.4.1.2.2
U4041,162,FUSE1,308024.7053,308024.7053,308745.0053,720.3,720.3,333.3,0.462724,1,p:2.1.3.1.2.2
U4042,162,FUSE1,308315.9053,308315.9053,308976.2053,660.3,660.3,333.3,0.504771,1,p:1.2.1.2.2.2
U4043,162,FUSE1,308776.3053,308776.3053,309576.6053,800.3,800.3,333.3,0.416469,1,p:2.1.5.1.2.2
U4044,162,FUSE1,308780.9053,308780.9053,314552.4277,5771.5223,5771.5223,333.3,0.057749,1,p:1.1.2.1.2.2
U4045,162,FUSE1,309007.5053,309007.5053,309767.8053,760.3,760.3,333.3,0.43838,1,p:2.1.4.1.2.2
U4046,162,FUSE1,309607.9053,309607.9053,310348.2053,740.3,740.3,333.3,0.450223,1,p:1.2.3.1.2.2
U4047,162,FUSE1,309799.1053,309799.1053,310439.4053,640.3,640.3,333.3,0.520537,1,p:2.1.1.2.2.2
U4048,162,FUSE2,310379.5053,310379.5053,311232.2053,852.7,852.7,365.7,0.428873,1,p:1.2.5.1.2.2
U4049,162,FUSE2,310470.7053,310470.7053,314890.4277,4419.7223,4419.7223,365.7,0.082743,1,p:2.1.2.1.2.2
U4050,162,FUSE2,310729.3277,310729.3277,311502.0277,772.7,772.7,365.7,0.473276,1,p:1.1.4.1.2.2
U4051,162,FUSE2,310972.9277,310972.9277,311725.6277,752.7,752.7,365.7,0.485851,1,p:2.1.3.1.2.2
U4052,162,FUSE2,311216.5277,311216.5277,311869.2277,652.7,652.7,365.7,0.560288,1,p:1.1.1.2.2.2
U4053,162,FUSE2,311263.5053,311263.5053,312096.2053,832.7,832.7,365.7,0.439174,1,p:2.1.5.1.2.2
U4054,162,FUSE2,311522.1277,311522.1277,315228.4277,3706.3,3706.3,365.7,0.09867,1,p:1.1.2.1.2.2
U4055,162,FUSE2,311533.3277,311533.3277,312326.0277,792.7,792.7,365.7,0.461335,1,p:2.1.4.1.2.2
U4056,162,FUSE2,311756.9277,311756.9277,312489.6277,732.7,732.7,365.7,0.499113,1,p:1.1.3.1.2.2
U4057,162,FUSE2,311860.1277,311860.1277,312532.8277,672.7,672.7,365.7,0.54363,1,p:2.1.1.2.2.2
U8353,334,FUSE0,311900.5277,311900.5277,312658.8277,758.3,758.3,271.3,0.357774,1,p:1.2.5.1.2.2
U8354,334,FUSE0,312127.5053,312127.5053,315472.0277,3344.5223,3344.5223,271.3,0.081118,1,p:2.1.2.1.2.2
U8355,334,FUSE0,312198.1277,312198.1277,312876.4277,678.3,678.3,271.3,0.399971,1,p:1.1.4.1.2.2
U8356,334,FUSE0,312357.3277,312357.3277,313015.6277,658.3,658.3,271.3,0.412122,1,p:2.1.3.1.2.2
U8357,334,FUSE0,312441.7277,312441.7277,313000.0277,558.3,558.3,271.3,0.485939,1,p:1.1.1.2.2.2
U8358,334,FUSE0,312520.9277,312520.9277,313259.2277,738.3,738.3,271.3,0.367466,1,p:2.1.5.1.2.2
U8359,334,FUSE0,312564.1277,312564.1277,315715.6277,3151.5,3151.5,271.3,0.086086,1,p:1.1.2.1.2.2
U8360,334,FUSE0,312690.1277,312690.1277,313390.2277,700.1,700.1,271.3,0.387516,1,p:2.1.4.1.2.2
U8361,334,FUSE0,312747.3277,312747.3277,313385.6277,638.3,638.3,271.3,0.425035,1,p:1.1.3.1.2.2
U8362,334,FUSE1,312907.7277,312907.7277,313548.0277,640.3,640.3,333.3,0.520537,1,p:2.1.1.1.2.2
U8363,334,FUSE1,313031.3277,313031.3277,313851.6277,820.3,820.3,333.3,0.406315,1,p:1.2.5.1.2.2
U8364,334,FUSE1,313046.9277,313046.9277,316021.2277,2974.3,2974.3,333.3,0.11206,1,p:2.1.2.1.2.2
U8365,334,FUSE1,313052.9277,313052.9277,313793.2277,740.3,740.3,333.3,0.450223,1,p:1.1.4.1.2.2
U8366,334,FUSE1,313290.5277,313290.5277,314010.8277,720.3,720.3,333.3,0.462724,1,p:2.1.3.1.2.2
U8367,334,FUSE1,313390.9277,313390.9277,314015.4277,624.5,624.5,333.3,0.533707,1,p:1.1.1.1.2.2
U8368,334,FUSE1,313416.9277,313416.9277,314217.2277,800.3,800.3,333.3,0.416469,1,p:2.1.5.1.2.2
U8369,334,FUSE1,313421.5277,313421.5277,316327.0277,2905.5,2905.5,333.3,0.114713,1,p:1.1.2.1.2.2
U8370,334,FUSE1,313579.3277,313579.3277,314339.6277,760.3,760.3,333.3,0.43838,1,p:2.1.4.1.2.2
U8371,334,FUSE2,313728.9277,313728.9277,314461.6277,732.7,732.7,365.7,0.499113,1,p:1.1.3.1.2.2
U8372,334,FUSE2,313824.5277,313824.5277,314497.2277,672.7,672.7,365.7,0.54363,1,p:2.1.1.1.2.2
U8373,334,FUSE2,313882.9277,313882.9277,314735.6277,852.7,852.7,365.7,0.428873,1,p:1.2.5.1.2.2
U8374,334,FUSE2,313972.5277,313972.5277,316664.8277,2692.3,2692.3,365.7,0.135832,1,p:2.1.2.1.2.2
U8375,334,FUSE2,314042.1277,314042.1277,314814.8277,772.7,772.7,365.7,0.473276,1,p:1.1.4.1.2.2
U8376,334,FUSE2,314046.7277,314046.7277,314799.6277,752.9,752.9,365.7,0.485722,1,p:2.1.3.1.2.2
U8377,334,FUSE2,314248.5277,314248.5277,314941.2277,692.7,692.7,365.7,0.527934,1,p:1.2.1.1.2.2
U8378,334,FUSE2,314278.1277,314278.1277,315110.8277,832.7,832.7,365.7,0.439174,1,p:2.1.5.1.2.2
U8379,334,FUSE2,314370.9277,314370.9277,317002.8277,2631.9,2631.9,365.7,0.138949,1,p:1.1.2.1.2.2
U8380,334,FUSE2,314492.9277,314492.9277,315285.6277,792.7,792.7,365.7,0.461335,1,p:2.1.4.1.2.2
U3884,156,FUSE0,314528.5277,314528.5277,315166.8277,638.3,638.3,271.3,0.425035,1,p:1.1.3.1.2.2
U3885,156,FUSE0,314583.7277,314583.7277,315184.8277,601.1,601.1,271.3,0.451339,1,p:2.1.1.2.2.2
U3886,156,FUSE0,314766.9277,314766.9277,315485.2277,718.3,718.3,271.3,0.377697,1,p:1.1.5.1.2.2
U3887,156,FUSE0,314830.9277,314830.9277,315494.8277,663.9,663.9,271.3,0.408646,1,p:2.1.3.1.2.2
U3888,156,FUSE0,314846.1277,314846.1277,317246.4277,2400.3,2400.3,271.3,0.113028,1,p:1.1.2.1.2.2
U3889,156,FUSE0,314921.7277,314921.7277,315620.0277,698.3,698.3,271.3,0.388515,1,p:2.1.4.1.2.2
U3890,156,FUSE0,314972.5277,314972.5277,315530.8277,558.3,558.3,271.3,0.485939,1,p:1.1.1.2.2.2
U3891,156,FUSE0,315142.1277,315142.1277,315880.4277,738.3,738.3,271.3,0.367466,1,p:2.1.5.1.2.2
U3892,156,FUSE1,315198.1277,315198.1277,315898.4277,700.3,700.3,333.3,0.475939,1,p:1.1.3.1.2.2
U3893,156,FUSE1,315216.1277,315216.1277,317555.4277,2339.3,2339.3,333.3,0.142479,1,p:2.1.2.1.2.2
U3894,156,FUSE1,315259.7277,315259.7277,316000.0277,740.3,740.3,333.3,0.450223,1,p:1.1.4.1.2.2
U3895,156,FUSE1,315316.9277,315316.9277,315957.2277,640.3,640.3,333.3,0.520537,1,p:2.1.1.2.2.2
U3896,156,FUSE1,315503.3277,315503.3277,316283.6277,780.3,780.3,333.3,0.427143,1,p:1.1.5.1.2.2
U3897,156,FUSE1,315516.5277,315516.5277,316236.8277,720.3,720.3,333.3,0.462724,1,p:2.1.3.1.2.2
U3898,156,FUSE1,315526.1277,315526.1277,317857.6277,2331.5,2331.5,333.3,0.142955,1,p:1.1.2.1.2.2
U3899,156,FUSE1,315562.1277,315562.1277,316322.4277,760.3,760.3,333.3,0.43838,1,p:2.1.4.1.2.2
U3900,156,FUSE1,315651.3277,315651.3277,316271.6277,620.3,620.3,333.3,0.537321,1,p:1.1.1.2.2.2
U3901,156,FUSE2,315746.9277,315746.9277,316621.6277,874.7,874.7,365.7,0.418086,1,p:2.1.5.1.2.2
U3902,156,FUSE2,315911.7277,315911.7277,316644.4277,732.7,732.7,365.7,0.499113,1,p:1.1.3.1.2.2
U3903,156,FUSE2,315929.7277,315929.7277,318195.6277,2265.9,2265.9,365.7,0.161393,1,p:2.1.2.1.2.2
U3904,156,FUSE2,315988.5277,315988.5277,316801.2277,812.7,812.7,365.7,0.449982,1,p:1.2.4.1.2.2
U3905,156,FUSE2,316031.3277,316031.3277,316704.0277,672.7,672.7,365.7,0.54363,1,p:2.1.1.2.2.2
U3906,156,FUSE2,316052.5277,316052.5277,316959.6277,907.1,907.1,365.7,0.403153,1,p:1.1.5.1.2.2
U3907,156,FUSE2,316268.1277,316268.1277,317020.8277,752.7,752.7,365.7,0.485851,1,p:2.1.3.1.2.2
U3908,156,FUSE2,316302.9277,316302.9277,318533.6277,2230.7,2230.7,365.7,0.16394,1,p:1.1.2.1.2.2
U3909,156,FUSE2,316314.9277,316314.9277,317139.2277,824.3,824.3,365.7,0.443649,1,p:2.1.4.1.2.2
U4915,196,FUSE0,316353.7277,316353.7277,316947.6277,593.9,593.9,271.3,0.456811,1,p:1.1.1.1.2.2
U4916,196,FUSE0,316358.3277,316358.3277,317203.2277,844.9,844.9,271.3,0.321103,1,p:2.1.5.1.2.2
U4917,196,FUSE0,316652.9277,316652.9277,317211.2277,558.3,558.3,271.3,0.485939,1,p:1.1.1.1.2.2
U4918,196,FUSE0,316675.7277,316675.7277,317334.0277,658.3,658.3,271.3,0.412122,1,p:2.1.3.1.2.2
U4919,196,FUSE0,316696.1277,316696.1277,318777.2277,2081.1,2081.1,271.3,0.130364,1,p:1.2.2.1.2.2
U4920,196,FUSE0,316735.3277,316735.3277,317433.6277,698.3,698.3,271.3,0.388515,1,p:2.1.4.1.2.2
U4921,196,FUSE0,316832.5277,316832.5277,317550.8277,718.3,718.3,271.3,0.377697,1,p:1.1.5.1.2.2
U4922,196,FUSE1,316978.9277,316978.9277,317621.6277,642.7,642.7,333.3,0.518593,1,p:2.1.1.1.2.2
U4923,196,FUSE1,316990.9277,316990.9277,317691.2277,700.3,700.3,333.3,0.475939,1,p:1.1.3.1.2.2
U4924,196,FUSE1,317034.1277,317034.1277,319082.8277,2048.7,2048.7,333.3,0.162689,1,p:2.1.2.1.2.2
U4925,196,FUSE1,317052.1277,317052.1277,317792.4277,740.3,740.3,333.3,0.450223,1,p:1.1.4.1.2.2
U4926,196,FUSE1,317170.5277,317170.5277,317970.8277,800.3,800.3,333.3,0.416469,1,p:2.1.5.1.2.2
U4927,196,FUSE1,317234.5277,317234.5277,317927.2277,692.7,692.7,333.3,0.481161,1,p:1.1.1.1.2.2
U4928,196,FUSE1,317242.5277,317242.5277,317996.8277,754.3,754.3,333.3,0.441867,1,p:2.1.3.1.2.2
U4929,196,FUSE2,317277.7277,317277.7277,319420.8277,2143.1,2143.1,365.7,0.170641,1,p:1.1.2.1.2.2
U4930,196,FUSE2,317365.3277,317365.3277,318158.0277,792.7,792.7,365.7,0.461335,1,p:2.1.4.1.2.2
U4931,196,FUSE2,317464.9277,317464.9277,318308.8277,843.9,843.9,365.7,0.433345,1,p:1.1.5.1.2.2
U4932,196,FUSE2,317582.1277,317582.1277,318265.2277,683.1,683.1,365.7,0.535354,1,p:2.1.1.1.2.2
U4933,196,FUSE2,317586.7277,317586.7277,318334.8277,748.1,748.1,365.7,0.488838,1,p:1.1.3.1.2.2
U4934,196,FUSE2,317652.9277,317652.9277,319758.8277,2105.9,2105.9,365.7,0.173655,1,p:2.1.2.1.2.2
U865,35,FUSE0,317722.5277,317722.5277,318440.8277,718.3,718.3,271.3,0.377697,1,p:1.2.4.1.2.2
U866,35,FUSE0,317823.7277,317823.7277,318562.0277,738.3,738.3,271.3,0.367466,1,p:2.1.5.1.2.2
U867,35,FUSE0,317888.9277,317888.9277,318508.8277,619.9,619.9,271.3,0.437651,1,p:1.1.1.1.2.2
U868,35,FUSE0,317958.5277,317958.5277,318684.4277,725.9,725.9,271.3,0.373743,1,p:2.1.4.1.2.2
U869,35,FUSE0,318002.1277,318002.1277,318640.4277,638.3,638.3,271.3,0.425035,1,p:1.1.3.1.2.2
U870,35,FUSE0,318028.1277,318028.1277,320005.8277,1977.7,1977.7,271.3,0.13718,1,p:2.1.2.1.2.2
U871,35,FUSE0,318189.3277,318189.3277,318907.6277,718.3,718.3,271.3,0.377697,1,p:1.1.5.1.2.2
U872,35,FUSE0,318226.9277,318226.9277,318805.2277,578.3,578.3,271.3,0.469134,1,p:2.1.1.1.2.2
U873,35,FUSE0,318296.5277,318296.5277,318974.8277,678.3,678.3,271.3,0.399971,1,p:1.1.4.1.2.2
U874,35,FUSE1,318340.1277,318340.1277,319060.4277,720.3,720.3,333.3,0.462724,1,p:2.1.3.1.2.2
U875,35,FUSE1,318366.1277,318366.1277,320308.0277,1941.9,1941.9,333.3,0.171636,1,p:1.1.2.1.2.2
U876,35,FUSE1,318472.1277,318472.1277,319272.4277,800.3,800.3,333.3,0.416469,1,p:2.1.5.1.2.2
U877,35,FUSE1,318540.1277,318540.1277,319160.4277,620.3,620.3,333.3,0.537321,1,p:1.1.1.1.2.2
U878,35,FUSE1,318564.9277,318564.9277,319325.2277,760.3,760.3,333.3,0.43838,1,p:2.1.4.1.2.2
U879,35,FUSE1,318593.3277,318593.3277,319366.0277,772.7,772.7,333.3,0.431345,1,p:1.1.3.1.2.2
U880,35,FUSE1,318671.7277,318671.7277,320613.6277,1941.9,1941.9,333.3,0.171636,1,p:2.1.2.1.2.2
U881,35,FUSE1,318715.7277,318715.7277,319578.0277,862.3,862.3,333.3,0.386524,1,p:1.1.5.1.2.2
U882,35,FUSE1,318808.5277,318808.5277,319466.0277,657.5,657.5,333.3,0.50692,1,p:2.1.1.1.2.2
U883,35,FUSE2,318836.5277,318836.5277,319663.2277,826.7,826.7,365.7,0.442361,1,p:1.1.4.1.2.2
U884,35,FUSE2,318938.9277,318938.9277,319704.0277,765.1,765.1,365.7,0.477977,1,p:2.1.3.1.2.2
U885,35,FUSE2,319006.1277,319006.1277,320951.6277,1945.5,1945.5,365.7,0.187972,1,p:1.2.2.1.2.2
U886,35,FUSE2,319091.7277,319091.7277,319924.4277,832.7,832.7,365.7,0.439174,1,p:2.1.5.1.2.2
U887,35,FUSE2,319114.1277,319114.1277,319804.0277,689.9,689.9,365.7,0.530077,1,p:1.1.1.1.2.2
U888,35,FUSE2,319191.7277,319191.7277,320001.2277,809.5,809.5,365.7,0.45176,1,p:2.1.4.1.2.2
U889,35,FUSE2,319303.7277,319303.7277,320042.0277,738.3,738.3,365.7,0.495327,1,p:1.1.3.1.2.2
U890,35,FUSE2,319356.5277,319356.5277,321289.6277,1933.1,1933.1,365.7,0.189178,1,p:2.1.2.1.2.2
U891,35,FUSE2,319397.3277,319397.3277,320262.4277,865.1,865.1,365.7,0.422726,1,p:1.1.5.1.2.2
U691,28,FUSE0,319452.1277,319452.1277,320047.6277,595.5,595.5,271.3,0.455584,1,p:2.1.1.1.2.2
U692,28,FUSE0,319497.3277,319497.3277,320244.8277,747.5,747.5,271.3,0.362943,1,p:1.1.4.1.2.2
U693,28,FUSE0,319609.3277,319609.3277,320285.6277,676.3,676.3,271.3,0.401153,1,p:2.1.3.1.2.2
U694,28,FUSE0,319694.5277,319694.5277,321533.2277,1838.7,1838.7,271.3,0.14755,1,p:1.1.2.1.2.2
U695,28,FUSE0,319735.3277,319735.3277,320506.0277,770.7,770.7,271.3,0.352018,1,p:2.1.5.1.2.2
U696,28,FUSE0,319790.1277,319790.1277,320348.4277,558.3,558.3,271.3,0.485939,1,p:1.1.1.1.2.2
U697,28,FUSE0,319835.3277,319835.3277,320533.6277,698.3,698.3,271.3,0.388515,1,p:2.1.4.1.2.2
U698,28,FUSE0,319955.7277,319955.7277,320594.0277,638.3,638.3,271.3,0.425035,1,p:1.1.3.1.2.2
U699,28,FUSE0,320032.5277,320032.5277,321776.8277,1744.3,1744.3,271.3,0.155535,1,p:2.1.2.1.2.2
U700,28,FUSE1,320037.1277,320037.1277,320817.4277,780.3,780.3,333.3,0.427143,1,p:1.1.5.1.2.2
U701,28,FUSE1,320073.3277,320073.3277,320713.6277,640.3,640.3,333.3,0.520537,1,p:2.1.1.1.2.2
U702,28,FUSE1,320078.9277,320078.9277,320839.2277,760.3,760.3,333.3,0.43838,1,p:1.1.4.1.2.2
U703,28,FUSE1,320276.1277,320276.1277,321004.4277,728.3,728.3,333.3,0.457641,1,p:2.1.3.1.2.2
U704,28,FUSE1,320293.7277,320293.7277,322082.4277,1788.7,1788.7,333.3,0.186336,1,p:1.1.2.1.2.2
U705,28,FUSE1,320316.9277,320316.9277,321123.0277,806.1,806.1,333.3,0.413472,1,p:2.1.5.1.2.2
U706,28,FUSE1,320339.3277,320339.3277,321019.2277,679.9,679.9,333.3,0.490219,1,p:1.1.1.1.2.2
U707,28,FUSE1,320379.7277,320379.7277,321144.8277,765.1,765.1,333.3,0.435629,1,p:2.1.4.1.2.2
U708,28,FUSE1,320537.3277,320537.3277,321310.0277,772.7,772.7,333.3,0.431345,1,p:1.1.3.1.2.2
U709,28,FUSE2,320564.9277,320564.9277,322420.4277,1855.5,1855.5,365.7,0.19709,1,p:2.1.2.1.2.2
U710,28,FUSE2,320625.3277,320625.3277,321461.0277,835.7,835.7,365.7,0.437597,1,p:1.1.5.1.2.2
U711,28,FUSE2,320644.9277,320644.9277,321357.2277,712.3,712.3,365.7,0.513407,1,p:2.1.1.1.2.2
U712,28,FUSE2,320744.9277,320744.9277,321557.6277,812.7,812.7,365.7,0.449982,1,p:1.2.4.1.2.2
U713,28,FUSE2,320848.7277,320848.7277,321648.0277,799.3,799.3,365.7,0.457525,1,p:2.1.3.1.2.2
U714,28,FUSE2,320870.5277,320870.5277,322758.4277,1887.9,1887.9,365.7,0.193707,1,p:1.1.2.1.2.2
U715,28,FUSE2,320982.9277,320982.9277,321815.6277,832.7,832.7,365.7,0.439174,1,p:2.1.5.1.2.2
U716,28,FUSE2,321035.7277,321035.7277,321695.2277,659.5,659.5,365.7,0.554511,1,p:1.1.1.1.2.2
U717,28,FUSE2,321050.5277,321050.5277,321896.2277,845.7,845.7,365.7,0.432423,1,p:2.1.4.1.2.2
U945,38,FUSE0,321154.3277,321154.3277,321891.6277,737.3,737.3,271.3,0.367964,1,p:1.1.3.1.2.2
U946,38,FUSE0,321176.1277,321176.1277,323002.0277,1825.9,1825.9,271.3,0.148584,1,p:2.1.2.1.2.2
U947,38,FUSE0,321320.9277,321320.9277,322059.2277,738.3,738.3,271.3,0.367466,1,p:1.1.5.1.2.2
U948,38,FUSE0,321341.3277,321341.3277,321938.8277,597.5,597.5,271.3,0.454059,1,p:2.1.1.1.2.2
U949,38,FUSE0,321388.5277,321388.5277,322135.2277,746.7,746.7,271.3,0.363332,1,p:1.2.3.1.2.2
U950,38,FUSE0,321492.3277,321492.3277,322190.6277,698.3,698.3,271.3,0.388515,1,p:2.1.4.1.2.2
U951,38,FUSE0,321564.5277,321564.5277,323245.6277,1681.1,1681.1,271.3,0.161382,1,p:1.1.2.1.2.2
U952,38,FUSE0,321588.9277,321588.9277,322327.2277,738.3,738.3,271.3,0.367466,1,p:2.1.5.1.2.2
U953,38,FUSE1,321679.3277,321679.3277,322299.6277,620.3,620.3,333.3,0.537321,1,p:1.1.1.1.2.2
U954,38,FUSE1,321726.5277,321726.5277,322446.8277,720.3,720.3,333.3,0.462724,1,p:2.1.3.1.2.2
U955,38,FUSE1,321808.1277,321808.1277,322548.4277,740.3,740.3,333.3,0.450223,1,p:1.1.4.1.2.2
U956,38,FUSE1,321846.9277,321846.9277,323551.2277,1704.3,1704.3,333.3,0.195564,1,p:2.1.2.1.2.2
U957,38,FUSE1,321922.9277,321922.9277,322703.2277,780.3,780.3,333.3,0.427143,1,p:1.1.5.1.2.2
U958,38,FUSE1,321927.5277,321927.5277,322605.2277,677.7,677.7,333.3,0.491811,1,p:2.1.1.1.2.2
U959,38,FUSE1,321970.1277,321970.1277,322752.4277,782.3,782.3,333.3,0.426051,1,p:1.2.3.1.2.2
U960,38,FUSE1,322090.5277,322090.5277,322854.0277,763.5,763.5,333.3,0.436542,1,p:2.1.4.1.2.2
U961,38,FUSE2,322113.7277,322113.7277,323889.2277,1775.5,1775.5,365.7,0.20597,1,p:1.1.2.1.2.2
U962,38,FUSE2,322166.5277,322166.5277,323041.2277,874.7,874.7,365.7,0.418086,1,p:2.1.5.1.2.2
U963,38,FUSE2,322221.9277,322221.9277,322943.2277,721.3,721.3,365.7,0.507001,1,p:1.1.1.1.2.2
U964,38,FUSE2,322330.9277,322330.9277,323090.4277,759.5,759.5,365.7,0.481501,1,p:2.1.3.1.2.2
U965,38,FUSE2,322358.5277,322358.5277,323192.0277,833.5,833.5,365.7,0.438752,1,p:1.1.4.1.2.2
U966,38,FUSE2,322451.7277,322451.7277,324227.2277,1775.5,1775.5,365.7,0.20597,1,p:2.1.2.1.2.2
U967,38,FUSE2,322478.1277,322478.1277,323379.2277,901.1,901.1,365.7,0.405837,1,p:1.1.5.1.2.2
U968,38,FUSE2,322579.7277,322579.7277,323281.2277,701.5,701.5,365.7,0.521311,1,p:2.1.1.1.2.2
U5283,211,FUSE0,322636.5277,322636.5277,323334.0277,697.5,697.5,271.3,0.388961,1,p:1.1.3.1.2.2
U5284,211,FUSE0,322734.5277,322734.5277,323435.6277,701.1,701.1,271.3,0.386963,1,p:2.1.4.1.2.2
U5285,211,FUSE0,322783.7277,322783.7277,324470.8277,1687.1,1687.1,271.3,0.160808,1,p:1.1.2.1.2.2
U5286,211,FUSE0,322789.7277,322789.7277,323622.8277,833.1,833.1,271.3,0.325651,1,p:2.1.5.1.2.2
U5287,211,FUSE0,322885.3277,322885.3277,323577.6277,692.3,692.3,271.3,0.391882,1,p:1.1.3.1.2.2
U5288,211,FUSE0,322974.5277,322974.5277,323679.2277,704.7,704.7,271.3,0.384987,1,p:2.1.4.1.2.2
U5289,211,FUSE0,323033.3277,323033.3277,323591.6277,558.3,558.3,271.3,0.485939,1,p:1.1.1.1.2.2
U5290,211,FUSE1,323072.5277,323072.5277,324776.4277,1703.9,1703.9,333.3,0.19561,1,p:2.1.2.1.2.2
U5291,211,FUSE1,323121.7277,323121.7277,323928.4277,806.7,806.7,333.3,0.413165,1,p:1.1.5.1.2.2
U5292,211,FUSE1,323223.3277,323223.3277,323943.6277,720.3,720.3,333.3,0.462724,1,p:2.1.3.1.2.2
U5293,211,FUSE1,323276.9277,323276.9277,324017.2277,740.3,740.3,333.3,0.450223,1,p:1.1.4.1.2.2
U5294,211,FUSE1,323312.5277,323312.5277,323952.8277,640.3,640.3,333.3,0.520537,1,p:2.1.1.1.2.2
U5295,211,FUSE1,323365.3277,323365.3277,325082.0277,1716.7,1716.7,333.3,0.194152,1,p:1.1.2.1.2.2
U5296,211,FUSE1,323410.5277,323410.5277,324234.0277,823.5,823.5,333.3,0.404736,1,p:2.1.5.1.2.2
U5297,211,FUSE2,323466.9277,323466.9277,324281.6277,814.7,814.7,365.7,0.448877,1,p:1.1.3.1.2.2
U5298,211,FUSE2,323582.5277,323582.5277,324375.2277,792.7,792.7,365.7,0.461335,1,p:2.1.4.1.2.2
U5299,211,FUSE2,323608.9277,323608.9277,324290.8277,681.9,681.9,365.7,0.536296,1,p:1.1.1.1.2.2
U5300,211,FUSE2,323622.9277,323622.9277,325420.0277,1797.1,1797.1,365.7,0.203495,1,p:2.1.2.1.2.2
U5301,211,FUSE2,323654.1277,323654.1277,324572.0277,917.9,917.9,365.7,0.398409,1,p:1.1.5.1.2.2
U5302,211,FUSE2,323710.5277,323710.5277,324619.6277,909.1,909.1,365.7,0.402266,1,p:2.1.3.1.2.2
U5303,211,FUSE2,323920.5277,323920.5277,324713.2277,792.7,792.7,365.7,0.461335,1,p:1.1.4.1.2.2
U5304,211,FUSE2,323959.7277,323959.7277,324632.4277,672.7,672.7,365.7,0.54363,1,p:2.1.1.1.2.2
U3114,125,FUSE0,323974.9277,323974.9277,325663.6277,1688.7,1688.7,271.3,0.160656,1,p:1.2.2.1.2.2
U3115,125,FUSE0,323984.1277,323984.1277,324815.6277,831.5,831.5,271.3,0.326278,1,p:2.1.5.1.2.2
U3116,125,FUSE0,324048.5277,324048.5277,324863.2277,814.7,814.7,271.3,0.333006,1,p:1.1.3.1.2.2
U3117,125,FUSE0,324258.5277,324258.5277,324956.8277,698.3,698.3,271.3,0.388515,1,p:2.1.4.1.2.2
U3118,125,FUSE0,324265.3277,324265.3277,324876.0277,610.7,610.7,271.3,0.444244,1,p:1.1.1.1.2.2
U3119,125,FUSE0,324312.9277,324312.9277,325910.6277,1597.7,1597.7,271.3,0.169807,1,p:2.1.2.1.2.2
U3120,125,FUSE0,324322.1277,324322.1277,325059.2277,737.1,737.1,271.3,0.368064,1,p:1.1.5.1.2.2
U3121,125,FUSE0,324406.5277,324406.5277,325106.8277,700.3,700.3,271.3,0.387405,1,p:2.1.3.1.2.2
U3122,125,FUSE1,324502.1277,324502.1277,325262.4277,760.3,760.3,333.3,0.43838,1,p:1.1.4.1.2.2
U3123,125,FUSE1,324603.3277,324603.3277,325243.6277,640.3,640.3,333.3,0.520537,1,p:2.1.1.1.2.2
U3124,125,FUSE1,324650.9277,324650.9277,326212.8277,1561.9,1561.9,333.3,0.213394,1,p:1.2.2.1.2.2
U3125,125,FUSE1,324663.7277,324663.7277,325464.0277,800.3,800.3,333.3,0.416469,1,p:2.1.5.1.2.2
U3126,125,FUSE1,324744.5277,324744.5277,325444.8277,700.3,700.3,333.3,0.475939,1,p:1.1.3.1.2.2
U3127,125,FUSE1,324807.7277,324807.7277,325568.0277,760.3,760.3,333.3,0.43838,1,p:2.1.4.1.2.2
U3128,125,FUSE1,324846.9277,324846.9277,325549.2277,702.3,702.3,333.3,0.474584,1,p:1.1.1.1.2.2
U3129,125,FUSE1,324894.5277,324894.5277,326518.4277,1623.9,1623.9,333.3,0.205247,1,p:2.1.2.1.2.2
U3130,125,FUSE2,324907.3277,324907.3277,325802.0277,894.7,894.7,365.7,0.40874,1,p:1.1.5.1.2.2
U3131,125,FUSE2,324988.1277,324988.1277,325782.8277,794.7,794.7,365.7,0.460174,1,p:2.1.3.1.2.2
U3132,125,FUSE2,325090.5277,325090.5277,325906.0277,815.5,815.5,365.7,0.448437,1,p:1.1.4.1.2.2
U3133,125,FUSE2,325113.3277,325113.3277,325887.2277,773.9,773.9,365.7,0.472542,1,p:2.1.1.1.2.2
U3134,125,FUSE2,325138.1277,325138.1277,326856.4277,1718.3,1718.3,365.7,0.212827,1,p:1.2.2.1.2.2
U3135,125,FUSE2,325274.9277,325274.9277,326140.0277,865.1,865.1,365.7,0.422726,1,p:2.1.5.1.2.2
U3136,125,FUSE2,325293.7277,325293.7277,326120.8277,827.1,827.1,365.7,0.442147,1,p:1.1.3.1.2.2
U3137,125,FUSE2,325451.3277,325451.3277,326244.0277,792.7,792.7,365.7,0.461335,1,p:2.1.4.1.2.2
U3138,125,FUSE2,325476.1277,325476.1277,326225.2277,749.1,749.1,365.7,0.488186,1,p:1.1.1.1.2.2
U6501,260,FUSE0,325495.3277,325495.3277,327100.0277,1604.7,1604.7,271.3,0.169066,1,p:2.1.2.1.2.2
U6502,260,FUSE0,325580.5277,325580.5277,326383.6277,803.1,803.1,271.3,0.337816,1,p:1.1.5.1.2.2
U6503,260,FUSE0,325599.3277,325599.3277,326364.4277,765.1,765.1,271.3,0.354594,1,p:2.1.3.1.2.2
U6504,260,FUSE0,325694.9277,325694.9277,327343.6277,1648.7,1648.7,271.3,0.164554,1,p:1.1.2.1.2.2
U6505,260,FUSE0,325814.1277,325814.1277,326512.4277,698.3,698.3,271.3,0.388515,1,p:2.1.4.1.2.2
U6506,260,FUSE0,325833.3277,325833.3277,326468.8277,635.5,635.5,271.3,0.426908,1,p:1.2.1.1.2.2
U6507,260,FUSE0,325918.5277,325918.5277,326666.0277,747.5,747.5,271.3,0.362943,1,p:2.1.5.1.2.2
U6508,260,FUSE0,325937.3277,325937.3277,326608.0277,670.7,670.7,271.3,0.404503,1,p:1.1.3.1.2.2
U6509,260,FUSE0,325941.9277,325941.9277,327587.2277,1645.3,1645.3,271.3,0.164894,1,p:2.1.2.1.2.2
U6510,260,FUSE1,326152.1277,326152.1277,326892.4277,740.3,740.3,333.3,0.450223,1,p:1.1.4.1.2.2
U6511,260,FUSE1,326171.3277,326171.3277,326811.6277,640.3,640.3,333.3,0.520537,1,p:2.1.1.1.2.2
U6512,260,FUSE1,326244.1277,326244.1277,327024.4277,780.3,780.3,333.3,0.427143,1,p:1.1.5.1.2.2
U6513,260,FUSE1,326256.5277,326256.5277,326986.0277,729.5,729.5,333.3,0.456888,1,p:2.1.3.1.2.2
U6514,260,FUSE1,326275.3277,326275.3277,327892.8277,1617.5,1617.5,333.3,0.206059,1,p:1.1.2.1.2.2
U6515,260,FUSE1,326395.7277,326395.7277,327198.0277,802.3,802.3,333.3,0.415431,1,p:2.1.4.1.2.2
U6516,260,FUSE1,326414.9277,326414.9277,327117.2277,702.3,702.3,333.3,0.474584,1,p:1.1.1.1.2.2
U6517,260,FUSE1,326500.1277,326500.1277,327330.0277,829.9,829.9,333.3,0.401615,1,p:2.1.5.1.2.2
U6518,260,FUSE1,326543.7277,326543.7277,327291.6277,747.9,747.9,333.3,0.445648,1,p:1.1.3.1.2.2
U6519,260,FUSE2,326549.7277,326549.7277,328230.8277,1681.1,1681.1,365.7,0.217536,1,p:2.1.2.1.2.2
U6520,260,FUSE2,326639.3277,326639.3277,327536.0277,896.7,896.7,365.7,0.407829,1,p:1.1.4.1.2.2
U6521,260,FUSE2,326697.3277,326697.3277,327455.2277,757.9,757.9,365.7,0.482517,1,p:2.1.1.1.2.2
U6522,260,FUSE2,326842.9277,326842.9277,327695.6277,852.7,852.7,365.7,0.428873,1,p:1.2.5.1.2.2
U6523,260,FUSE2,326887.7277,326887.7277,327640.4277,752.7,752.7,365.7,0.485851,1,p:2.1.3.1.2.2
U6524,260,FUSE2,326923.7277,326923.7277,328568.8277,1645.1,1645.1,365.7,0.222297,1,p:1.1.2.1.2.2
U6525,260,FUSE2,327017.3277,327017.3277,327874.0277,856.7,856.7,365.7,0.426871,1,p:2.1.4.1.2.2
U6526,260,FUSE2,327055.7277,327055.7277,327793.2277,737.5,737.5,365.7,0.495864,1,p:1.1.1.1.2.2
U6527,260,FUSE2,327131.3277,327131.3277,328033.6277,902.3,902.3,365.7,0.405298,1,p:2.1.5.1.2.2
U6528,260,FUSE2,327148.5277,327148.5277,327978.4277,829.9,829.9,365.7,0.440656,1,p:1.1.3.1.2.2
U2891,116,FUSE0,327229.3277,327229.3277,328812.4277,1583.1,1583.1,271.3,0.171373,1,p:2.1.2.1.2.2
U2892,116,FUSE0,327322.9277,327322.9277,328117.6277,794.7,794.7,271.3,0.341387,1,p:1.1.4.1.2.2
U2893,116,FUSE0,327361.3277,327361.3277,328038.2277,676.9,676.9,271.3,0.400798,1,p:2.1.1.1.2.2
U2894,116,FUSE0,327374.9277,327374.9277,328277.2277,902.3,902.3,271.3,0.300676,1,p:1.2.5.1.2.2
U2895,116,FUSE0,327486.5277,327486.5277,329056.0277,1569.5,1569.5,271.3,0.172858,1,p:2.1.2.1.2.2
U2896,116,FUSE0,327567.3277,327567.3277,328222.0277,654.7,654.7,271.3,0.414388,1,p:1.1.3.1.2.2
U2897,116,FUSE0,327618.5277,327618.5277,328361.2277,742.7,742.7,271.3,0.365289,1,p:2.1.4.1.2.2
U2898,116,FUSE0,327671.7277,327671.7277,328281.8277,610.1,610.1,271.3,0.444681,1,p:1.1.1.1.2.2
U2899,116,FUSE1,327726.9277,327726.9277,328582.8277,855.9,855.9,333.3,0.389415,1,p:2.1.5.1.2.2
U2900,116,FUSE1,327824.5277,327824.5277,329361.6277,1537.1,1537.1,333.3,0.216837,1,p:1.1.2.1.2.2
U2901,116,FUSE1,327905.3277,327905.3277,328634.8277,729.5,729.5,333.3,0.456888,1,p:2.1.3.1.2.2
U2902,116,FUSE1,327924.1277,327924.1277,328666.8277,742.7,742.7,333.3,0.448768,1,p:1.1.4.1.2.2
U2903,116,FUSE1,328009.7277,328009.7277,328650.0277,640.3,640.3,333.3,0.520537,1,p:2.1.1.1.2.2
U2904,116,FUSE1,328064.9277,328064.9277,328888.4277,823.5,823.5,333.3,0.404736,1,p:1.2.5.1.2.2
U2905,116,FUSE1,328069.5277,328069.5277,329667.2277,1597.7,1597.7,333.3,0.208612,1,p:2.1.2.1.2.2
U2906,116,FUSE1,328148.9277,328148.9277,328940.4277,791.5,791.5,333.3,0.421099,1,p:1.1.3.1.2.2
U2907,116,FUSE2,328253.3277,328253.3277,329046.0277,792.7,792.7,365.7,0.461335,1,p:2.1.4.1.2.2
U2908,116,FUSE2,328262.1277,328262.1277,328988.0277,725.9,725.9,365.7,0.503788,1,p:1.1.1.1.2.2
U2909,116,FUSE2,328308.5277,328308.5277,329226.4277,917.9,917.9,365.7,0.398409,1,p:2.1.5.1.2.2
U2910,116,FUSE2,328313.1277,328313.1277,330005.2277,1692.1,1692.1,365.7,0.216122,1,p:1.1.2.1.2.2
U2911,116,FUSE2,328392.5277,328392.5277,329278.4277,885.9,885.9,365.7,0.412801,1,p:2.1.3.1.2.2
U2912,116,FUSE2,328600.1277,328600.1277,329384.0277,783.9,783.9,365.7,0.466514,1,p:1.1.4.1.2.2
U2913,116,FUSE2,328614.1277,328614.1277,329326.0277,711.9,711.9,365.7,0.513696,1,p:2.1.1.1.2.2
U2914,116,FUSE2,328666.1277,328666.1277,329564.4277,898.3,898.3,365.7,0.407102,1,p:1.2.5.1.2.2
U2915,116,FUSE2,328681.3277,328681.3277,330343.2277,1661.9,1661.9,365.7,0.220049,1,p:2.1.2.1.2.2
U6478,259,FUSE0,328698.1277,328698.1277,329522.0277,823.9,823.9,271.3,0.329288,1,p:1.1.3.2.2.2
U6479,259,FUSE0,328843.7277,328843.7277,329627.6277,783.9,783.9,271.3,0.34609,1,p:2.1.4.1.2.2
U6480,259,FUSE0,328919.7277,328919.7277,329569.6277,649.9,649.9,271.3,0.417449,1,p:1.1.1.1.2.2
U6481,259,FUSE0,328971.7277,328971.7277,329808.0277,836.3,836.3,271.3,0.324405,1,p:2.1.5.1.2.2
U6482,259,FUSE0,329019.3277,329019.3277,329765.6277,746.3,746.3,271.3,0.363527,1,p:1.1.3.2.2.2
U6483,259,FUSE0,329077.3277,329077.3277,330586.8277,1509.5,1509.5,271.3,0.179728,1,p:2.1.2.1.2.2
U6484,259,FUSE0,329087.3277,329087.3277,329871.2277,783.9,783.9,271.3,0.34609,1,p:1.1.4.1.2.2
U6485,259,FUSE0,329257.7277,329257.7277,329836.0277,578.3,578.3,271.3,0.469134,1,p:2.1.1.1.2.2
U6486,259,FUSE1,329309.7277,329309.7277,330130.0277,820.3,820.3,333.3,0.406315,1,p:1.2.5.1.2.2
U6487,259,FUSE1,329357.3277,329357.3277,330077.6277,720.3,720.3,333.3,0.462724,1,p:2.1.3.2.2.2
U6488,259,FUSE1,329392.9277,329392.9277,330892.4277,1499.5,1499.5,333.3,0.222274,1,p:1.1.2.1.2.2
U6489,259,FUSE1,329415.3277,329415.3277,330178.2277,762.9,762.9,333.3,0.436886,1,p:2.1.4.1.2.2
U6490,259,FUSE1,329553.3277,329553.3277,330173.6277,620.3,620.3,333.3,0.537321,1,p:1.1.1.1.2.2
U6491,259,FUSE1,329595.7277,329595.7277,330435.6277,839.9,839.9,333.3,0.396833,1,p:2.1.5.1.2.2
U6492,259,FUSE1,329600.9277,329600.9277,330383.2277,782.3,782.3,333.3,0.426051,1,p:1.1.3.2.2.2
U6493,259,FUSE2,329658.9277,329658.9277,331230.4277,1571.5,1571.5,365.7,0.232708,1,p:2.1.2.1.2.2
U6494,259,FUSE2,329698.5277,329698.5277,330516.2277,817.7,817.7,365.7,0.44723,1,p:1.1.4.1.2.2
U6495,259,FUSE2,329796.9277,329796.9277,330511.6277,714.7,714.7,365.7,0.511683,1,p:2.1.1.1.2.2
U6496,259,FUSE2,329839.3277,329839.3277,330773.6277,934.3,934.3,365.7,0.391416,1,p:1.2.5.1.2.2
U6497,259,FUSE2,329867.3277,329867.3277,330721.2277,853.9,853.9,365.7,0.42827,1,p:2.1.3.2.2.2
U6498,259,FUSE2,329902.5277,329902.5277,331568.4277,1665.9,1665.9,365.7,0.219521,1,p:1.1.2.1.2.2
U6499,259,FUSE2,330036.5277,330036.5277,330854.2277,817.7,817.7,365.7,0.44723,1,p:2.1.4.1.2.2
U6500,259,FUSE2,330108.9277,330108.9277,330849.6277,740.7,740.7,365.7,0.493722,1,p:1.1.1.1.2.2
U919,37,FUSE0,330161.3277,330161.3277,331017.2277,855.9,855.9,271.3,0.316976,1,p:2.1.5.1.2.2
U920,37,FUSE0,330204.9277,330204.9277,330964.8277,759.9,759.9,271.3,0.357021,1,p:1.1.3.2.2.2
U921,37,FUSE0,330209.5277,330209.5277,331812.0277,1602.5,1602.5,271.3,0.169298,1,p:2.1.2.1.2.2
U922,37,FUSE0,330374.5277,330374.5277,331097.8277,723.3,723.3,271.3,0.375086,1,p:1.1.4.1.2.2
U923,37,FUSE0,330414.5277,330414.5277,331093.2277,678.7,678.7,271.3,0.399735,1,p:2.1.1.1.2.2
U924,37,FUSE0,330466.9277,330466.9277,331260.8277,793.9,793.9,271.3,0.341731,1,p:1.2.5.1.2.2
U925,37,FUSE0,330542.9277,330542.9277,331208.4277,665.5,665.5,271.3,0.407663,1,p:2.1.3.2.2.2
U926,37,FUSE0,330547.5277,330547.5277,332055.6277,1508.1,1508.1,271.3,0.179895,1,p:1.1.2.1.2.2
U927,37,FUSE0,330618.1277,330618.1277,331340.0277,721.9,721.9,271.3,0.375814,1,p:2.1.4.1.2.2
U928,37,FUSE1,330752.5277,330752.5277,331398.8277,646.3,646.3,333.3,0.515705,1,p:1.1.1.1.2.2
U929,37,FUSE1,330804.9277,330804.9277,331605.2277,800.3,800.3,333.3,0.416469,1,p:2.1.5.1.2.2
U930,37,FUSE1,330880.9277,330880.9277,331581.2277,700.3,700.3,333.3,0.475939,1,p:1.1.3.2.2.2
U931,37,FUSE1,330885.5277,330885.5277,332361.2277,1475.7,1475.7,333.3,0.225859,1,p:2.1.2.1.2.2
U932,37,FUSE1,330923.7277,330923.7277,331664.0277,740.3,740.3,333.3,0.450223,1,p:1.1.4.1.2.2
U933,37,FUSE1,330996.1277,330996.1277,331704.4277,708.3,708.3,333.3,0.470563,1,p:2.1.1.1.2.2
U934,37,FUSE1,331048.5277,331048.5277,331910.8277,862.3,862.3,333.3,0.386524,1,p:1.2.5.1.2.2
U935,37,FUSE1,331124.5277,331124.5277,331886.8277,762.3,762.3,333.3,0.437229,1,p:2.1.3.2.2.2
U936,37,FUSE1,331129.1277,331129.1277,332666.8277,1537.7,1537.7,333.3,0.216752,1,p:1.1.2.1.2.2
U937,37,FUSE2,331239.7277,331239.7277,332032.4277,792.7,792.7,365.7,0.461335,1,p:2.1.4.1.2.2
U938,37,FUSE2,331261.7277,331261.7277,332042.4277,780.7,780.7,365.7,0.468426,1,p:1.1.1.1.2.2
U939,37,FUSE2,331292.1277,331292.1277,332248.8277,956.7,956.7,365.7,0.382251,1,p:2.1.5.1.2.2
U940,37,FUSE2,331371.3277,331371.3277,332224.8277,853.5,853.5,365.7,0.428471,1,p:1.1.3.2.2.2
U941,37,FUSE2,331430.1277,331430.1277,333004.8277,1574.7,1574.7,365.7,0.232235,1,p:2.1.2.1.2.2
U942,37,FUSE2,331599.7277,331599.7277,332372.4277,772.7,772.7,365.7,0.473276,1,p:1.1.4.1.2.2
U943,37,FUSE2,331612.5277,331612.5277,332380.4277,767.9,767.9,365.7,0.476234,1,p:2.1.1.1.2.2
U944,37,FUSE2,331636.5277,331636.5277,332586.8277,950.3,950.3,365.7,0.384826,1,p:1.1.5.1.2.2
U4213,169,FUSE0,331695.3277,331695.3277,332468.4277,773.1,773.1,271.3,0.350925,1,p:2.1.3.1.2.2
U4214,169,FUSE0,331735.7277,331735.7277,333248.4277,1512.7,1512.7,271.3,0.179348,1,p:1.1.2.2.2.2
U4215,169,FUSE0,331843.3277,331843.3277,332616.0277,772.7,772.7,271.3,0.351107,1,p:2.1.4.1.2.2
U4216,169,FUSE0,331918.1277,331918.1277,332712.0277,793.9,793.9,271.3,0.341731,1,p:1.1.3.1.2.2
U4217,169,FUSE0,331942.1277,331942.1277,332624.0277,681.9,681.9,271.3,0.397859,1,p:2.1.1.1.2.2
U4218,169,FUSE0,332063.7277,332063.7277,332830.4277,766.7,766.7,271.3,0.353854,1,p:1.1.5.1.2.2
U4219,169,FUSE0,332073.7277,332073.7277,333492.0277,1418.3,1418.3,271.3,0.191285,1,p:2.1.2.2.2.2
U4220,169,FUSE0,332086.9277,332086.9277,332859.6277,772.7,772.7,271.3,0.351107,1,p:1.1.4.1.2.2
U4221,169,FUSE0,332256.1277,332256.1277,332955.6277,699.5,699.5,271.3,0.387848,1,p:2.1.3.1.2.2
U4222,169,FUSE1,332280.1277,332280.1277,332929.6277,649.5,649.5,333.3,0.513164,1,p:1.1.1.1.2.2
U4223,169,FUSE1,332392.5277,332392.5277,333194.4277,801.9,801.9,333.3,0.415638,1,p:2.1.5.1.2.2
U4224,169,FUSE1,332403.7277,332403.7277,333797.6277,1393.9,1393.9,333.3,0.239113,1,p:1.1.2.2.2.2
U4225,169,FUSE1,332411.7277,332411.7277,333172.0277,760.3,760.3,333.3,0.43838,1,p:2.1.4.1.2.2
U4226,169,FUSE1,332499.7277,332499.7277,333263.0277,763.3,763.3,333.3,0.436657,1,p:1.1.3.1.2.2
U4227,169,FUSE1,332618.1277,332618.1277,333258.4277,640.3,640.3,333.3,0.520537,1,p:2.1.1.1.2.2
U4228,169,FUSE1,332647.3277,332647.3277,333500.0277,852.7,852.7,333.3,0.390876,1,p:1.2.5.1.2.2
U4229,169,FUSE1,332655.3277,332655.3277,334103.2277,1447.9,1447.9,333.3,0.230195,1,p:2.1.2.2.2.2
U4230,169,FUSE1,332698.1277,332698.1277,333477.6277,779.5,779.5,333.3,0.427582,1,p:1.1.4.1.2.2
U4231,169,FUSE2,332743.3277,332743.3277,333601.0277,857.7,857.7,365.7,0.426373,1,p:2.1.3.1.2.2
U4232,169,FUSE2,332861.7277,332861.7277,333596.4277,734.7,734.7,365.7,0.497754,1,p:1.1.1.1.2.2
U4233,169,FUSE2,332890.9277,332890.9277,333838.0277,947.1,947.1,365.7,0.386126,1,p:2.1.5.1.2.2
U4234,169,FUSE2,332960.9277,332960.9277,334441.2277,1480.3,1480.3,365.7,0.247045,1,p:1.1.2.2.2.2
U4235,169,FUSE2,332986.9277,332986.9277,333815.6277,828.7,828.7,365.7,0.441294,1,p:2.1.4.1.2.2
U4236,169,FUSE2,333036.1277,333036.1277,333939.0277,902.9,902.9,365.7,0.405028,1,p:1.1.3.1.2.2
U4237,169,FUSE2,333203.3277,333203.3277,333934.4277,731.1,731.1,365.7,0.500205,1,p:2.1.1.1.2.2
U4238,169,FUSE2,333225.7277,333225.7277,334176.0277,950.3,950.3,365.7,0.384826,1,p:1.1.5.1.2.2
U1069,43,FUSE0,333279.7277,333279.7277,334684.8277,1405.1,1405.1,271.3,0.193082,1,p:2.1.2.1.2.2
U1070,43,FUSE0,333289.7277,333289.7277,334059.2277,769.5,769.5,271.3,0.352567,1,p:1.1.4.1.2.2
U1071,43,FUSE0,333294.3277,333294.3277,334185.2277,890.9,890.9,271.3,0.304524,1,p:2.1.3.1.2.2
U1072,43,FUSE0,333508.9277,333508.9277,334928.4277,1419.5,1419.5,271.3,0.191124,1,p:1.1.2.1.2.2
U1073,43,FUSE0,333523.3277,333523.3277,334180.6277,657.3,657.3,271.3,0.412749,1,p:2.1.1.1.2.2
U1074,43,FUSE0,333531.3277,333531.3277,334302.8277,771.5,771.5,271.3,0.351653,1,p:1.1.4.1.2.2
U1075,43,FUSE0,333627.7277,333627.7277,334419.6277,791.9,791.9,271.3,0.342594,1,p:2.1.5.1.2.2
U1076,43,FUSE0,333632.3277,333632.3277,334424.4277,792.1,792.1,271.3,0.342507,1,p:1.1.3.1.2.2
U1077,43,FUSE1,333828.9277,333828.9277,335234.0277,1405.1,1405.1,333.3,0.237207,1,p:2.1.2.1.2.2
U1078,43,FUSE1,333846.9277,333846.9277,334483.6277,636.7,636.7,333.3,0.52348,1,p:1.1.1.1.2.2
U1079,43,FUSE1,333869.3277,333869.3277,334629.6277,760.3,760.3,333.3,0.43838,1,p:2.1.4.1.2.2
U1080,43,FUSE1,333965.7277,333965.7277,334746.0277,780.3,780.3,333.3,0.427143,1,p:1.1.5.1.2.2
U1081,43,FUSE1,333970.3277,333970.3277,334730.0277,759.7,759.7,333.3,0.438726,1,p:2.1.3.1.2.2
U1082,43,FUSE1,334090.5277,334090.5277,335539.6277,1449.1,1449.1,333.3,0.230005,1,p:1.1.2.1.2.2
U1083,43,FUSE1,334134.5277,334134.5277,334789.2277,654.7,654.7,333.3,0.509088,1,p:2.1.1.1.2.2
U1084,43,FUSE1,334207.3277,334207.3277,334987.6277,780.3,780.3,333.3,0.427143,1,p:1.2.4.1.2.2
U1085,43,FUSE2,334211.9277,334211.9277,335084.0277,872.1,872.1,365.7,0.419333,1,p:2.1.5.1.2.2
U1086,43,FUSE2,334216.5277,334216.5277,335068.0277,851.5,851.5,365.7,0.429477,1,p:1.1.3.1.2.2
U1087,43,FUSE2,334334.1277,334334.1277,335877.6277,1543.5,1543.5,365.7,0.236929,1,p:2.1.2.1.2.2
U1088,43,FUSE2,334450.9277,334450.9277,335127.2277,676.3,676.3,365.7,0.540736,1,p:1.1.1.1.2.2
U1089,43,FUSE2,334455.7277,334455.7277,335325.6277,869.9,869.9,365.7,0.420393,1,p:2.1.4.1.2.2
U1090,43,FUSE2,334472.5277,334472.5277,335422.0277,949.5,949.5,365.7,0.38515,1,p:1.1.5.1.2.2
U1091,43,FUSE2,334514.9277,334514.9277,335406.0277,891.1,891.1,365.7,0.410392,1,p:2.1.3.1.2.2
U1092,43,FUSE2,334660.9277,334660.9277,336215.6277,1554.7,1554.7,365.7,0.235222,1,p:1.1.2.1.2.2
U6579,263,FUSE0,334716.1277,334716.1277,335370.8277,654.7,654.7,271.3,0.414388,1,p:2.1.1.1.2.2
U6580,263,FUSE0,334761.3277,334761.3277,335569.2277,807.9,807.9,271.3,0.335809,1,p:1.2.4.1.2.2
U6581,263,FUSE0,334777.3277,334777.3277,335665.6277,888.3,888.3,271.3,0.305415,1,p:2.1.5.1.2.2
U6582,263,FUSE0,334820.5277,334820.5277,335649.6277,829.1,829.1,271.3,0.327222,1,p:1.1.3.1.2.2
U6583,263,FUSE0,334959.7277,334959.7277,335614.4277,654.7,654.7,271.3,0.414388,1,p:2.1.1.1.2.2
U6584,263,FUSE0,335018.9277,335018.9277,335812.8277,793.9,793.9,271.3,0.341731,1,p:1.1.4.1.2.2
U6585,263,FUSE0,335099.3277,335099.3277,336459.2277,1359.9,1359.9,271.3,0.1995,1,p:2.1.2.1.2.2
U6586,263,FUSE0,335115.3277,335115.3277,335909.2277,793.9,793.9,271.3,0.341731,1,p:1.1.5.1.2.2
U6587,263,FUSE0,335158.5277,335158.5277,335893.2277,734.7,734.7,271.3,0.369266,1,p:2.1.3.1.2.2
U6588,263,FUSE1,335265.3277,335265.3277,335920.0277,654.7,654.7,333.3,0.509088,1,p:1.1.1.1.2.2
U6589,263,FUSE1,335356.9277,335356.9277,336118.4277,761.5,761.5,333.3,0.437689,1,p:2.1.4.1.2.2
U6590,263,FUSE1,335402.1277,335402.1277,336766.6277,1364.5,1364.5,333.3,0.244265,1,p:1.2.2.1.2.2
U6591,263,FUSE1,335437.3277,335437.3277,336244.0277,806.7,806.7,333.3,0.413165,1,p:2.1.5.1.2.2
U6592,263,FUSE1,335453.3277,335453.3277,336198.8277,745.5,745.5,333.3,0.447082,1,p:1.1.3.1.2.2
U6593,263,FUSE1,335570.9277,335570.9277,336225.6277,654.7,654.7,333.3,0.509088,1,p:2.1.1.1.2.2
U6594,263,FUSE1,335600.5277,335600.5277,336424.0277,823.5,823.5,333.3,0.404736,1,p:1.1.4.1.2.2
U6595,263,FUSE1,335645.7277,335645.7277,337070.4277,1424.7,1424.7,333.3,0.233944,1,p:2.1.2.1.2.2
U6596,263,FUSE1,335680.9277,335680.9277,336549.6277,868.7,868.7,333.3,0.383677,1,p:1.2.5.1.2.2
U6597,263,FUSE2,335696.9277,335696.9277,336536.8277,839.9,839.9,365.7,0.435409,1,p:2.1.3.1.2.2
U6598,263,FUSE2,335844.1277,335844.1277,336563.6277,719.5,719.5,365.7,0.50827,1,p:1.1.1.1.2.2
U6599,263,FUSE2,335908.9277,335908.9277,336762.0277,853.1,853.1,365.7,0.428672,1,p:2.1.4.1.2.2
U6600,263,FUSE2,335924.5277,335924.5277,337408.4277,1483.9,1483.9,365.7,0.246445,1,p:1.1.2.1.2.2
U6601,263,FUSE2,335940.5277,335940.5277,336887.6277,947.1,947.1,365.7,0.386126,1,p:2.1.5.1.2.2
U6602,263,FUSE2,335951.3277,335951.3277,336874.8277,923.5,923.5,365.7,0.395994,1,p:1.1.3.1.2.2
U6603,263,FUSE2,336149.7277,336149.7277,336901.6277,751.9,751.9,365.7,0.486368,1,p:2.1.1.1.2.2
U6604,263,FUSE2,336230.1277,336230.1277,337100.0277,869.9,869.9,365.7,0.420393,1,p:1.1.4.1.2.2
U6605,263,FUSE2,336246.9277,336246.9277,337746.4277,1499.5,1499.5,365.7,0.243881,1,p:2.1.2.1.2.2
U6606,263,FUSE2,336256.9277,336256.9277,337225.6277,968.7,968.7,365.7,0.377516,1,p:1.2.5.1.2.2
U5530,221,FUSE0,336275.3277,336275.3277,337118.4277,843.1,843.1,271.3,0.321789,1,p:2.1.3.1.2.2
U5531,221,FUSE0,336455.3277,336455.3277,337145.2277,689.9,689.9,271.3,0.393245,1,p:1.1.1.1.2.2
U5532,221,FUSE0,336490.5277,336490.5277,337343.6277,853.1,853.1,271.3,0.318017,1,p:2.1.4.1.2.2
U5533,221,FUSE0,336568.1277,336568.1277,337990.0277,1421.9,1421.9,271.3,0.190801,1,p:1.1.2.1.2.2
U5534,221,FUSE0,336580.9277,336580.9277,337469.2277,888.3,888.3,271.3,0.305415,1,p:2.1.5.1.2.2
U5535,221,FUSE0,336594.9277,336594.9277,337362.0277,767.1,767.1,271.3,0.35367,1,p:1.1.3.1.2.2
U5536,221,FUSE0,336793.3277,336793.3277,337388.8277,595.5,595.5,271.3,0.455584,1,p:2.1.1.1.2.2
U5537,221,FUSE0,336797.9277,336797.9277,337587.2277,789.3,789.3,271.3,0.343722,1,p:1.1.4.1.2.2
U5538,221,FUSE0,336906.1277,336906.1277,338233.6277,1327.5,1327.5,271.3,0.204369,1,p:2.1.2.1.2.2
U5539,221,FUSE1,336918.9277,336918.9277,337774.8277,855.9,855.9,333.3,0.389415,1,p:1.2.5.1.2.2
U5540,221,FUSE1,336932.9277,336932.9277,337667.6277,734.7,734.7,333.3,0.453655,1,p:2.1.3.1.2.2
U5541,221,FUSE1,337101.7277,337101.7277,337722.0277,620.3,620.3,333.3,0.537321,1,p:1.1.1.1.2.2
U5542,221,FUSE1,337131.3277,337131.3277,337900.4277,769.1,769.1,333.3,0.433364,1,p:2.1.4.1.2.2
U5543,221,FUSE1,337149.7277,337149.7277,338539.2277,1389.5,1389.5,333.3,0.23987,1,p:1.1.2.1.2.2
U5544,221,FUSE1,337176.5277,337176.5277,338080.4277,903.9,903.9,333.3,0.368735,1,p:2.1.5.1.2.2
U5545,221,FUSE1,337256.9277,337256.9277,337973.2277,716.3,716.3,333.3,0.465308,1,p:1.1.3.1.2.2
U5546,221,FUSE1,337374.9277,337374.9277,338027.6277,652.7,652.7,333.3,0.510648,1,p:2.1.1.1.2.2
U5547,221,FUSE1,337393.3277,337393.3277,338206.0277,812.7,812.7,333.3,0.410114,1,p:1.1.4.1.2.2
U5548,221,FUSE2,337420.1277,337420.1277,338877.2277,1457.1,1457.1,365.7,0.250978,1,p:2.1.2.1.2.2
U5549,221,FUSE2,337439.7277,337439.7277,338418.4277,978.7,978.7,365.7,0.373659,1,p:1.2.5.1.2.2
U5550,221,FUSE2,337500.5277,337500.5277,338365.6277,865.1,865.1,365.7,0.422726,1,p:2.1.1.1.2.2
U5551,221,FUSE2,337618.5277,337618.5277,338351.2277,732.7,732.7,365.7,0.499113,1,p:1.1.3.1.2.2
U5552,221,FUSE2,337698.9277,337698.9277,338544.0277,845.1,845.1,365.7,0.43273,1,p:2.1.4.1.2.2
U5553,221,FUSE2,337753.3277,337753.3277,339215.4277,1462.1,1462.1,365.7,0.25012,1,p:1.1.2.1.2.2
U5554,221,FUSE2,337777.7277,337777.7277,338756.4277,978.7,978.7,365.7,0.373659,1,p:2.1.5.1.2.2
U5555,221,FUSE2,337806.1277,337806.1277,338689.2277,883.1,883.1,365.7,0.414109,1,p:1.1.3.1.2.2
U1220,49,FUSE0,337931.7277,337931.7277,338609.2277,677.5,677.5,271.3,0.400443,1,p:2.1.1.1.2.2
U1221,49,FUSE0,338004.5277,338004.5277,338787.6277,783.1,783.1,271.3,0.346444,1,p:1.1.4.1.2.2
U1222,49,FUSE0,338021.3277,338021.3277,339458.8277,1437.5,1437.5,271.3,0.18873,1,p:2.1.2.1.2.2
U1223,49,FUSE0,338058.9277,338058.9277,339000.0277,941.1,941.1,271.3,0.28828,1,p:1.2.5.1.2.2
U1224,49,FUSE0,338111.7277,338111.7277,338852.8277,741.1,741.1,271.3,0.366077,1,p:2.1.1.1.2.2
U1225,49,FUSE0,338237.3277,338237.3277,338932.8277,695.5,695.5,271.3,0.390079,1,p:1.1.3.1.2.2
U1226,49,FUSE0,338264.9277,338264.9277,339031.2277,766.3,766.3,271.3,0.354039,1,p:2.1.4.1.2.2
U1227,49,FUSE0,338382.5277,338382.5277,339702.4277,1319.9,1319.9,271.3,0.205546,1,p:1.1.2.1.2.2
U1228,49,FUSE1,338396.9277,338396.9277,339305.6277,908.7,908.7,333.3,0.366788,1,p:2.1.5.1.2.2
U1229,49,FUSE1,338449.7277,338449.7277,339238.4277,788.7,788.7,333.3,0.422594,1,p:1.1.3.1.2.2
U1230,49,FUSE1,338570.5277,338570.5277,339210.8277,640.3,640.3,333.3,0.520537,1,p:2.1.1.1.2.2
U1231,49,FUSE1,338575.3277,338575.3277,339336.8277,761.5,761.5,333.3,0.437689,1,p:1.1.4.1.2.2
U1232,49,FUSE1,338640.5277,338640.5277,340008.0277,1367.5,1367.5,333.3,0.243729,1,p:2.1.2.1.2.2
U1233,49,FUSE1,338720.5277,338720.5277,339611.2277,890.7,890.7,333.3,0.3742,1,p:1.1.5.1.2.2
U1234,49,FUSE1,338787.7277,338787.7277,339544.0277,756.3,756.3,333.3,0.440698,1,p:2.1.3.1.2.2
U1235,49,FUSE1,338818.9277,338818.9277,339516.4277,697.5,697.5,333.3,0.477849,1,p:1.2.1.1.2.2
U1236,49,FUSE2,338884.1277,338884.1277,339676.8277,792.7,792.7,365.7,0.461335,1,p:2.1.4.1.2.2
U1237,49,FUSE2,338908.5277,338908.5277,340346.2277,1437.7,1437.7,365.7,0.254365,1,p:1.1.2.1.2.2
U1238,49,FUSE2,338964.1277,338964.1277,339949.2277,985.1,985.1,365.7,0.371231,1,p:2.1.5.1.2.2
U1239,49,FUSE2,339031.3277,339031.3277,339882.0277,850.7,850.7,365.7,0.429881,1,p:1.1.3.1.2.2
U1240,49,FUSE2,339062.5277,339062.5277,339854.4277,791.9,791.9,365.7,0.461801,1,p:2.1.1.1.2.2
U1241,49,FUSE2,339242.1277,339242.1277,340054.8277,812.7,812.7,365.7,0.449982,1,p:1.2.4.1.2.2
U1242,49,FUSE2,339246.7277,339246.7277,340684.0277,1437.3,1437.3,365.7,0.254435,1,p:2.1.2.1.2.2
U080,4,FUSE0,339269.7277,339269.7277,340192.8277,923.1,923.1,271.3,0.293901,1,p:1.1.5.1.2.2
U081,4,FUSE0,339336.9277,339336.9277,340125.6277,788.7,788.7,271.3,0.343984,1,p:2.1.3.1.2.2
U082,4,FUSE0,339368.1277,339368.1277,340098.0277,729.9,729.9,271.3,0.371695,1,p:1.2.1.1.2.2
U083,4,FUSE0,339490.1277,339490.1277,340298.4277,808.3,808.3,271.3,0.335643,1,p:2.1.4.1.2.2
U084,4,FUSE0,339547.7277,339547.7277,340927.6277,1379.9,1379.9,271.3,0.196608,1,p:1.1.2.1.2.2
U085,4,FUSE0,339575.3277,339575.3277,340436.4277,861.1,861.1,271.3,0.315062,1,p:2.1.5.1.2.2
U086,4,FUSE0,339642.5277,339642.5277,340369.2277,726.7,726.7,271.3,0.373331,1,p:1.1.3.1.2.2
U087,4,FUSE0,339708.1277,339708.1277,340341.6277,633.5,633.5,271.3,0.428256,1,p:2.1.1.1.2.2
U088,4,FUSE1,339733.7277,339733.7277,340604.0277,870.3,870.3,333.3,0.382971,1,p:1.2.4.1.2.2
U089,4,FUSE1,339885.7277,339885.7277,341233.2277,1347.5,1347.5,333.3,0.247347,1,p:2.1.2.1.2.2
U090,4,FUSE1,339913.3277,339913.3277,340742.0277,828.7,828.7,333.3,0.402196,1,p:1.1.5.1.2.2
U091,4,FUSE1,339980.5277,339980.5277,340704.2277,723.7,723.7,333.3,0.46055,1,p:2.1.3.1.2.2
U092,4,FUSE1,340039.3277,340039.3277,340699.6277,660.3,660.3,333.3,0.504771,1,p:1.2.1.1.2.2
U093,4,FUSE1,340086.1277,340086.1277,340909.6277,823.5,823.5,333.3,0.404736,1,p:2.1.4.1.2.2
U094,4,FUSE1,340129.3277,340129.3277,347600.7086,7471.3809,7471.3809,333.3,0.04461,1,p:1.1.2.1.2.2
U095,4,FUSE1,340156.9277,340156.9277,341047.6277,890.7,890.7,333.3,0.3742,1,p:2.1.5.1.2.2
U096,4,FUSE2,340224.1277,340224.1277,341042.2277,818.1,818.1,365.7,0.447011,1,p:1.1.3.1.2.2
U097,4,FUSE2,340329.7277,340329.7277,341037.6277,707.9,707.9,365.7,0.516598,1,p:2.1.1.1.2.2
U098,4,FUSE2,340372.9277,340372.9277,341247.6277,874.7,874.7,365.7,0.418086,1,p:1.2.4.1.2.2
U099,4,FUSE2,340377.5277,340377.5277,347938.7086,7561.1809,7561.1809,365.7,0.048365,1,p:2.1.2.1.2.2
U100,4,FUSE2,340400.5277,340400.5277,341385.6277,985.1,985.1,365.7,0.371231,1,p:1.1.5.1.2.2
U101,4,FUSE2,340467.7277,340467.7277,341380.2277,912.5,912.5,365.7,0.400767,1,p:2.1.3.1.2.2
U102,4,FUSE2,340635.3277,340635.3277,341375.6277,740.3,740.3,365.7,0.493989,1,p:1.2.1.1.2.2
U103,4,FUSE2,340715.3277,340715.3277,341585.6277,870.3,870.3,365.7,0.4202,1,p:2.1.4.1.2.2
U104,4,FUSE2,340730.9277,340730.9277,348276.7086,7545.7809,7545.7809,365.7,0.048464,1,p:1.1.2.1.2.2
U3984,160,FUSE0,340735.5277,340735.5277,341629.2277,893.7,893.7,271.3,0.303569,1,p:2.1.5.1.2.2
U3985,160,FUSE0,340773.3277,340773.3277,341623.8277,850.5,850.5,271.3,0.318989,1,p:1.1.3.1.2.2
U3986,160,FUSE0,340940.9277,340940.9277,341619.2277,678.3,678.3,271.3,0.399971,1,p:2.1.1.1.2.2
U3987,160,FUSE0,340958.9277,340958.9277,341829.2277,870.3,870.3,271.3,0.311732,1,p:1.2.4.1.2.2
U3988,160,FUSE0,341068.9277,341068.9277,341872.8277,803.9,803.9,271.3,0.33748,1,p:2.1.5.1.2.2
U3989,160,FUSE0,341073.5277,341073.5277,348520.3086,7446.7809,7446.7809,271.3,0.036432,1,p:1.1.2.1.2.2
U3990,160,FUSE0,341078.9277,341078.9277,341867.4277,788.5,788.5,271.3,0.344071,1,p:2.1.3.1.2.2
U3991,160,FUSE0,341264.5277,341264.5277,341862.8277,598.3,598.3,271.3,0.453451,1,p:1.1.1.1.2.2
U3992,160,FUSE1,341278.9277,341278.9277,342134.8277,855.9,855.9,333.3,0.389415,1,p:2.1.4.1.2.2
U3993,160,FUSE1,341406.9277,341406.9277,342187.2277,780.3,780.3,333.3,0.427143,1,p:1.1.5.1.2.2
U3994,160,FUSE1,341411.5277,341411.5277,348825.9086,7414.3809,7414.3809,333.3,0.044953,1,p:2.1.2.1.2.2
U3995,160,FUSE1,341416.9277,341416.9277,342169.6277,752.7,752.7,333.3,0.442806,1,p:1.1.3.1.2.2
U3996,160,FUSE1,341616.9277,341616.9277,342257.2277,640.3,640.3,333.3,0.520537,1,p:2.1.1.1.2.2
U3997,160,FUSE1,341650.5277,341650.5277,342440.4277,789.9,789.9,333.3,0.421952,1,p:1.2.4.1.2.2
U3998,160,FUSE1,341655.1277,341655.1277,342492.8277,837.7,837.7,333.3,0.397875,1,p:2.1.5.1.2.2
U3999,160,FUSE1,341660.5277,341660.5277,349131.5086,7470.9809,7470.9809,333.3,0.044613,1,p:1.1.2.1.2.2
U4000,160,FUSE2,341860.5277,341860.5277,342613.2277,752.7,752.7,365.7,0.485851,1,p:2.1.3.1.2.2
U4001,160,FUSE2,341894.1277,341894.1277,342595.2277,701.1,701.1,365.7,0.521609,1,p:1.1.1.1.2.2
U4002,160,FUSE2,341898.7277,341898.7277,342778.4277,879.7,879.7,365.7,0.41571,1,p:2.1.4.1.2.2
U4003,160,FUSE2,341904.1277,341904.1277,342830.8277,926.7,926.7,365.7,0.394626,1,p:1.1.5.1.2.2
U4004,160,FUSE2,342166.1277,342166.1277,349469.5086,7303.3809,7303.3809,365.7,0.050073,1,p:2.1.2.1.2.2
U4005,160,FUSE2,342200.9277,342200.9277,342973.6277,772.7,772.7,365.7,0.473276,1,p:1.2.3.1.2.2
U4006,160,FUSE2,342218.5277,342218.5277,342933.2277,714.7,714.7,365.7,0.511683,1,p:2.1.1.1.2.2
U4007,160,FUSE2,342288.5277,342288.5277,343116.4277,827.9,827.9,365.7,0.44172,1,p:1.2.4.1.2.2
U7697,308,FUSE0,342471.7277,342471.7277,343210.0277,738.3,738.3,271.3,0.367466,1,p:2.1.5.1.2.2
U7698,308,FUSE0,342524.1277,342524.1277,349713.1086,7188.9809,7188.9809,271.3,0.037738,1,p:1.1.2.1.2.2
U7699,308,FUSE0,342626.5277,342626.5277,343293.2277,666.7,666.7,271.3,0.40693,1,p:2.1.3.1.2.2
U7700,308,FUSE0,342644.5277,342644.5277,343202.8277,558.3,558.3,271.3,0.485939,1,p:1.1.1.1.2.2
U7701,308,FUSE0,342809.7277,342809.7277,343548.0277,738.3,738.3,271.3,0.367466,1,p:2.1.5.1.2.2
U7702,308,FUSE0,342862.1277,342862.1277,349956.7086,7094.5809,7094.5809,271.3,0.03824,1,p:1.1.2.1.2.2
U7703,308,FUSE0,342964.5277,342964.5277,343662.8277,698.3,698.3,271.3,0.388515,1,p:2.1.4.1.2.2
U7704,308,FUSE0,343004.9277,343004.9277,343683.2277,678.3,678.3,271.3,0.399971,1,p:1.2.3.1.2.2
U7705,308,FUSE0,343147.7277,343147.7277,343726.0277,578.3,578.3,271.3,0.469134,1,p:2.1.1.1.2.2
U7706,308,FUSE1,343234.1277,343234.1277,344054.4277,820.3,820.3,333.3,0.406315,1,p:1.2.5.1.2.2
U7707,308,FUSE1,343241.3277,343241.3277,350262.3086,7020.9809,7020.9809,333.3,0.047472,1,p:2.1.2.1.2.2
U7708,308,FUSE1,343324.5277,343324.5277,344064.8277,740.3,740.3,333.3,0.450223,1,p:1.1.4.1.2.2
U7709,308,FUSE1,343579.3277,343579.3277,344299.6277,720.3,720.3,333.3,0.462724,1,p:2.1.3.1.2.2
U7710,308,FUSE1,343694.1277,343694.1277,344314.4277,620.3,620.3,333.3,0.537321,1,p:1.1.1.1.2.2
U7711,308,FUSE1,343714.5277,343714.5277,344514.8277,800.3,800.3,333.3,0.416469,1,p:2.1.5.1.2.2
U7712,308,FUSE1,343757.3277,343757.3277,350567.9086,6810.5809,6810.5809,333.3,0.048939,1,p:1.1.2.1.2.2
U7713,308,FUSE1,344085.7277,344085.7277,344846.8277,761.1,761.1,333.3,0.437919,1,p:2.1.4.1.2.2
U7714,308,FUSE1,344096.1277,344096.1277,344796.4277,700.3,700.3,333.3,0.475939,1,p:1.1.3.1.2.2
U7715,308,FUSE2,344330.9277,344330.9277,345003.6277,672.7,672.7,365.7,0.54363,1,p:2.1.1.1.2.2
U7716,308,FUSE2,344345.7277,344345.7277,345198.4277,852.7,852.7,365.7,0.428873,1,p:1.2.5.1.2.2
U7717,308,FUSE2,344546.1277,344546.1277,350905.9086,6359.7809,6359.7809,365.7,0.057502,1,p:2.1.2.1.2.2
U7718,308,FUSE2,344827.7277,344827.7277,345640.4277,812.7,812.7,365.7,0.449982,1,p:1.2.4.1.2.2
U7719,308,FUSE2,344878.1277,344878.1277,345630.8277,752.7,752.7,365.7,0.485851,1,p:2.1.3.1.2.2
U7720,308,FUSE2,345034.9277,345034.9277,345727.6277,692.7,692.7,365.7,0.527934,1,p:1.2.1.1.2.2
U7721,308,FUSE2,345229.7277,345229.7277,346062.4277,832.7,832.7,365.7,0.439174,1,p:2.1.5.1.2.2
U7722,308,FUSE2,345662.1277,345662.1277,351243.9086,5581.7809,5581.7809,365.7,0.065517,1,p:1.1.2.1.2.2
U7723,308,FUSE2,345671.7277,345671.7277,346464.4277,792.7,792.7,365.7,0.461335,1,p:2.1.4.1.2.2
U1809,73,FUSE0,345758.9277,345758.9277,346397.2277,638.3,638.3,271.3,0.425035,1,p:1.1.3.1.2.2
U1810,73,FUSE0,346093.7277,346093.7277,346672.0277,578.3,578.3,271.3,0.469134,1,p:2.1.1.1.2.2
U1811,73,FUSE0,346428.5277,346428.5277,347106.8277,678.3,678.3,271.3,0.399971,1,p:1.2.3.1.2.2
U1812,73,FUSE0,346495.7277,346495.7277,347234.0277,738.3,738.3,271.3,0.367466,1,p:2.1.5.1.2.2
U1813,73,FUSE0,346703.3277,346703.3277,351487.5086,4784.1809,4784.1809,271.3,0.056708,1,p:1.2.2.1.2.2
U1814,73,FUSE0,347138.1277,347138.1277,347716.4277,578.3,578.3,271.3,0.469134,1,p:2.1.1.1.2.2
U1815,73,FUSE0,347265.3277,347265.3277,347983.6277,718.3,718.3,271.3,0.377697,1,p:1.2.4.1.2.2
U1816,73,FUSE0,347632.0086,347632.0086,348290.3086,658.3,658.3,271.3,0.412122,1,p:2.1.3.1.2.2
U1817,73,FUSE0,347747.7277,347747.7277,348466.0277,718.3,718.3,271.3,0.377697,1,p:1.1.5.1.2.2
U1818,73,FUSE0,347970.0086,347970.0086,351731.1086,3761.1,3761.1,271.3,0.072133,1,p:2.1.2.1.2.2
U1819,73,FUSE1,348014.9277,348014.9277,348635.2277,620.3,620.3,333.3,0.537321,1,p:1.1.1.1.2.2
U1820,73,FUSE1,348308.0086,348308.0086,349072.3086,764.3,764.3,333.3,0.436085,1,p:2.1.4.1.2.2
U1821,73,FUSE1,348321.6086,348321.6086,349021.9086,700.3,700.3,333.3,0.475939,1,p:1.1.3.1.2.2
U1822,73,FUSE1,348497.3277,348497.3277,349297.6277,800.3,800.3,333.3,0.416469,1,p:2.1.5.1.2.2
U1823,73,FUSE1,348551.6086,348551.6086,352036.7086,3485.1,3485.1,333.3,0.095636,1,p:1.1.2.1.2.2
U1824,73,FUSE1,348666.5277,348666.5277,349306.8277,640.3,640.3,333.3,0.520537,1,p:2.1.1.1.2.2
U1825,73,FUSE1,348857.2086,348857.2086,349637.5086,780.3,780.3,333.3,0.427143,1,p:1.2.4.1.2.2
U1826,73,FUSE1,349053.2086,349053.2086,349773.5086,720.3,720.3,333.3,0.462724,1,p:2.1.3.1.2.2
U1827,73,FUSE1,349103.6086,349103.6086,349883.9086,780.3,780.3,333.3,0.427143,1,p:1.1.5.1.2.2
U1828,73,FUSE1,349162.8086,349162.8086,352342.3086,3179.5,3179.5,333.3,0.104828,1,p:2.1.2.1.2.2
U1829,73,FUSE2,349328.9277,349328.9277,350021.6277,692.7,692.7,365.7,0.527934,1,p:1.2.1.1.2.2
U1830,73,FUSE2,349338.1277,349338.1277,350130.8277,792.7,792.7,365.7,0.461335,1,p:2.1.4.1.2.2
U1831,73,FUSE2,349500.8086,349500.8086,350233.5086,732.7,732.7,365.7,0.499113,1,p:1.1.3.1.2.2
U1832,73,FUSE2,349668.8086,349668.8086,350501.5086,832.7,832.7,365.7,0.439174,1,p:2.1.5.1.2.2
U1833,73,FUSE2,349744.4086,349744.4086,352680.3086,2935.9,2935.9,365.7,0.124561,1,p:1.1.2.1.2.2
U1834,73,FUSE2,349804.8086,349804.8086,350477.5086,672.7,672.7,365.7,0.54363,1,p:2.1.1.1.2.2
U1835,73,FUSE2,349915.2086,349915.2086,350687.9086,772.7,772.7,365.7,0.473276,1,p:1.1.4.1.2.2
U1836,73,FUSE2,349988.0086,349988.0086,350740.7086,752.7,752.7,365.7,0.485851,1,p:2.1.3.1.2.2
U1837,73,FUSE2,350052.9277,350052.9277,350867.7086,814.7809,814.7809,365.7,0.448832,1,p:1.1.5.1.2.2
U1838,73,FUSE2,350162.1277,350162.1277,353018.3086,2856.1809,2856.1809,365.7,0.128038,1,p:2.1.2.1.2.2
U6927,277,FUSE0,350264.8086,350264.8086,350863.1086,598.3,598.3,271.3,0.453451,1,p:1.2.1.1.2.2
U6928,277,FUSE0,350293.6086,350293.6086,350991.9086,698.3,698.3,271.3,0.388515,1,p:2.1.4.1.2.2
U6929,277,FUSE0,350508.8086,350508.8086,351147.1086,638.3,638.3,271.3,0.425035,1,p:1.1.3.1.2.2
U6930,277,FUSE0,350532.8086,350532.8086,351271.1086,738.3,738.3,271.3,0.367466,1,p:2.1.5.1.2.2
U6931,277,FUSE0,350599.2086,350599.2086,353261.9086,2662.7,2662.7,271.3,0.101889,1,p:1.1.2.1.2.2
U6932,277,FUSE0,350719.2086,350719.2086,351297.5086,578.3,578.3,271.3,0.469134,1,p:2.1.1.1.2.2
U6933,277,FUSE0,350772.0086,350772.0086,351450.3086,678.3,678.3,271.3,0.399971,1,p:1.1.4.1.2.2
U6934,277,FUSE0,350894.4086,350894.4086,351552.7086,658.3,658.3,271.3,0.412122,1,p:2.1.3.1.2.2
U6935,277,FUSE1,350899.0086,350899.0086,351679.3086,780.3,780.3,333.3,0.427143,1,p:1.1.5.1.2.2
U6936,277,FUSE1,350937.2086,350937.2086,353567.5086,2630.3,2630.3,333.3,0.126716,1,p:2.1.2.1.2.2
U6937,277,FUSE1,351023.2086,351023.2086,351683.9086,660.7,660.7,333.3,0.504465,1,p:1.2.1.1.2.2
U6938,277,FUSE1,351178.4086,351178.4086,351938.7086,760.3,760.3,333.3,0.43838,1,p:2.1.4.1.2.2
U6939,277,FUSE1,351275.2086,351275.2086,351975.5086,700.3,700.3,333.3,0.475939,1,p:1.1.3.1.2.2
U6940,277,FUSE1,351302.4086,351302.4086,352102.7086,800.3,800.3,333.3,0.416469,1,p:2.1.5.1.2.2
U6941,277,FUSE1,351328.8086,351328.8086,353873.1086,2544.3,2544.3,333.3,0.130999,1,p:1.1.2.1.2.2
U6942,277,FUSE1,351481.6086,351481.6086,352121.9086,640.3,640.3,333.3,0.520537,1,p:2.1.1.1.2.2
U6943,277,FUSE2,351518.8086,351518.8086,352331.5086,812.7,812.7,365.7,0.449982,1,p:1.2.4.1.2.2
U6944,277,FUSE2,351584.0086,351584.0086,352336.7086,752.7,752.7,365.7,0.485851,1,p:2.1.3.1.2.2
U6945,277,FUSE2,351710.6086,351710.6086,352523.3086,812.7,812.7,365.7,0.449982,1,p:1.1.5.1.2.2
U6946,277,FUSE2,351715.2086,351715.2086,354211.1086,2495.9,2495.9,365.7,0.14652,1,p:2.1.2.1.2.2
U6947,277,FUSE2,351762.4086,351762.4086,352459.9086,697.5,697.5,365.7,0.524301,1,p:1.2.1.1.2.2
U6948,277,FUSE2,351970.0086,351970.0086,352762.7086,792.7,792.7,365.7,0.461335,1,p:2.1.4.1.2.2
U6949,277,FUSE2,352006.8086,352006.8086,352739.5086,732.7,732.7,365.7,0.499113,1,p:1.1.3.1.2.2
U6950,277,FUSE2,352068.0086,352068.0086,352900.7086,832.7,832.7,365.7,0.439174,1,p:2.1.5.1.2.2
U2008,81,FUSE0,352134.0086,352134.0086,354454.7086,2320.7,2320.7,271.3,0.116904,1,p:1.1.2.1.2.2
U2009,81,FUSE0,352153.2086,352153.2086,352731.5086,578.3,578.3,271.3,0.469134,1,p:2.1.1.1.2.2
U2010,81,FUSE0,352362.8086,352362.8086,353081.1086,718.3,718.3,271.3,0.377697,1,p:1.2.4.1.2.2
U2011,81,FUSE0,352368.0086,352368.0086,353026.3086,658.3,658.3,271.3,0.412122,1,p:2.1.3.1.2.2
U2012,81,FUSE0,352373.6086,352373.6086,354698.3086,2324.7,2324.7,271.3,0.116703,1,p:1.1.2.1.2.2
U2013,81,FUSE0,352491.2086,352491.2086,353069.5086,578.3,578.3,271.3,0.469134,1,p:2.1.1.1.2.2
U2014,81,FUSE0,352554.6086,352554.6086,353312.9086,758.3,758.3,271.3,0.357774,1,p:1.2.5.1.2.2
U2015,81,FUSE1,352711.6086,352711.6086,353471.9086,760.3,760.3,333.3,0.43838,1,p:2.1.4.1.2.2
U2016,81,FUSE1,352762.8086,352762.8086,353463.1086,700.3,700.3,333.3,0.475939,1,p:1.1.3.1.2.2
U2017,81,FUSE1,352770.8086,352770.8086,355007.8086,2237.0,2237.0,333.3,0.148994,1,p:2.1.2.1.2.2
U2018,81,FUSE1,352794.0086,352794.0086,353421.5086,627.5,627.5,333.3,0.531155,1,p:1.1.1.1.2.2
U2019,81,FUSE1,352932.0086,352932.0086,353732.3086,800.3,800.3,333.3,0.416469,1,p:2.1.5.1.2.2
U2020,81,FUSE1,353049.6086,353049.6086,353829.9086,780.3,780.3,333.3,0.427143,1,p:1.2.4.1.2.2
U2021,81,FUSE1,353057.6086,353057.6086,353777.9086,720.3,720.3,333.3,0.462724,1,p:2.1.3.1.2.2
U2022,81,FUSE2,353100.8086,353100.8086,355345.8086,2245.0,2245.0,365.7,0.162895,1,p:1.1.2.1.2.2
U2023,81,FUSE2,353112.4086,353112.4086,353785.1086,672.7,672.7,365.7,0.54363,1,p:2.1.1.1.2.2
U2024,81,FUSE2,353293.2086,353293.2086,354145.9086,852.7,852.7,365.7,0.428873,1,p:1.2.5.1.2.2
U2025,81,FUSE2,353344.2086,353344.2086,354167.9086,823.7,823.7,365.7,0.443972,1,p:2.1.4.1.2.2
U2026,81,FUSE2,353452.8086,353452.8086,354225.5086,772.7,772.7,365.7,0.473276,1,p:1.2.3.1.2.2
U2027,81,FUSE2,353494.4086,353494.4086,355679.9086,2185.5,2185.5,365.7,0.16733,1,p:2.1.2.1.2.2
U2028,81,FUSE2,353503.2086,353503.2086,354195.9086,692.7,692.7,365.7,0.527934,1,p:1.2.1.1.2.2
U2029,81,FUSE2,353598.8086,353598.8086,354483.9086,885.1,885.1,365.7,0.413174,1,p:2.1.5.1.2.2
U4623,185,FUSE0,353763.6086,353763.6086,354444.1086,680.5,680.5,271.3,0.398677,1,p:1.1.4.1.2.2
U4624,185,FUSE0,353809.2086,353809.2086,354469.1086,659.9,659.9,271.3,0.411123,1,p:2.1.3.1.2.2
U4625,185,FUSE0,353816.4086,353816.4086,355923.5086,2107.1,2107.1,271.3,0.128755,1,p:1.1.2.1.2.2
U4626,185,FUSE0,353861.2086,353861.2086,354439.5086,578.3,578.3,271.3,0.469134,1,p:2.1.1.1.2.2
U4627,185,FUSE0,353904.4086,353904.4086,354685.5086,781.1,781.1,271.3,0.347331,1,p:1.2.4.1.2.2
U4628,185,FUSE0,354177.2086,354177.2086,354919.4086,742.2,742.2,271.3,0.365535,1,p:2.1.5.1.2.2
U4629,185,FUSE0,354199.2086,354199.2086,354849.8086,650.6,650.6,271.3,0.417,1,p:1.1.3.1.2.2
U4630,185,FUSE0,354227.2086,354227.2086,356167.1086,1939.9,1939.9,271.3,0.139853,1,p:2.1.2.1.2.2
U4631,185,FUSE0,354242.4086,354242.4086,354804.6086,562.2,562.2,271.3,0.482568,1,p:1.1.1.1.2.2
U4632,185,FUSE1,354256.8086,354256.8086,355021.0086,764.2,764.2,333.3,0.436142,1,p:2.1.4.1.2.2
U4633,185,FUSE1,354470.8086,354470.8086,355255.0086,784.2,784.2,333.3,0.425019,1,p:1.1.5.1.2.2
U4634,185,FUSE1,354475.4086,354475.4086,355200.6086,725.2,725.2,333.3,0.459597,1,p:2.1.3.1.2.2
U4635,185,FUSE1,354486.0086,354486.0086,356472.7086,1986.7,1986.7,333.3,0.167766,1,p:1.1.2.1.2.2
U4636,185,FUSE1,354500.4086,354500.4086,355144.6086,644.2,644.2,333.3,0.517386,1,p:2.1.1.1.2.2
U4637,185,FUSE1,354515.2086,354515.2086,355326.6086,811.4,811.4,333.3,0.410772,1,p:1.2.4.1.2.2
U4638,185,FUSE1,354716.8086,354716.8086,355556.7086,839.9,839.9,333.3,0.396833,1,p:2.1.5.1.2.2
U4639,185,FUSE1,354729.6086,354729.6086,355502.3086,772.7,772.7,333.3,0.431345,1,p:1.1.3.1.2.2
U4640,185,FUSE2,354835.9086,354835.9086,356814.5086,1978.6,1978.6,365.7,0.184828,1,p:2.1.2.1.2.2
U4641,185,FUSE2,354881.1086,354881.1086,355533.8086,652.7,652.7,365.7,0.560288,1,p:1.1.1.1.2.2
U4642,185,FUSE2,354950.7086,354950.7086,355743.4086,792.7,792.7,365.7,0.461335,1,p:2.1.4.1.2.2
U4643,185,FUSE2,355039.1086,355039.1086,355894.7086,855.6,855.6,365.7,0.427419,1,p:1.1.5.1.2.2
U4644,185,FUSE2,355052.3086,355052.3086,355840.3086,788.0,788.0,365.7,0.464086,1,p:2.1.3.1.2.2
U4645,185,FUSE2,355175.9086,355175.9086,357148.7086,1972.8,1972.8,365.7,0.185371,1,p:1.1.2.1.2.2
U4646,185,FUSE2,355231.9086,355231.9086,355904.6086,672.7,672.7,365.7,0.54363,1,p:2.1.1.1.2.2
U4647,185,FUSE2,355286.3086,355286.3086,356099.0086,812.7,812.7,365.7,0.449982,1,p:1.2.4.1.2.2
U4648,185,FUSE2,355357.9086,355357.9086,356232.7086,874.8,874.8,365.7,0.418038,1,p:2.1.5.1.2.2
U3761,151,FUSE0,355377.1086,355377.1086,356083.9086,706.8,706.8,271.3,0.383843,1,p:1.1.3.1.2.2
U3762,151,FUSE0,355533.6086,355533.6086,357392.3086,1858.7,1858.7,271.3,0.145962,1,p:2.1.2.1.2.2
U3763,151,FUSE0,355565.1086,355565.1086,356148.2086,583.1,583.1,271.3,0.465272,1,p:1.1.1.1.2.2
U3764,151,FUSE0,355588.0086,355588.0086,356342.6086,754.6,754.6,271.3,0.359528,1,p:2.1.4.1.2.2
U3765,151,FUSE0,355711.2086,355711.2086,356477.3086,766.1,766.1,271.3,0.354131,1,p:1.1.5.1.2.2
U3766,151,FUSE0,355774.7086,355774.7086,356433.0086,658.3,658.3,271.3,0.412122,1,p:2.1.3.1.2.2
U3767,151,FUSE0,355871.6086,355871.6086,357635.9086,1764.3,1764.3,271.3,0.153772,1,p:1.1.2.1.2.2
U3768,151,FUSE0,355926.0086,355926.0086,356504.3086,578.3,578.3,271.3,0.469134,1,p:2.1.1.1.2.2
U3769,151,FUSE1,355935.9086,355935.9086,356716.2086,780.3,780.3,333.3,0.427143,1,p:1.2.4.1.2.2
U3770,151,FUSE1,355954.8086,355954.8086,356781.9086,827.1,827.1,333.3,0.402974,1,p:2.1.5.1.2.2
U3771,151,FUSE1,356115.2086,356115.2086,356819.1086,703.9,703.9,333.3,0.473505,1,p:1.1.3.1.2.2
U3772,151,FUSE1,356130.3086,356130.3086,357946.0086,1815.7,1815.7,333.3,0.183566,1,p:2.1.2.1.2.2
U3773,151,FUSE1,356179.5086,356179.5086,356809.9086,630.4,630.4,333.3,0.528712,1,p:1.1.1.1.2.2
U3774,151,FUSE1,356198.4086,356198.4086,357021.8086,823.4,823.4,333.3,0.404785,1,p:2.1.4.1.2.2
U3775,151,FUSE1,356264.0086,356264.0086,357087.5086,823.5,823.5,333.3,0.404736,1,p:1.1.5.1.2.2
U3776,151,FUSE1,356373.9086,356373.9086,358248.9086,1875.0,1875.0,333.3,0.17776,1,p:2.1.2.1.2.2
U3777,151,FUSE2,356464.3086,356464.3086,357197.0086,732.7,732.7,365.7,0.499113,1,p:1.1.3.1.2.2
U3778,151,FUSE2,356504.0086,356504.0086,357176.7086,672.7,672.7,365.7,0.54363,1,p:2.1.1.1.2.2
U3779,151,FUSE2,356508.6086,356508.6086,357359.8086,851.2,851.2,365.7,0.429629,1,p:1.2.4.1.2.2
U3780,151,FUSE2,356535.6086,356535.6086,357425.5086,889.9,889.9,365.7,0.410945,1,p:2.1.5.1.2.2
U3781,151,FUSE2,356747.5086,356747.5086,357535.0086,787.5,787.5,365.7,0.464381,1,p:1.1.3.1.2.2
U3782,151,FUSE2,356813.2086,356813.2086,358585.1086,1771.9,1771.9,365.7,0.206389,1,p:2.1.2.1.2.2
U3783,151,FUSE2,356841.2086,356841.2086,357514.7086,673.5,673.5,365.7,0.542984,1,p:1.1.1.1.2.2
U3784,151,FUSE2,356845.8086,356845.8086,357697.8086,852.0,852.0,365.7,0.429225,1,p:2.1.4.1.2.2
U3785,151,FUSE2,356850.4086,356850.4086,357763.5086,913.1,913.1,365.7,0.400504,1,p:1.1.5.1.2.2
U6099,244,FUSE0,357053.1086,357053.1086,358828.7086,1775.6,1775.6,271.3,0.152793,1,p:2.1.2.1.2.2
U6100,244,FUSE0,357118.8086,357118.8086,357778.6086,659.8,659.8,271.3,0.411185,1,p:1.1.3.1.2.2
U6101,244,FUSE0,357180.0086,357180.0086,357758.3086,578.3,578.3,271.3,0.469134,1,p:2.1.1.1.2.2
U6102,244,FUSE0,357208.0086,357208.0086,357941.4086,733.4,733.4,271.3,0.369921,1,p:1.2.4.1.2.2
U6103,244,FUSE0,357228.3086,357228.3086,358022.2086,793.9,793.9,271.3,0.341731,1,p:2.1.3.1.2.2
U6104,244,FUSE0,357391.1086,357391.1086,358109.4086,718.3,718.3,271.3,0.377697,1,p:1.1.5.1.2.2
U6105,244,FUSE0,357423.6086,357423.6086,359072.3086,1648.7,1648.7,271.3,0.164554,1,p:2.1.2.1.2.2
U6106,244,FUSE0,357456.8086,357456.8086,358015.1086,558.3,558.3,271.3,0.485939,1,p:1.1.1.1.2.2
U6107,244,FUSE0,357546.0086,357546.0086,358244.3086,698.3,698.3,271.3,0.388515,1,p:2.1.4.1.2.2
U6108,244,FUSE1,357566.3086,357566.3086,358327.8086,761.5,761.5,333.3,0.437689,1,p:1.1.3.1.2.2
U6109,244,FUSE1,357667.2086,357667.2086,358467.5086,800.3,800.3,333.3,0.416469,1,p:2.1.5.1.2.2
U6110,244,FUSE1,357729.1086,357729.1086,359377.9086,1648.8,1648.8,333.3,0.202147,1,p:1.1.2.1.2.2
U6111,244,FUSE1,357789.6086,357789.6086,358429.9086,640.3,640.3,333.3,0.520537,1,p:2.1.1.1.2.2
U6112,244,FUSE1,357794.8086,357794.8086,358549.9086,755.1,755.1,333.3,0.441398,1,p:1.1.4.1.2.2
U6113,244,FUSE1,357809.9086,357809.9086,358773.1086,963.2,963.2,333.3,0.346034,1,p:2.1.5.1.2.2
U6114,244,FUSE1,357972.7086,357972.7086,358673.0086,700.3,700.3,333.3,0.475939,1,p:1.1.3.1.2.2
U6115,244,FUSE1,357977.3086,357977.3086,358735.5086,758.2,758.2,333.3,0.439594,1,p:2.1.1.1.2.2
U6116,244,FUSE1,358046.4086,358046.4086,359683.5086,1637.1,1637.1,333.3,0.203592,1,p:1.1.2.1.2.2
U6117,244,FUSE1,358053.5086,358053.5086,358855.5086,802.0,802.0,333.3,0.415586,1,p:2.1.4.1.2.2
U6118,244,FUSE2,358140.7086,358140.7086,359011.0086,870.3,870.3,365.7,0.4202,1,p:1.1.3.1.2.2
U6119,244,FUSE2,358275.6086,358275.6086,360021.5086,1745.9,1745.9,365.7,0.209462,1,p:2.1.2.1.2.2
U6120,244,FUSE2,358280.2086,358280.2086,359111.1086,830.9,830.9,365.7,0.440125,1,p:1.1.5.1.2.2
U6121,244,FUSE2,358359.1086,358359.1086,359193.5086,834.4,834.4,365.7,0.438279,1,p:2.1.4.1.2.2
U6122,244,FUSE2,358461.2086,358461.2086,359115.7086,654.5,654.5,365.7,0.558747,1,p:1.1.1.1.2.2
U6123,244,FUSE2,358498.8086,358498.8086,359349.0086,850.2,850.2,365.7,0.430134,1,p:2.1.3.1.2.2
U6124,244,FUSE2,358581.2086,358581.2086,359449.1086,867.9,867.9,365.7,0.421362,1,p:1.1.5.1.2.2
U6125,244,FUSE2,358616.4086,358616.4086,359453.7086,837.3,837.3,365.7,0.436761,1,p:2.1.1.1.2.2
U6126,244,FUSE2,358704.3086,358704.3086,360359.5086,1655.2,1655.2,365.7,0.22094,1,p:1.1.2.1.2.2
U6127,244,FUSE2,358766.8086,358766.8086,359559.5086,792.7,792.7,365.7,0.461335,1,p:2.1.4.1.2.2
U3813,153,FUSE0,358804.4086,358804.4086,359592.6086,788.2,788.2,271.3,0.344202,1,p:1.1.3.1.2.2
U3814,153,FUSE0,358860.0086,358860.0086,359692.7086,832.7,832.7,271.3,0.325808,1,p:2.1.5.1.2.2
U3815,153,FUSE0,358886.8086,358886.8086,360603.1086,1716.3,1716.3,271.3,0.158073,1,p:1.1.2.1.2.2
U3816,153,FUSE0,359042.3086,359042.3086,359803.1086,760.8,760.8,271.3,0.356598,1,p:2.1.4.1.2.2
U3817,153,FUSE0,359103.6086,359103.6086,359697.3086,593.7,593.7,271.3,0.456965,1,p:1.1.1.1.2.2
U3818,153,FUSE0,359142.4086,359142.4086,359836.2086,693.8,693.8,271.3,0.391035,1,p:2.1.3.1.2.2
U3819,153,FUSE0,359147.0086,359147.0086,359936.3086,789.3,789.3,271.3,0.343722,1,p:1.1.5.1.2.2
U3820,153,FUSE0,359224.8086,359224.8086,359940.9086,716.1,716.1,271.3,0.378858,1,p:2.1.1.1.2.2
U3821,153,FUSE1,359380.3086,359380.3086,360908.7086,1528.4,1528.4,333.3,0.218071,1,p:1.1.2.1.2.2
U3822,153,FUSE1,359409.2086,359409.2086,360169.5086,760.3,760.3,333.3,0.43838,1,p:2.1.4.1.2.2
U3823,153,FUSE1,359480.4086,359480.4086,360180.7086,700.3,700.3,333.3,0.475939,1,p:1.1.3.1.2.2
U3824,153,FUSE1,359485.0086,359485.0086,360285.3086,800.3,800.3,333.3,0.416469,1,p:2.1.5.1.2.2
U3825,153,FUSE1,359590.8086,359590.8086,360244.7086,653.9,653.9,333.3,0.509711,1,p:1.1.1.1.2.2
U3826,153,FUSE1,359623.9086,359623.9086,360475.1086,851.2,851.2,333.3,0.391565,1,p:2.1.4.1.2.2
U3827,153,FUSE1,359714.8086,359714.8086,361214.3086,1499.5,1499.5,333.3,0.222274,1,p:1.1.2.1.2.2
U3828,153,FUSE1,359724.0086,359724.0086,360590.9086,866.9,866.9,333.3,0.384473,1,p:2.1.5.1.2.2
U3829,153,FUSE2,359728.6086,359728.6086,360518.7086,790.1,790.1,365.7,0.462853,1,p:1.1.3.1.2.2
U3830,153,FUSE2,359834.4086,359834.4086,361552.3086,1717.9,1717.9,365.7,0.212876,1,p:2.1.2.1.2.2
U3831,153,FUSE2,359867.5086,359867.5086,360582.7086,715.2,715.2,365.7,0.511326,1,p:1.1.1.1.2.2
U3832,153,FUSE2,359967.6086,359967.6086,360813.1086,845.5,845.5,365.7,0.432525,1,p:2.1.4.1.2.2
U3833,153,FUSE2,359972.2086,359972.2086,360928.9086,956.7,956.7,365.7,0.382251,1,p:1.1.5.1.2.2
U3834,153,FUSE2,360052.8086,360052.8086,360856.7086,803.9,803.9,365.7,0.454907,1,p:2.1.3.1.2.2
U3835,153,FUSE2,360200.8086,360200.8086,360920.7086,719.9,719.9,365.7,0.507987,1,p:1.1.1.1.2.2
U6728,269,FUSE0,360212.0086,360212.0086,361835.9086,1623.9,1623.9,271.3,0.167067,1,p:2.1.2.2.1.2
U6729,269,FUSE0,360276.0086,360276.0086,361056.7086,780.7,780.7,271.3,0.347509,1,p:1.1.4.1.2.2
U6730,269,FUSE0,360316.6086,360316.6086,361100.3086,783.7,783.7,271.3,0.346178,1,p:2.1.3.1.2.2
U6731,269,FUSE0,360390.8086,360390.8086,361172.5086,781.7,781.7,271.3,0.347064,1,p:1.1.5.1.2.2
U6732,269,FUSE0,360506.4086,360506.4086,361164.3086,657.9,657.9,271.3,0.412373,1,p:2.1.1.1.2.2
U6733,269,FUSE0,360550.0086,360550.0086,362079.5086,1529.5,1529.5,271.3,0.177378,1,p:1.1.2.2.1.2
U6734,269,FUSE0,360614.0086,360614.0086,361312.3086,698.3,698.3,271.3,0.388515,1,p:2.1.4.1.2.2
U6735,269,FUSE1,360622.2086,360622.2086,361478.1086,855.9,855.9,333.3,0.389415,1,p:1.1.5.1.2.2
U6736,269,FUSE1,360634.4086,360634.4086,362385.1086,1750.7,1750.7,333.3,0.190381,1,p:2.1.2.2.1.2
U6737,269,FUSE1,360844.4086,360844.4086,361544.7086,700.3,700.3,333.3,0.475939,1,p:1.1.3.1.2.2
U6738,269,FUSE1,360888.0086,360888.0086,361528.3086,640.3,640.3,333.3,0.520537,1,p:2.1.1.1.2.2
U6739,269,FUSE1,360940.0086,360940.0086,361680.3086,740.3,740.3,333.3,0.450223,1,p:1.1.4.1.2.2
U6740,269,FUSE1,360952.0086,360952.0086,361850.3086,898.3,898.3,333.3,0.371034,1,p:2.1.3.1.2.2
U6741,269,FUSE1,360960.2086,360960.2086,361783.7086,823.5,823.5,333.3,0.404736,1,p:1.1.5.1.2.2
U6742,269,FUSE2,361088.0086,361088.0086,362683.1086,1595.1,1595.1,365.7,0.229265,1,p:2.1.2.1.2.2
U6743,269,FUSE2,361131.6086,361131.6086,361866.3086,734.7,734.7,365.7,0.497754,1,p:1.1.1.1.2.2
U6744,269,FUSE2,361195.6086,361195.6086,362018.3086,822.7,822.7,365.7,0.444512,1,p:2.1.4.1.2.2
U6745,269,FUSE2,361203.8086,361203.8086,362121.7086,917.9,917.9,365.7,0.398409,1,p:1.1.5.1.2.2
U6746,269,FUSE2,361245.6086,361245.6086,363021.1086,1775.5,1775.5,365.7,0.20597,1,p:2.1.2.1.2.2
U6747,269,FUSE2,361343.6086,361343.6086,362188.3086,844.7,844.7,365.7,0.432935,1,p:1.1.3.1.2.2
U6748,269,FUSE2,361509.4086,361509.4086,362204.3086,694.9,694.9,365.7,0.526263,1,p:2.1.1.1.2.2
U6749,269,FUSE2,361559.6086,361559.6086,362356.3086,796.7,796.7,365.7,0.459018,1,p:1.1.4.1.2.2
U6750,269,FUSE2,361576.0086,361576.0086,362459.7086,883.7,883.7,365.7,0.413828,1,p:2.1.5.1.2.2
U2248,91,FUSE0,361583.6086,361583.6086,362431.9086,848.3,848.3,271.3,0.319816,1,p:1.1.3.1.2.2
U2249,91,FUSE0,361711.6086,361711.6086,363264.7086,1553.1,1553.1,271.3,0.174683,1,p:2.1.2.1.2.2
U2250,91,FUSE0,361815.0086,361815.0086,362447.9086,632.9,632.9,271.3,0.428662,1,p:1.1.1.1.2.2
U2251,91,FUSE0,361867.2086,361867.2086,362599.9086,732.7,732.7,271.3,0.370274,1,p:2.1.4.1.2.2
U2252,91,FUSE0,361881.6086,361881.6086,362675.5086,793.9,793.9,271.3,0.341731,1,p:1.1.3.1.2.2
U2253,91,FUSE0,361897.6086,361897.6086,362703.3086,805.7,805.7,271.3,0.336726,1,p:2.1.5.1.2.2
U2254,91,FUSE0,362049.6086,362049.6086,363508.5086,1458.9,1458.9,271.3,0.185962,1,p:1.1.2.1.2.2
U2255,91,FUSE0,362110.8086,362110.8086,362691.5086,580.7,580.7,271.3,0.467195,1,p:2.1.1.1.2.2
U2256,91,FUSE1,362153.0086,362153.0086,362905.5086,752.5,752.5,333.3,0.442924,1,p:1.1.4.1.2.2
U2257,91,FUSE1,362219.6086,362219.6086,362981.1086,761.5,761.5,333.3,0.437689,1,p:2.1.3.1.2.2
U2258,91,FUSE1,362235.6086,362235.6086,363813.9086,1578.3,1578.3,333.3,0.211177,1,p:1.1.2.1.2.2
U2259,91,FUSE1,362387.6086,362387.6086,363027.9086,640.3,640.3,333.3,0.520537,1,p:2.1.1.1.2.2
U2260,91,FUSE1,362416.4086,362416.4086,363198.3086,781.9,781.9,333.3,0.426269,1,p:1.1.5.1.2.2
U2261,91,FUSE1,362463.2086,362463.2086,363229.9086,766.7,766.7,333.3,0.43472,1,p:2.1.4.1.2.2
U2262,91,FUSE1,362479.2086,362479.2086,363286.7086,807.5,807.5,333.3,0.412755,1,p:1.1.3.1.2.2
U2263,91,FUSE1,362491.0086,362491.0086,363503.9086,1012.9,1012.9,333.3,0.329055,1,p:2.1.5.1.2.2
U2264,91,FUSE2,362631.2086,362631.2086,364897.6059,2266.3973,2266.3973,365.7,0.161357,1,p:1.1.2.2.2.2
U2265,91,FUSE2,362706.8086,362706.8086,363567.9086,861.1,861.1,365.7,0.424689,1,p:2.1.4.1.2.2
U2266,91,FUSE2,362714.4086,362714.4086,363367.1086,652.7,652.7,365.7,0.560288,1,p:1.1.1.1.2.2
U2267,91,FUSE2,362722.8086,362722.8086,363841.9086,1119.1,1119.1,365.7,0.32678,1,p:2.1.5.1.2.2
U2268,91,FUSE2,362734.6086,362734.6086,363624.7086,890.1,890.1,365.7,0.410853,1,p:1.1.3.1.2.2
U2269,91,FUSE2,362936.8086,362936.8086,364902.2059,1965.3973,1965.3973,365.7,0.186069,1,p:2.1.2.2.2.2
U2270,91,FUSE2,363012.4086,363012.4086,363705.1086,692.7,692.7,365.7,0.527934,1,p:1.1.1.1.2.2
U2271,91,FUSE2,363052.4086,363052.4086,363905.9086,853.5,853.5,365.7,0.428471,1,p:2.1.4.1.2.2
U7234,289,FUSE0,363059.2086,363059.2086,363868.3086,809.1,809.1,271.3,0.335311,1,p:1.1.3.1.2.2
U7235,289,FUSE0,363229.6086,363229.6086,364906.8059,1677.1973,1677.1973,271.3,0.161758,1,p:2.1.2.2.2.2
U7236,289,FUSE0,363261.2086,363261.2086,364085.5086,824.3,824.3,271.3,0.329128,1,p:1.1.5.1.2.2
U7237,289,FUSE0,363296.0086,363296.0086,364111.9086,815.9,815.9,271.3,0.332516,1,p:2.1.3.1.2.2
U7238,289,FUSE0,363318.0086,363318.0086,363948.7086,630.7,630.7,271.3,0.430157,1,p:1.1.1.1.2.2
U7239,289,FUSE0,363398.4086,363398.4086,364977.1086,1578.7,1578.7,271.3,0.17185,1,p:2.1.2.1.2.2
U7240,289,FUSE1,363535.2086,363535.2086,364391.1086,855.9,855.9,333.3,0.389415,1,p:1.1.5.1.2.2
U7241,289,FUSE1,363539.8086,363539.8086,364300.1086,760.3,760.3,333.3,0.43838,1,p:2.1.4.1.2.2
U7242,289,FUSE1,363599.2086,363599.2086,364254.3086,655.1,655.1,333.3,0.508777,1,p:1.1.1.1.2.2
U7243,289,FUSE1,363656.0086,363656.0086,364417.5086,761.5,761.5,333.3,0.437689,1,p:2.1.3.1.2.2
U7244,289,FUSE1,363736.4086,363736.4086,365282.9086,1546.5,1546.5,333.3,0.215519,1,p:1.1.2.1.2.2
U7245,289,FUSE1,363845.2086,363845.2086,364696.7086,851.5,851.5,333.3,0.391427,1,p:2.1.5.1.2.2
U7246,289,FUSE2,363873.2086,363873.2086,364648.3086,775.1,775.1,365.7,0.47181,1,p:1.1.4.1.2.2
U7247,289,FUSE2,363899.6086,363899.6086,364592.3086,692.7,692.7,365.7,0.527934,1,p:2.1.1.1.2.2
U7248,289,FUSE2,363937.2086,363937.2086,364755.5086,818.3,818.3,365.7,0.446902,1,p:1.1.3.1.2.2
U7249,289,FUSE2,363980.0086,363980.0086,365620.7086,1640.7,1640.7,365.7,0.222893,1,p:2.1.2.1.2.2
U7250,289,FUSE2,364116.8086,364116.8086,365034.7086,917.9,917.9,365.7,0.398409,1,p:1.1.5.1.2.2
U7251,289,FUSE2,364143.2086,364143.2086,364986.3086,843.1,843.1,365.7,0.433756,1,p:2.1.4.1.2.2
U7252,289,FUSE2,364285.6086,364285.6086,364981.7086,696.1,696.1,365.7,0.525356,1,p:1.2.1.1.2.2
U5130,205,FUSE0,364331.4086,364331.4086,364999.1086,667.7,667.7,271.3,0.40632,1,p:2.1.3.1.2.2
U5131,205,FUSE0,364422.4086,364422.4086,365864.3086,1441.9,1441.9,271.3,0.188155,1,p:1.1.2.1.2.2
U5132,205,FUSE0,364448.8086,364448.8086,365278.3086,829.5,829.5,271.3,0.327064,1,p:2.1.5.1.2.2
U5133,205,FUSE0,364623.6086,364623.6086,365301.9086,678.3,678.3,271.3,0.399971,1,p:1.1.4.1.2.2
U5134,205,FUSE0,364679.6086,364679.6086,365257.9086,578.3,578.3,271.3,0.469134,1,p:2.1.1.1.2.2
U5135,205,FUSE0,364728.0086,364728.0086,365366.3086,638.3,638.3,271.3,0.425035,1,p:1.1.3.1.2.2
U5136,205,FUSE0,364786.8086,364786.8086,366107.9086,1321.1,1321.1,271.3,0.205359,1,p:2.1.2.1.2.2
U5137,205,FUSE1,364928.9059,364928.9059,365709.2059,780.3,780.3,333.3,0.427143,1,p:1.1.5.1.2.2
U5138,205,FUSE1,364933.5059,364933.5059,365693.8059,760.3,760.3,333.3,0.43838,1,p:2.1.4.1.2.2
U5139,205,FUSE1,364938.1059,364938.1059,365671.9086,733.8027,733.8027,333.3,0.454209,1,p:1.1.3.1.2.2
U5140,205,FUSE1,365008.4086,365008.4086,365648.7086,640.3,640.3,333.3,0.520537,1,p:2.1.1.1.2.2
U5141,205,FUSE1,365013.0086,365013.0086,366413.5086,1400.5,1400.5,333.3,0.237986,1,p:1.1.2.1.2.2
U5142,205,FUSE1,365017.6086,365017.6086,366014.8059,997.1973,997.1973,333.3,0.334237,1,p:2.1.5.1.2.2
U5143,205,FUSE1,365030.4086,365030.4086,365999.4059,968.9973,968.9973,333.3,0.343964,1,p:1.1.4.1.2.2
U5144,205,FUSE2,365066.0086,365066.0086,366009.9086,943.9,943.9,365.7,0.387435,1,p:2.1.3.1.2.2
U5145,205,FUSE2,365289.2086,365289.2086,365986.7086,697.5,697.5,365.7,0.524301,1,p:1.1.1.1.2.2
U5146,205,FUSE2,365309.6086,365309.6086,366751.5086,1441.9,1441.9,365.7,0.253624,1,p:2.1.2.1.2.2
U5147,205,FUSE2,365314.2086,365314.2086,366352.8059,1038.5973,1038.5973,365.7,0.35211,1,p:1.1.5.1.2.2
U5148,205,FUSE2,365333.2086,365333.2086,366337.4059,1004.1973,1004.1973,365.7,0.364171,1,p:2.1.4.1.2.2
U5149,205,FUSE2,365397.6086,365397.6086,366347.9086,950.3,950.3,365.7,0.384826,1,p:1.1.3.1.2.2
U5150,205,FUSE2,365652.0086,365652.0086,367089.5086,1437.5,1437.5,365.7,0.2544,1,p:2.1.2.1.2.2
U3229,130,FUSE0,365680.0086,365680.0086,366240.7086,560.7,560.7,271.3,0.483859,1,p:1.1.1.2.2.2
U3230,130,FUSE0,365703.2086,365703.2086,366596.4059,893.1973,893.1973,271.3,0.30374,1,p:2.1.5.1.2.2
U3231,130,FUSE0,365725.1059,365725.1059,366581.0059,855.9,855.9,271.3,0.316976,1,p:1.1.4.1.2.2
U3232,130,FUSE0,365740.5059,365740.5059,366484.3086,743.8027,743.8027,271.3,0.364747,1,p:2.1.1.2.2.2
U3233,130,FUSE0,365895.6086,365895.6086,366591.5086,695.9,695.9,271.3,0.389855,1,p:1.1.3.1.2.2
U3234,130,FUSE0,366018.0086,366018.0086,367333.1086,1315.1,1315.1,271.3,0.206296,1,p:2.1.2.1.2.2
U3235,130,FUSE0,366030.7059,366030.7059,366840.0059,809.3,809.3,271.3,0.335228,1,p:1.1.5.1.2.2
U3236,130,FUSE1,366041.2086,366041.2086,366886.6059,845.3973,845.3973,333.3,0.394252,1,p:2.1.4.1.2.2
U3237,130,FUSE1,366046.1059,366046.1059,366789.9086,743.8027,743.8027,333.3,0.448103,1,p:1.1.1.2.2.2
U3238,130,FUSE1,366139.2086,366139.2086,367638.7086,1499.5,1499.5,333.3,0.222274,1,p:2.1.2.1.2.2
U3239,130,FUSE1,366272.0086,366272.0086,366972.3086,700.3,700.3,333.3,0.475939,1,p:1.1.3.1.2.2
U3240,130,FUSE1,366368.7059,366368.7059,367169.9086,801.2027,801.2027,333.3,0.416,1,p:2.1.5.1.2.2
U3241,130,FUSE1,366379.2086,366379.2086,367192.2059,812.9973,812.9973,333.3,0.409964,1,p:1.1.4.1.2.2
U3242,130,FUSE1,366384.1059,366384.1059,367095.5086,711.4027,711.4027,333.3,0.468511,1,p:2.1.1.2.2.2
U3243,130,FUSE1,366444.8086,366444.8086,367277.9086,833.1,833.1,333.3,0.400072,1,p:1.1.3.1.2.2
U3244,130,FUSE2,366515.6086,366515.6086,367976.7086,1461.1,1461.1,365.7,0.250291,1,p:2.1.2.1.2.2
U3245,130,FUSE2,366612.3059,366612.3059,367507.9086,895.6027,895.6027,365.7,0.408328,1,p:1.1.5.1.2.2
U3246,130,FUSE2,366622.8086,366622.8086,367530.2059,907.3973,907.3973,365.7,0.403021,1,p:2.1.4.1.2.2
U3247,130,FUSE2,366627.7059,366627.7059,367433.5086,805.8027,805.8027,365.7,0.453833,1,p:1.2.1.2.2.2
U3248,130,FUSE2,366782.8086,366782.8086,367615.9086,833.1,833.1,365.7,0.438963,1,p:2.1.3.1.2.2
U3249,130,FUSE2,366821.2086,366821.2086,368314.7086,1493.5,1493.5,365.7,0.244861,1,p:1.1.2.1.2.2
U3250,130,FUSE2,366871.3059,366871.3059,367845.9086,974.6027,974.6027,365.7,0.37523,1,p:2.1.5.1.2.2
U3251,130,FUSE2,366917.9059,366917.9059,367868.2059,950.3,950.3,365.7,0.384826,1,p:1.1.4.1.2.2
U3786,152,FUSE0,367003.6086,367003.6086,367677.1086,673.5,673.5,271.3,0.402821,1,p:2.1.1.2.2.2
U3787,152,FUSE0,367120.8086,367120.8086,367859.5086,738.7,738.7,271.3,0.367267,1,p:1.1.3.1.2.2
U3788,152,FUSE0,367126.8086,367126.8086,368558.3086,1431.5,1431.5,271.3,0.189521,1,p:2.1.2.1.2.2
U3789,152,FUSE0,367201.2086,367201.2086,368089.5086,888.3,888.3,271.3,0.305415,1,p:1.1.5.1.2.2
U3790,152,FUSE0,367223.5059,367223.5059,367920.7086,697.2027,697.2027,271.3,0.389126,1,p:2.1.1.2.2.2
U3791,152,FUSE0,367309.2086,367309.2086,368103.1086,793.9,793.9,271.3,0.341731,1,p:1.1.3.1.2.2
U3792,152,FUSE0,367364.4086,367364.4086,368111.8059,747.3973,747.3973,271.3,0.362993,1,p:2.1.4.1.2.2
U3793,152,FUSE0,367464.8086,367464.8086,368801.9086,1337.1,1337.1,271.3,0.202902,1,p:1.1.2.1.2.2
U3794,152,FUSE0,367539.2086,367539.2086,368333.1086,793.9,793.9,271.3,0.341731,1,p:2.1.5.1.2.2
U3795,152,FUSE1,367561.5059,367561.5059,368226.3086,664.8027,664.8027,333.3,0.501352,1,p:1.1.1.1.2.2
U3796,152,FUSE1,367647.2086,367647.2086,368408.7086,761.5,761.5,333.3,0.437689,1,p:2.1.3.1.2.2
U3797,152,FUSE1,367670.0086,367670.0086,368417.9086,747.9,747.9,333.3,0.445648,1,p:1.1.4.1.2.2
U3798,152,FUSE1,367708.4086,367708.4086,369107.5086,1399.1,1399.1,333.3,0.238225,1,p:2.1.2.1.2.2
U3799,152,FUSE1,367877.2086,367877.2086,368657.5086,780.3,780.3,333.3,0.427143,1,p:1.1.5.1.2.2
U3800,152,FUSE1,367890.8086,367890.8086,368531.9086,641.1,641.1,333.3,0.519888,1,p:2.1.1.1.2.2
U3801,152,FUSE1,367899.5059,367899.5059,368714.3086,814.8027,814.8027,333.3,0.409056,1,p:1.1.3.1.2.2
U3802,152,FUSE1,367952.0086,367952.0086,368723.5086,771.5,771.5,333.3,0.432016,1,p:2.1.4.1.2.2
U3803,152,FUSE1,368008.0086,368008.0086,369413.1086,1405.1,1405.1,333.3,0.237207,1,p:1.1.2.1.2.2
U3804,152,FUSE2,368120.8086,368120.8086,368995.5086,874.7,874.7,365.7,0.418086,1,p:2.1.5.1.2.2
U3805,152,FUSE2,368134.4086,368134.4086,368869.9086,735.5,735.5,365.7,0.497213,1,p:1.1.1.1.2.2
U3806,152,FUSE2,368143.1059,368143.1059,369052.3086,909.2027,909.2027,365.7,0.402221,1,p:2.1.3.1.2.2
U3807,152,FUSE2,368257.6086,368257.6086,369061.5086,803.9,803.9,365.7,0.454907,1,p:1.1.4.1.2.2
U3808,152,FUSE2,368346.0086,368346.0086,369751.1086,1405.1,1405.1,365.7,0.260266,1,p:2.1.2.1.2.2
U3809,152,FUSE2,368364.4086,368364.4086,369333.5086,969.1,969.1,365.7,0.37736,1,p:1.1.5.1.2.2
U3810,152,FUSE2,368440.0086,368440.0086,369207.9086,767.9,767.9,365.7,0.476234,1,p:2.1.1.1.2.2
U3811,152,FUSE2,368449.2086,368449.2086,369390.3086,941.1,941.1,365.7,0.388588,1,p:1.1.3.1.2.2
U3812,152,FUSE2,368563.2086,368563.2086,369399.5086,836.3,836.3,365.7,0.437283,1,p:2.1.4.1.2.2
U2594,105,FUSE0,368589.6086,368589.6086,369994.7086,1405.1,1405.1,271.3,0.193082,1,p:1.1.2.2.2.2
U2595,105,FUSE0,368688.8086,368688.8086,369577.1086,888.3,888.3,271.3,0.305415,1,p:2.1.5.1.2.2
U2596,105,FUSE0,368745.6086,368745.6086,369451.5086,705.9,705.9,271.3,0.384332,1,p:1.1.1.1.2.2
U2597,105,FUSE0,368754.8086,368754.8086,369633.9086,879.1,879.1,271.3,0.308611,1,p:2.1.3.1.2.2
U2598,105,FUSE0,368833.2086,368833.2086,369643.1086,809.9,809.9,271.3,0.33498,1,p:1.1.4.1.2.2
U2599,105,FUSE0,368901.2086,368901.2086,370238.3086,1337.1,1337.1,271.3,0.202902,1,p:2.1.2.2.2.2
U2600,105,FUSE0,369026.8086,369026.8086,369820.7086,793.9,793.9,271.3,0.341731,1,p:1.1.5.1.2.2
U2601,105,FUSE0,369083.6086,369083.6086,369695.1086,611.5,611.5,271.3,0.443663,1,p:2.1.1.1.2.2
U2602,105,FUSE0,369092.8086,369092.8086,369877.5086,784.7,784.7,271.3,0.345737,1,p:1.1.3.1.2.2
U2603,105,FUSE1,369138.8086,369138.8086,369948.7086,809.9,809.9,333.3,0.411532,1,p:2.1.4.1.2.2
U2604,105,FUSE1,369239.2086,369239.2086,370543.9086,1304.7,1304.7,333.3,0.255461,1,p:1.1.2.2.2.2
U2605,105,FUSE1,369364.8086,369364.8086,370165.1086,800.3,800.3,333.3,0.416469,1,p:2.1.5.1.2.2
U2606,105,FUSE1,369421.6086,369421.6086,370041.9086,620.3,620.3,333.3,0.537321,1,p:1.1.1.1.2.2
U2607,105,FUSE1,369430.8086,369430.8086,370183.1086,752.3,752.3,333.3,0.443041,1,p:2.1.3.1.2.2
U2608,105,FUSE1,369444.4086,369444.4086,370254.3086,809.9,809.9,333.3,0.411532,1,p:1.1.4.1.2.2
U2609,105,FUSE1,369482.8086,369482.8086,370470.7086,987.9,987.9,333.3,0.337382,1,p:2.1.5.1.2.2
U2610,105,FUSE1,369608.4086,369608.4086,370849.5086,1241.1,1241.1,333.3,0.268552,1,p:1.1.2.2.2.2
U2611,105,FUSE1,369665.2086,369665.2086,370347.5086,682.3,682.3,333.3,0.488495,1,p:2.1.1.1.2.2
U2612,105,FUSE1,369674.4086,369674.4086,370488.7086,814.3,814.3,333.3,0.409309,1,p:1.1.3.1.2.2
U2613,105,FUSE2,369726.4086,369726.4086,370592.3086,865.9,865.9,365.7,0.422335,1,p:2.1.4.1.2.2
U2614,105,FUSE2,369782.4086,369782.4086,373903.8014,4121.3929,4121.3929,365.7,0.088732,1,p:1.2.2.2.2.2
U2615,105,FUSE2,369852.0086,369852.0086,370808.7086,956.7,956.7,365.7,0.382251,1,p:2.1.5.1.2.2
U2616,105,FUSE2,369908.8086,369908.8086,370685.5086,776.7,776.7,365.7,0.470838,1,p:1.1.1.1.2.2
U2617,105,FUSE2,369980.0086,369980.0086,370826.7086,846.7,846.7,365.7,0.431912,1,p:2.1.3.1.2.2
U2618,105,FUSE2,370026.0086,370026.0086,370930.3086,904.3,904.3,365.7,0.404401,1,p:1.1.4.1.2.2
U2619,105,FUSE2,370073.2086,370073.2086,373926.8014,3853.5929,3853.5929,365.7,0.094898,1,p:2.1.2.2.2.2
U2620,105,FUSE2,370196.4086,370196.4086,373890.0014,3693.5929,3693.5929,365.7,0.099009,1,p:1.1.5.1.2.2
U2621,105,FUSE2,370214.4086,370214.4086,371023.5086,809.1,809.1,365.7,0.451984,1,p:2.1.1.1.2.2
U2622,105,FUSE2,370269.6086,370269.6086,373894.6014,3624.9929,3624.9929,365.7,0.100883,1,p:1.1.3.1.2.2
U8459,338,FUSE0,370285.6086,370285.6086,373899.2014,3613.5929,3613.5929,271.3,0.075078,1,p:2.1.4.1.2.2
U8460,338,FUSE0,370378.8086,370378.8086,373949.8014,3570.9929,3570.9929,271.3,0.075973,1,p:1.1.2.2.2.2
U8461,338,FUSE0,370502.0086,370502.0086,373913.0014,3410.9929,3410.9929,271.3,0.079537,1,p:2.1.5.1.2.2
U8462,338,FUSE0,370520.0086,370520.0086,373908.4014,3388.3929,3388.3929,271.3,0.080067,1,p:1.1.1.1.2.2
U8463,338,FUSE0,370575.2086,370575.2086,373917.6014,3342.3929,3342.3929,271.3,0.081169,1,p:2.1.3.1.2.2
U8464,338,FUSE0,370623.6086,370623.6086,373922.2014,3298.5929,3298.5929,271.3,0.082247,1,p:1.1.4.1.2.2
U8465,338,FUSE0,370716.8086,370716.8086,373954.4014,3237.5929,3237.5929,271.3,0.083797,1,p:2.1.2.2.2.2
U8466,338,FUSE1,370840.0086,370840.0086,373936.0014,3095.9929,3095.9929,333.3,0.107655,1,p:1.1.5.1.2.2
U8467,338,FUSE1,370858.0086,370858.0086,373931.4014,3073.3929,3073.3929,333.3,0.108447,1,p:2.1.1.1.2.2
U8468,338,FUSE1,370880.8086,370880.8086,373940.6014,3059.7929,3059.7929,333.3,0.108929,1,p:1.1.3.1.2.2
U8469,338,FUSE1,370961.6086,370961.6086,373945.2014,2983.5929,2983.5929,333.3,0.111711,1,p:2.1.4.1.2.2
U8470,338,FUSE1,371054.8086,371054.8086,373959.0014,2904.1929,2904.1929,333.3,0.114765,1,p:1.1.2.2.2.2
U8471,338,FUSE1,373921.3014,373921.3014,374727.0014,805.7,805.7,333.3,0.413678,1,p:2.1.5.1.2.2
U8472,338,FUSE1,373925.9014,373925.9014,374546.2014,620.3,620.3,333.3,0.537321,1,p:1.1.1.1.2.2
U8473,338,FUSE2,373930.5014,373930.5014,374700.2014,769.7,769.7,365.7,0.47512,1,p:2.1.3.1.2.2
U8474,338,FUSE2,373935.1014,373935.1014,374709.0014,773.9,773.9,365.7,0.472542,1,p:1.1.4.1.2.2
U8475,338,FUSE2,373939.7014,373939.7014,375065.0014,1125.3,1125.3,365.7,0.32498,1,p:2.1.5.1.2.2
U8476,338,FUSE2,373944.3014,373944.3014,374649.8014,705.5,705.5,365.7,0.518356,1,p:1.1.2.2.2.2
U8477,338,FUSE2,373948.9014,373948.9014,374884.2014,935.3,935.3,365.7,0.390998,1,p:2.1.1.1.2.2
U8478,338,FUSE2,373953.5014,373953.5014,375038.2014,1084.7,1084.7,365.7,0.337144,1,p:1.1.3.1.2.2
U8479,338,FUSE2,373958.1014,373958.1014,375047.0014,1088.9,1088.9,365.7,0.335844,1,p:2.1.4.1.2.2
U5408,216,FUSE0,373962.7014,373962.7014,374893.4014,930.7,930.7,271.3,0.291501,1,p:1.2.2.1.2.2
U5409,216,FUSE0,373967.3014,373967.3014,375308.6014,1341.3,1341.3,271.3,0.202266,1,p:2.1.5.1.2.2
U5410,216,FUSE0,373971.9014,373971.9014,375127.8014,1155.9,1155.9,271.3,0.234709,1,p:1.1.1.1.2.2
U5411,216,FUSE0,373976.5014,373976.5014,375137.0014,1160.5,1160.5,271.3,0.233779,1,p:2.1.2.1.2.2
U5412,216,FUSE0,373981.1014,373981.1014,375281.8014,1300.7,1300.7,271.3,0.20858,1,p:1.1.3.1.2.2
U5413,216,FUSE0,373985.7014,373985.7014,375552.2014,1566.5,1566.5,271.3,0.173189,1,p:2.1.5.1.2.2
U5414,216,FUSE0,373990.3014,373990.3014,375290.6014,1300.3,1300.3,271.3,0.208644,1,p:1.1.4.1.2.2
U5415,216,FUSE0,374577.5014,374577.5014,375371.4014,793.9,793.9,271.3,0.341731,1,p:2.1.1.1.2.2
U5416,216,FUSE1,374681.1014,374681.1014,375442.6014,761.5,761.5,333.3,0.437689,1,p:1.1.2.1.2.2
U5417,216,FUSE1,374731.5014,374731.5014,375587.4014,855.9,855.9,333.3,0.389415,1,p:2.1.3.1.2.2
U5418,216,FUSE1,374740.3014,374740.3014,375596.2014,855.9,855.9,333.3,0.389415,1,p:1.2.4.1.2.2
U5419,216,FUSE1,374758.3014,374758.3014,375857.8014,1099.5,1099.5,333.3,0.303138,1,p:2.1.5.1.2.2
U5420,216,FUSE1,374915.5014,374915.5014,375677.0014,761.5,761.5,333.3,0.437689,1,p:1.1.1.1.2.2
U5421,216,FUSE1,374924.7014,374924.7014,375748.2014,823.5,823.5,333.3,0.404736,1,p:2.1.2.1.2.2
U5422,216,FUSE1,375069.5014,375069.5014,375893.0014,823.5,823.5,333.3,0.404736,1,p:1.1.3.1.2.2
U5423,216,FUSE1,375078.3014,375078.3014,375901.8014,823.5,823.5,333.3,0.404736,1,p:2.1.4.1.2.2
U5424,216,FUSE2,375096.3014,375096.3014,376195.8014,1099.5,1099.5,365.7,0.332606,1,p:1.1.5.1.2.2
U5425,216,FUSE2,375159.1014,375159.1014,376015.0014,855.9,855.9,365.7,0.42727,1,p:2.1.1.1.2.2
U5426,216,FUSE2,375168.3014,375168.3014,376086.2014,917.9,917.9,365.7,0.398409,1,p:1.1.2.1.2.2
U5427,216,FUSE2,375313.1014,375313.1014,376231.0014,917.9,917.9,365.7,0.398409,1,p:2.1.3.1.2.2
U5428,216,FUSE2,375321.9014,375321.9014,376239.8014,917.9,917.9,365.7,0.398409,1,p:1.1.4.1.2.2
U5429,216,FUSE2,375339.9014,375339.9014,376533.8014,1193.9,1193.9,365.7,0.306307,1,p:2.1.5.1.2.2
U5430,216,FUSE2,375402.7014,375402.7014,376353.0014,950.3,950.3,365.7,0.384826,1,p:1.1.1.1.2.2
U5431,216,FUSE2,375473.9014,375473.9014,376424.2014,950.3,950.3,365.7,0.384826,1,p:2.1.2.2.2.2
U7303,292,FUSE0,375583.5014,375583.5014,376474.6014,891.1,891.1,271.3,0.304455,1,p:1.1.3.1.2.2
U7304,292,FUSE0,375618.7014,375618.7014,376483.4014,864.7,864.7,271.3,0.31375,1,p:2.1.4.1.2.2
U7305,292,FUSE0,375627.5014,375627.5014,376777.4014,1149.9,1149.9,271.3,0.235934,1,p:1.1.5.1.2.2
U7306,292,FUSE0,375708.3014,375708.3014,376596.6014,888.3,888.3,271.3,0.305415,1,p:2.1.1.1.2.2
U7307,292,FUSE0,375779.5014,375779.5014,376718.2014,938.7,938.7,271.3,0.289017,1,p:1.1.3.1.2.2
U7308,292,FUSE0,375889.1014,375889.1014,376727.0014,837.9,837.9,271.3,0.323786,1,p:2.1.4.1.2.2
U7309,292,FUSE0,375924.3014,375924.3014,376667.8014,743.5,743.5,271.3,0.364896,1,p:1.1.2.2.2.2
U7310,292,FUSE0,375933.1014,375933.1014,377021.0014,1087.9,1087.9,271.3,0.24938,1,p:2.1.5.1.2.2
U7311,292,FUSE1,376046.3014,376046.3014,376902.2014,855.9,855.9,333.3,0.389415,1,p:1.1.1.1.2.2
U7312,292,FUSE1,376117.5014,376117.5014,377025.6014,908.1,908.1,333.3,0.36703,1,p:2.1.3.1.2.2
U7313,292,FUSE1,376227.1014,376227.1014,377032.6014,805.5,805.5,333.3,0.41378,1,p:1.1.4.1.2.2
U7314,292,FUSE1,376262.3014,376262.3014,376973.4014,711.1,711.1,333.3,0.46871,1,p:2.1.2.2.2.2
U7315,292,FUSE1,376271.1014,376271.1014,377326.6014,1055.5,1055.5,333.3,0.315775,1,p:1.1.5.1.2.2
U7316,292,FUSE1,376384.3014,376384.3014,377207.8014,823.5,823.5,333.3,0.404736,1,p:2.1.1.1.2.2
U7317,292,FUSE1,376455.5014,376455.5014,377331.2014,875.7,875.7,333.3,0.38061,1,p:1.1.3.1.2.2
U7318,292,FUSE1,376505.9014,376505.9014,377338.2014,832.3,832.3,333.3,0.400457,1,p:2.1.4.1.2.2
U7319,292,FUSE2,376514.7014,376514.7014,377311.4014,796.7,796.7,365.7,0.459018,1,p:1.2.2.1.2.2
U7320,292,FUSE2,376565.1014,376565.1014,377664.6014,1099.5,1099.5,365.7,0.332606,1,p:2.1.5.1.2.2
U7321,292,FUSE2,376627.9014,376627.9014,377545.8014,917.9,917.9,365.7,0.398409,1,p:1.1.1.1.2.2
U7322,292,FUSE2,376699.1014,376699.1014,377669.2014,970.1,970.1,365.7,0.376971,1,p:2.1.3.1.2.2
U7323,292,FUSE2,376749.5014,376749.5014,377676.2014,926.7,926.7,365.7,0.394626,1,p:1.1.4.1.2.2
U7324,292,FUSE2,376758.3014,376758.3014,378002.6014,1244.3,1244.3,365.7,0.2939,1,p:2.1.5.1.2.2
U7325,292,FUSE2,376808.7014,376808.7014,377649.4014,840.7,840.7,365.7,0.434995,1,p:1.1.2.1.2.2
U7724,309,FUSE0,376933.5014,376933.5014,377789.4014,855.9,855.9,271.3,0.316976,1,p:2.1.1.1.2.2
U7725,309,FUSE0,377004.7014,377004.7014,377911.0014,906.3,906.3,271.3,0.299349,1,p:1.1.3.1.2.2
U7726,309,FUSE0,377052.3014,377052.3014,377919.8014,867.5,867.5,271.3,0.312738,1,p:2.1.4.1.2.2
U7727,309,FUSE0,377056.9014,377056.9014,377893.0014,836.1,836.1,271.3,0.324483,1,p:1.2.2.1.2.2
U7728,309,FUSE0,377063.9014,377063.9014,378246.2014,1182.3,1182.3,271.3,0.229468,1,p:2.1.5.1.2.2
U7729,309,FUSE0,377239.1014,377239.1014,378033.0014,793.9,793.9,271.3,0.341731,1,p:1.1.1.1.2.2
U7730,309,FUSE0,377342.7014,377342.7014,378154.6014,811.9,811.9,271.3,0.334154,1,p:2.1.3.1.2.2
U7731,309,FUSE0,377357.9014,377357.9014,378163.4014,805.5,805.5,271.3,0.336809,1,p:1.1.4.1.2.2
U7732,309,FUSE0,377362.5014,377362.5014,378489.8014,1127.3,1127.3,271.3,0.240664,1,p:2.1.5.1.2.2
U7733,309,FUSE1,377369.5014,377369.5014,378198.6014,829.1,829.1,333.3,0.402002,1,p:1.1.2.2.2.2
U7734,309,FUSE1,377577.1014,377577.1014,378338.6014,761.5,761.5,333.3,0.437689,1,p:2.1.1.1.2.2
U7735,309,FUSE1,377680.7014,377680.7014,378460.2014,779.5,779.5,333.3,0.427582,1,p:1.1.3.1.2.2
U7736,309,FUSE1,377695.9014,377695.9014,378469.0014,773.1,773.1,333.3,0.431121,1,p:2.1.4.1.2.2
U7737,309,FUSE1,377700.5014,377700.5014,378795.4014,1094.9,1094.9,333.3,0.304411,1,p:1.1.5.1.2.2
U7738,309,FUSE1,377707.5014,377707.5014,378504.2014,796.7,796.7,333.3,0.418351,1,p:2.1.2.2.2.2
U7739,309,FUSE1,377820.7014,377820.7014,378644.2014,823.5,823.5,333.3,0.404736,1,p:1.1.1.1.2.2
U7740,309,FUSE1,377924.3014,377924.3014,378765.8014,841.5,841.5,333.3,0.396078,1,p:2.1.3.1.2.2
U7741,309,FUSE1,377942.3014,377942.3014,378774.6014,832.3,832.3,333.3,0.400457,1,p:1.1.4.1.2.2
U7742,309,FUSE2,377951.1014,377951.1014,378842.2014,891.1,891.1,365.7,0.410392,1,p:2.1.2.2.2.2
U7743,309,FUSE2,378033.9014,378033.9014,379133.4014,1099.5,1099.5,365.7,0.332606,1,p:1.1.5.1.2.2
U7744,309,FUSE2,378064.3014,378064.3014,379103.8014,1039.5,1039.5,365.7,0.351804,1,p:2.1.3.1.2.2
U7745,309,FUSE2,378185.9014,378185.9014,378982.2014,796.3,796.3,365.7,0.459249,1,p:1.1.1.1.2.2
U7746,309,FUSE2,378194.7014,378194.7014,379112.6014,917.9,917.9,365.7,0.398409,1,p:2.1.4.1.2.2
U7747,309,FUSE2,378229.9014,378229.9014,379471.4014,1241.5,1241.5,365.7,0.294563,1,p:1.1.5.1.2.2
U7748,309,FUSE2,378277.5014,378277.5014,379180.2014,902.7,902.7,365.7,0.405118,1,p:2.1.2.2.2.2
U7749,309,FUSE2,378369.9014,378369.9014,379360.2014,990.3,990.3,365.7,0.369282,1,p:1.1.1.2.1.2
U6776,271,FUSE0,378491.5014,378491.5014,379347.4014,855.9,855.9,271.3,0.316976,1,p:2.1.3.1.2.2
U6777,271,FUSE0,378500.3014,378500.3014,379356.2014,855.9,855.9,271.3,0.316976,1,p:1.1.4.1.2.2
U6778,271,FUSE0,378521.1014,378521.1014,379715.0014,1193.9,1193.9,271.3,0.227238,1,p:2.1.5.1.2.2
U6779,271,FUSE0,378535.5014,378535.5014,379423.8014,888.3,888.3,271.3,0.305415,1,p:1.1.2.2.2.2
U6780,271,FUSE0,378675.5014,378675.5014,379591.0014,915.5,915.5,271.3,0.296341,1,p:2.1.3.1.2.2
U6781,271,FUSE0,378797.1014,378797.1014,379599.8014,802.7,802.7,271.3,0.337984,1,p:1.1.4.1.2.2
U6782,271,FUSE0,378805.9014,378805.9014,379603.8014,797.9,797.9,271.3,0.340018,1,p:2.1.1.2.1.2
U6783,271,FUSE0,378826.7014,378826.7014,379958.6014,1131.9,1131.9,271.3,0.239685,1,p:1.1.5.1.2.2
U6784,271,FUSE0,378873.5014,378873.5014,379667.4014,793.9,793.9,271.3,0.341731,1,p:2.1.2.2.2.2
U6785,271,FUSE0,379013.5014,379013.5014,379834.6014,821.1,821.1,271.3,0.33041,1,p:1.1.3.1.2.2
U6786,271,FUSE1,379135.1014,379135.1014,379905.4014,770.3,770.3,333.3,0.432689,1,p:2.1.4.1.2.2
U6787,271,FUSE1,379143.9014,379143.9014,379869.4014,725.5,725.5,333.3,0.459407,1,p:1.1.1.2.2.2
U6788,271,FUSE1,379164.7014,379164.7014,380264.2014,1099.5,1099.5,333.3,0.303138,1,p:2.1.5.1.2.2
U6789,271,FUSE1,379211.5014,379211.5014,379973.0014,761.5,761.5,333.3,0.437689,1,p:1.1.2.2.2.2
U6790,271,FUSE1,379378.7014,379378.7014,380140.2014,761.5,761.5,333.3,0.437689,1,p:2.1.3.1.2.2
U6791,271,FUSE1,379387.5014,379387.5014,380211.0014,823.5,823.5,333.3,0.404736,1,p:1.1.4.1.2.2
U6792,271,FUSE1,379391.5014,379391.5014,380175.0014,783.5,783.5,333.3,0.425399,1,p:2.1.1.2.2.2
U6793,271,FUSE1,379455.1014,379455.1014,380569.8014,1114.7,1114.7,333.3,0.299004,1,p:1.2.5.1.2.2
U6794,271,FUSE1,379502.7014,379502.7014,380278.6014,775.9,775.9,333.3,0.429566,1,p:2.1.2.2.2.2
U6795,271,FUSE1,379622.3014,379622.3014,380445.8014,823.5,823.5,333.3,0.404736,1,p:1.1.3.1.2.2
U6796,271,FUSE2,379631.1014,379631.1014,380549.0014,917.9,917.9,365.7,0.398409,1,p:2.1.4.1.2.2
U6797,271,FUSE2,379635.1014,379635.1014,380513.0014,877.9,877.9,365.7,0.416562,1,p:1.1.1.2.2.2
U6798,271,FUSE2,379698.7014,379698.7014,380907.8014,1209.1,1209.1,365.7,0.302456,1,p:2.1.5.1.2.2
U6799,271,FUSE2,379746.3014,379746.3014,380616.6014,870.3,870.3,365.7,0.4202,1,p:1.1.2.2.2.2
U6800,271,FUSE2,379865.9014,379865.9014,380783.8014,917.9,917.9,365.7,0.398409,1,p:2.1.3.1.2.2
U6801,271,FUSE2,379900.7014,379900.7014,380887.0014,986.3,986.3,365.7,0.37078,1,p:1.1.4.1.2.2
U6802,271,FUSE2,379936.7014,379936.7014,380851.0014,914.3,914.3,365.7,0.399978,1,p:2.1.1.2.2.2
U6803,271,FUSE2,379989.9014,379989.9014,381245.8014,1255.9,1255.9,365.7,0.291186,1,p:1.1.5.1.2.2
U6804,271,FUSE2,380004.3014,380004.3014,380954.6014,950.3,950.3,365.7,0.384826,1,p:2.1.2.2.2.2
U4836,193,FUSE0,380171.5014,380171.5014,381027.4014,855.9,855.9,271.3,0.316976,1,p:1.1.3.2.2.2
U4837,193,FUSE0,380206.3014,380206.3014,381130.6014,924.3,924.3,271.3,0.293519,1,p:2.1.4.1.2.2
U4838,193,FUSE0,380242.3014,380242.3014,381094.6014,852.3,852.3,271.3,0.318315,1,p:1.1.1.2.2.2
U4839,193,FUSE0,380295.5014,380295.5014,381489.4014,1193.9,1193.9,271.3,0.227238,1,p:2.1.5.1.2.2
U4840,193,FUSE0,380309.9014,380309.9014,381271.0014,961.1,961.1,271.3,0.282281,1,p:1.1.3.2.2.2
U4841,193,FUSE0,380477.1014,380477.1014,381198.2014,721.1,721.1,271.3,0.376231,1,p:2.1.2.2.2.2
U4842,193,FUSE0,380544.3014,380544.3014,381374.2014,829.9,829.9,271.3,0.326907,1,p:1.1.4.1.2.2
U4843,193,FUSE0,380580.3014,380580.3014,381338.2014,757.9,757.9,271.3,0.357963,1,p:2.1.1.2.2.2
U4844,193,FUSE0,380601.1014,380601.1014,381733.0014,1131.9,1131.9,271.3,0.239685,1,p:1.1.5.1.2.2
U4845,193,FUSE0,380647.9014,380647.9014,381514.6014,866.7,866.7,271.3,0.313026,1,p:2.1.3.2.2.2
U4846,193,FUSE1,380815.1014,380815.1014,381503.8014,688.7,688.7,333.3,0.483955,1,p:1.1.2.1.2.2
U4847,193,FUSE1,380882.3014,380882.3014,381679.8014,797.5,797.5,333.3,0.417931,1,p:2.1.4.1.2.2
U4848,193,FUSE1,380918.3014,380918.3014,381643.8014,725.5,725.5,333.3,0.459407,1,p:1.1.1.2.2.2
U4849,193,FUSE1,380939.1014,380939.1014,382038.6014,1099.5,1099.5,333.3,0.303138,1,p:2.1.5.1.2.2
U4850,193,FUSE1,380985.9014,380985.9014,381820.2014,834.3,834.3,333.3,0.399497,1,p:1.1.3.2.2.2
U4851,193,FUSE1,381058.7014,381058.7014,381809.4014,750.7,750.7,333.3,0.443986,1,p:2.1.2.1.2.2
U4852,193,FUSE1,381125.9014,381125.9014,381985.4014,859.5,859.5,333.3,0.387784,1,p:1.1.4.1.2.2
U4853,193,FUSE1,381161.9014,381161.9014,381949.4014,787.5,787.5,333.3,0.423238,1,p:2.1.1.2.2.2
U4854,193,FUSE1,381229.5014,381229.5014,382344.2014,1114.7,1114.7,333.3,0.299004,1,p:1.1.5.1.2.2
U4855,193,FUSE2,381277.1014,381277.1014,382147.4014,870.3,870.3,365.7,0.4202,1,p:2.1.2.1.2.2
U4856,193,FUSE2,381302.3014,381302.3014,382158.2014,855.9,855.9,365.7,0.42727,1,p:1.1.3.1.2.2
U4857,193,FUSE2,381369.5014,381369.5014,382323.4014,953.9,953.9,365.7,0.383374,1,p:2.1.4.1.2.2
U4858,193,FUSE2,381405.5014,381405.5014,382287.4014,881.9,881.9,365.7,0.414673,1,p:1.1.1.2.2.2
U4859,193,FUSE2,381520.7014,381520.7014,382682.2014,1161.5,1161.5,365.7,0.314851,1,p:2.1.5.1.2.2
U4860,193,FUSE2,381535.1014,381535.1014,382496.2014,961.1,961.1,365.7,0.380502,1,p:1.1.3.1.2.2
U4861,193,FUSE2,381545.9014,381545.9014,382661.4014,1115.5,1115.5,365.7,0.327835,1,p:2.1.4.1.2.2
U4862,193,FUSE2,381675.1014,381675.1014,382485.4014,810.3,810.3,365.7,0.451314,1,p:1.1.2.1.2.2
U4863,193,FUSE2,381711.1014,381711.1014,382625.4014,914.3,914.3,365.7,0.399978,1,p:2.1.1.2.2.2
U4864,193,FUSE2,381764.3014,381764.3014,383020.2014,1255.9,1255.9,365.7,0.291186,1,p:1.1.5.1.2.2
U565,23,FUSE0,381840.7014,381840.7014,382739.8014,899.1,899.1,271.3,0.301746,1,p:2.1.3.1.2.2
U566,23,FUSE0,381851.5014,381851.5014,382729.0014,877.5,877.5,271.3,0.309174,1,p:1.1.2.2.2.2
U567,23,FUSE0,381980.7014,381980.7014,382905.0014,924.3,924.3,271.3,0.293519,1,p:2.1.4.1.2.2
U568,23,FUSE0,382016.7014,382016.7014,382869.0014,852.3,852.3,271.3,0.318315,1,p:1.1.1.2.2.2
U569,23,FUSE0,382069.9014,382069.9014,382983.4014,913.5,913.5,271.3,0.29699,1,p:2.1.3.1.2.2
U570,23,FUSE0,382178.7014,382178.7014,383263.8014,1085.1,1085.1,271.3,0.250023,1,p:1.1.5.1.2.2
U571,23,FUSE0,382189.5014,382189.5014,382972.6014,783.1,783.1,271.3,0.346444,1,p:2.1.2.2.2.2
U572,23,FUSE0,382318.7014,382318.7014,383148.6014,829.9,829.9,271.3,0.326907,1,p:1.1.4.1.2.2
U573,23,FUSE1,382354.7014,382354.7014,383174.6014,819.9,819.9,333.3,0.406513,1,p:2.1.1.1.2.2
U574,23,FUSE1,382375.5014,382375.5014,383289.0014,913.5,913.5,333.3,0.36486,1,p:1.1.3.1.2.2
U575,23,FUSE1,382516.7014,382516.7014,383569.4014,1052.7,1052.7,333.3,0.316614,1,p:2.1.5.1.2.2
U576,23,FUSE1,382527.5014,382527.5014,383278.2014,750.7,750.7,333.3,0.443986,1,p:1.2.2.2.2.2
U577,23,FUSE1,382656.7014,382656.7014,383454.2014,797.5,797.5,333.3,0.417931,1,p:2.1.4.1.2.2
U578,23,FUSE1,382692.7014,382692.7014,383480.2014,787.5,787.5,333.3,0.423238,1,p:1.1.1.1.2.2
U579,23,FUSE1,382713.5014,382713.5014,383594.6014,881.1,881.1,333.3,0.378277,1,p:2.1.3.1.2.2
U580,23,FUSE2,382760.3014,382760.3014,383907.4014,1147.1,1147.1,365.7,0.318804,1,p:1.1.5.1.2.2
U581,23,FUSE2,382771.1014,382771.1014,383616.2014,845.1,845.1,365.7,0.43273,1,p:2.1.2.2.2.2
U582,23,FUSE2,382900.3014,382900.3014,383792.2014,891.9,891.9,365.7,0.410024,1,p:1.1.4.1.2.2
U583,23,FUSE2,382936.3014,382936.3014,383818.2014,881.9,881.9,365.7,0.414673,1,p:2.1.1.1.2.2
U584,23,FUSE2,383003.9014,383003.9014,383932.6014,928.7,928.7,365.7,0.393776,1,p:1.1.3.1.2.2
U585,23,FUSE2,383014.7014,383014.7014,384245.4014,1230.7,1230.7,365.7,0.297148,1,p:2.1.5.1.2.2
U586,23,FUSE2,383051.5014,383051.5014,383954.2014,902.7,902.7,365.7,0.405118,1,p:1.1.2.2.2.2
U587,23,FUSE2,383179.9014,383179.9014,384130.2014,950.3,950.3,365.7,0.384826,1,p:2.1.4.1.2.2
U2572,104,FUSE0,383205.9014,383205.9014,384061.8014,855.9,855.9,271.3,0.316976,1,p:1.1.1.1.2.2
U2573,104,FUSE0,383295.1014,383295.1014,384176.2014,881.1,881.1,271.3,0.307911,1,p:2.1.3.1.2.2
U2574,104,FUSE0,383309.5014,383309.5014,384489.0014,1179.5,1179.5,271.3,0.230013,1,p:1.1.5.1.2.2
U2575,104,FUSE0,383320.3014,383320.3014,384197.8014,877.5,877.5,271.3,0.309174,1,p:2.1.2.2.2.2
U2576,104,FUSE0,383485.5014,383485.5014,384305.4014,819.9,819.9,271.3,0.330894,1,p:1.1.1.1.2.2
U2577,104,FUSE0,383511.5014,383511.5014,384373.8014,862.3,862.3,271.3,0.314624,1,p:2.1.4.1.2.2
U2578,104,FUSE0,383600.7014,383600.7014,384419.8014,819.1,819.1,271.3,0.331217,1,p:1.1.3.1.2.2
U2579,104,FUSE1,383625.9014,383625.9014,384794.6014,1168.7,1168.7,333.3,0.285189,1,p:2.1.5.1.2.2
U2580,104,FUSE1,383647.5014,383647.5014,384503.4014,855.9,855.9,333.3,0.389415,1,p:1.1.2.2.2.2
U2581,104,FUSE1,383823.5014,383823.5014,384611.0014,787.5,787.5,333.3,0.423238,1,p:2.1.1.1.2.2
U2582,104,FUSE1,383849.5014,383849.5014,384679.4014,829.9,829.9,333.3,0.401615,1,p:1.1.4.1.2.2
U2583,104,FUSE1,383938.7014,383938.7014,384725.4014,786.7,786.7,333.3,0.423668,1,p:2.1.3.1.2.2
U2584,104,FUSE1,383963.9014,383963.9014,385103.398,1139.4966,1139.4966,333.3,0.292498,1,p:1.1.5.1.2.2
U2585,104,FUSE1,383985.5014,383985.5014,384809.0014,823.5,823.5,333.3,0.404736,1,p:2.1.2.2.2.2
U2586,104,FUSE2,384093.1014,384093.1014,384952.198,859.0966,859.0966,365.7,0.42568,1,p:1.1.1.1.2.2
U2587,104,FUSE2,384161.5014,384161.5014,385020.598,859.0966,859.0966,365.7,0.42568,1,p:2.1.4.1.2.2
U2588,104,FUSE2,384207.5014,384207.5014,385066.598,859.0966,859.0966,365.7,0.42568,1,p:1.1.3.1.2.2
U2589,104,FUSE2,384229.1014,384229.1014,385441.398,1212.2966,1212.2966,365.7,0.301659,1,p:2.1.5.1.2.2
U2590,104,FUSE2,384276.7014,384276.7014,385150.198,873.4966,873.4966,365.7,0.418662,1,p:1.1.2.2.2.2
U2591,104,FUSE2,384336.7014,384336.7014,385358.598,1021.8966,1021.8966,365.7,0.357864,1,p:2.1.4.1.2.2
U2592,104,FUSE2,384405.1014,384405.1014,385290.198,885.0966,885.0966,365.7,0.413175,1,p:1.1.1.1.2.2
U2593,104,FUSE2,384451.1014,384451.1014,385404.598,953.4966,953.4966,365.7,0.383536,1,p:2.1.3.1.2.2
U2750,111,FUSE0,384520.3014,384520.3014,385684.998,1164.6966,1164.6966,271.3,0.232936,1,p:1.1.5.1.2.2
U2751,111,FUSE0,384534.7014,384534.7014,385393.798,859.0966,859.0966,271.3,0.315797,1,p:2.1.2.2.2.2
U2752,111,FUSE0,384642.3014,384642.3014,385533.798,891.4966,891.4966,271.3,0.30432,1,p:1.1.1.1.2.2
U2753,111,FUSE0,384710.7014,384710.7014,385602.198,891.4966,891.4966,271.3,0.30432,1,p:2.1.4.1.2.2
U2754,111,FUSE0,384756.7014,384756.7014,385648.198,891.4966,891.4966,271.3,0.30432,1,p:1.1.3.1.2.2
U2755,111,FUSE0,384825.9014,384825.9014,385928.598,1102.6966,1102.6966,271.3,0.246033,1,p:2.1.5.1.2.2
U2756,111,FUSE0,384840.3014,384840.3014,385637.398,797.0966,797.0966,271.3,0.34036,1,p:1.1.2.2.2.2
U2757,111,FUSE0,384983.498,384983.498,385777.398,793.9,793.9,271.3,0.341731,1,p:2.1.1.1.2.2
E273,359,FUSE0,385051.898,385051.898,385880.998,829.1,829.1,271.3,0.327222,1,p:1.1.2.2.2.2
E274,359,FUSE0,385097.898,385097.898,385845.798,747.9,747.9,271.3,0.362749,1,p:2.1.4.1.2.2
E275,359,FUSE0,385134.698,385134.698,386020.998,886.3,886.3,271.3,0.306104,1,p:1.1.1.2.2.2
E276,359,FUSE0,385181.498,385181.498,386172.198,990.7,990.7,271.3,0.273847,1,p:2.1.5.1.2.2
E277,359,FUSE0,385321.498,385321.498,386124.598,803.1,803.1,271.3,0.337816,1,p:1.1.2.2.2.2
E278,359,FUSE0,385389.898,385389.898,386051.3946,661.4966,661.4966,271.3,0.410131,1,p:2.1.3.1.2.2
E279,359,FUSE0,385425.098,385425.098,386106.5946,681.4966,681.4966,271.3,0.398094,1,p:1.1.4.1.2.2
E280,359,FUSE0,385435.898,385435.898,386264.598,828.7,828.7,271.3,0.32738,1,p:2.1.1.2.2.2
E281,359,FUSE0,385472.698,385472.698,386413.598,940.9,940.9,271.3,0.288341,1,p:1.1.5.1.2.2
E282,359,FUSE0,385565.098,385565.098,386294.9946,729.8966,729.8966,271.3,0.371696,1,p:2.1.3.1.2.2
E283,359,FUSE1,385633.498,385633.498,386408.998,775.5,775.5,333.3,0.429787,1,p:1.1.4.1.2.2
E284,359,FUSE1,385668.698,385668.698,386427.0014,758.3034,758.3034,333.3,0.439534,1,p:2.1.2.1.2.2
E285,359,FUSE1,385679.498,385679.498,386567.0014,887.5034,887.5034,333.3,0.375548,1,p:1.1.1.2.2.2
E286,359,FUSE1,385716.298,385716.298,386719.198,1002.9,1002.9,333.3,0.332336,1,p:2.1.5.1.2.2
E287,359,FUSE1,385808.698,385808.698,386597.398,788.7,788.7,333.3,0.422594,1,p:1.1.3.1.2.2
E288,359,FUSE1,385877.098,385877.098,386714.598,837.5,837.5,333.3,0.39797,1,p:2.1.4.1.2.2
E289,359,FUSE1,385912.298,385912.298,386872.6014,960.3034,960.3034,333.3,0.347078,1,p:1.1.1.1.2.2
E290,359,FUSE1,385959.898,385959.898,386732.6014,772.7034,772.7034,333.3,0.431343,1,p:2.1.2.1.2.2
E291,359,FUSE1,386052.298,386052.298,387023.8014,971.5034,971.5034,333.3,0.343077,1,p:1.1.5.1.2.2
E292,359,FUSE2,386082.6946,386082.6946,386935.398,852.7034,852.7034,365.7,0.428871,1,p:2.1.3.1.2.2
E293,359,FUSE2,386137.8946,386137.8946,387052.598,914.7034,914.7034,365.7,0.399802,1,p:1.1.4.1.2.2
E294,359,FUSE2,386155.898,386155.898,387210.6014,1054.7034,1054.7034,365.7,0.346733,1,p:2.1.1.1.2.2
E295,359,FUSE2,386203.498,386203.498,387070.6014,867.1034,867.1034,365.7,0.421749,1,p:1.1.2.1.2.2
E296,359,FUSE2,386295.898,386295.898,387390.598,1094.7,1094.7,365.7,0.334064,1,p:1.1.4.1.2.2
E297,359,FUSE2,386326.2946,386326.2946,387408.6014,1082.3068,1082.3068,365.7,0.337889,1,p:2.1.2.1.2.2
E298,359,FUSE2,386440.298,386440.298,387548.6014,1108.3034,1108.3034,365.7,0.329964,1,p:1.1.1.2.2.2
E299,359,FUSE2,386444.898,386444.898,387361.8014,916.9034,916.9034,365.7,0.398842,1,p:2.1.5.1.2.2
E300,359,FUSE2,386458.3014,386458.3014,387273.398,815.0966,815.0966,365.7,0.448658,1,p:1.1.3.1.2.2
E301,359,FUSE2,386598.3014,386598.3014,387728.598,1130.2966,1130.2966,365.7,0.323543,1,p:2.1.4.1.2.2
E302,359,FUSE2,386628.698,386628.698,387746.6014,1117.9034,1117.9034,365.7,0.32713,1,p:1.1.2.1.2.2
E303,359,FUSE2,386745.898,386745.898,387886.6014,1140.7034,1140.7034,365.7,0.320592,1,p:2.1.1.2.2.2
U2758,111,FUSE0,386750.498,386750.498,387972.198,1221.7,1221.7,271.3,0.222068,1,p:1.1.4.1.2.2
U2759,111,FUSE1,386763.9014,386763.9014,387578.998,815.0966,815.0966,333.3,0.408909,1,p:2.1.3.1.2.2
U2760,111,FUSE1,386903.9014,386903.9014,387684.2014,780.3,780.3,333.3,0.427143,1,p:1.1.5.1.2.2
E304,355,FUSE0,386966.698,386966.698,388215.798,1249.1,1249.1,271.3,0.217196,1,p:1.1.4.1.2.2
E305,355,FUSE0,387055.1014,387055.1014,387990.2014,935.1,935.1,271.3,0.290129,1,p:2.1.2.1.2.2
E306,355,FUSE0,387083.898,387083.898,387822.598,738.7,738.7,271.3,0.367267,1,p:1.1.3.1.2.2
E307,355,FUSE0,387101.9014,387101.9014,388130.2014,1028.3,1028.3,271.3,0.263834,1,p:2.1.1.2.2.2
E308,355,FUSE0,387241.9014,387241.9014,387960.2014,718.3,718.3,271.3,0.377697,1,p:1.1.5.1.2.2
E309,355,FUSE0,387304.698,387304.698,388459.398,1154.7,1154.7,271.3,0.234953,1,p:2.1.4.1.2.2
E310,355,FUSE0,387393.1014,387393.1014,388233.8014,840.7,840.7,271.3,0.322707,1,p:1.1.2.1.2.2
E311,355,FUSE0,387421.898,387421.898,388203.8014,781.9034,781.9034,271.3,0.346974,1,p:2.1.5.1.2.2
E312,355,FUSE0,387439.9014,387439.9014,388078.2014,638.3,638.3,271.3,0.425035,1,p:1.1.3.1.2.2
E313,355,FUSE0,387579.9014,387579.9014,388378.4014,798.5,798.5,271.3,0.339762,1,p:2.1.1.1.2.2
E314,355,FUSE0,387610.298,387610.298,388477.4014,867.1034,867.1034,271.3,0.312881,1,p:1.1.2.1.2.2
E315,355,FUSE0,387715.5014,387715.5014,388373.8014,658.3,658.3,271.3,0.412122,1,p:2.1.3.1.2.2
E316,355,FUSE1,387759.898,387759.898,388540.198,780.3,780.3,333.3,0.427143,1,p:1.1.5.1.2.2
E317,355,FUSE1,387777.9014,387777.9014,388684.0014,906.1,906.1,333.3,0.36784,1,p:2.1.1.1.2.2
E318,355,FUSE1,387853.898,387853.898,388783.0014,929.1034,929.1034,333.3,0.358733,1,p:1.1.2.1.2.2
E319,355,FUSE1,387917.9014,387917.9014,388679.4014,761.5,761.5,333.3,0.437689,1,p:2.1.3.1.2.2
E320,355,FUSE1,387991.5014,387991.5014,388764.998,773.4966,773.4966,333.3,0.4309,1,p:1.1.4.1.2.2
E321,355,FUSE1,388003.498,388003.498,388989.6014,986.1034,986.1034,333.3,0.337997,1,p:2.1.1.1.2.2
E322,355,FUSE1,388021.5014,388021.5014,388845.798,824.2966,824.2966,333.3,0.404345,1,p:1.1.5.1.2.2
E323,355,FUSE1,388109.5014,388109.5014,389088.6014,979.1,979.1,333.3,0.340415,1,p:2.1.2.1.2.2
E324,355,FUSE1,388161.5014,388161.5014,388985.0014,823.5,823.5,333.3,0.404736,1,p:1.1.3.1.2.2
E325,355,FUSE1,388235.1014,388235.1014,389151.398,916.2966,916.2966,333.3,0.363747,1,p:2.1.5.1.2.2
E326,355,FUSE2,388247.098,388247.098,389102.998,855.9,855.9,365.7,0.42727,1,p:1.1.4.1.2.2
E327,355,FUSE2,388265.1014,388265.1014,389327.6014,1062.5,1062.5,365.7,0.344188,1,p:2.1.1.1.2.2
E328,355,FUSE2,388405.1014,388405.1014,389426.6014,1021.5,1021.5,365.7,0.358003,1,p:1.1.2.1.2.2
E329,355,FUSE2,388409.7014,388409.7014,389323.0014,913.3,913.3,365.7,0.400416,1,p:2.1.3.1.2.2
E330,355,FUSE2,388490.698,388490.698,389440.998,950.3,950.3,365.7,0.384826,1,p:1.1.4.1.2.2
E331,355,FUSE2,388508.7014,388508.7014,389489.398,980.6966,980.6966,365.7,0.372898,1,p:2.1.5.1.2.2
E332,355,FUSE2,388571.498,388571.498,389661.0014,1089.5034,1089.5034,365.7,0.335658,1,p:1.1.1.1.2.2
U2761,111,FUSE1,388710.7014,388710.7014,389732.2014,1021.5,1021.5,333.3,0.326285,1,p:2.1.2.2.2.2
U2762,111,FUSE1,388715.3014,388715.3014,389971.2014,1255.9,1255.9,333.3,0.265387,1,p:1.1.1.1.2.2
U2763,111,FUSE1,388796.298,388796.298,389746.598,950.3,950.3,333.3,0.350731,1,p:2.1.4.1.2.2
U2764,111,FUSE1,388814.3014,388814.3014,389628.6014,814.3,814.3,333.3,0.409309,1,p:1.1.3.1.2.2
U2765,111,FUSE1,388877.098,388877.098,389794.998,917.9,917.9,333.3,0.363111,1,p:2.1.5.1.2.2
U2766,111,FUSE1,389016.3014,389016.3014,390037.8014,1021.5,1021.5,333.3,0.326285,1,p:1.1.2.2.2.2
U2767,111,FUSE1,389020.9014,389020.9014,390272.2014,1251.3,1251.3,333.3,0.266363,1,p:2.1.1.1.2.2
U2768,111,FUSE2,389119.9014,389119.9014,390084.598,964.6966,964.6966,365.7,0.379083,1,p:1.1.4.1.2.2
U2769,111,FUSE2,389134.298,389134.298,389966.6014,832.3034,832.3034,365.7,0.439383,1,p:2.1.3.1.2.2
U2770,111,FUSE2,389182.698,389182.698,390132.998,950.3,950.3,365.7,0.384826,1,p:1.1.5.1.2.2
U2771,111,FUSE2,389354.3014,389354.3014,390375.8014,1021.5,1021.5,365.7,0.358003,1,p:2.1.2.2.2.2
U2772,111,FUSE2,389358.9014,389358.9014,390610.2014,1251.3,1251.3,365.7,0.292256,1,p:1.1.1.1.2.2
U2773,111,FUSE2,389457.9014,389457.9014,390422.598,964.6966,964.6966,365.7,0.379083,1,p:2.1.4.1.2.2
U2774,111,FUSE2,389472.298,389472.298,390304.6014,832.3034,832.3034,365.7,0.439383,1,p:1.1.3.1.2.2
U2775,111,FUSE2,389520.698,389520.698,390470.998,950.3,950.3,365.7,0.384826,1,p:2.1.5.1.2.2
U2776,111,FUSE2,389659.9014,389659.9014,390713.8014,1053.9,1053.9,365.7,0.346997,1,p:1.1.2.2.2.2
U2777,111,FUSE2,389692.3014,389692.3014,390948.2014,1255.9,1255.9,365.7,0.291186,1,p:2.1.1.1.2.2
U5057,202,FUSE0,389763.5014,389763.5014,390666.198,902.6966,902.6966,271.3,0.300544,1,p:1.1.4.1.2.2
U5058,202,FUSE0,389777.898,389777.898,390548.2014,770.3034,770.3034,271.3,0.352199,1,p:2.1.3.1.2.2
U5059,202,FUSE0,389826.298,389826.298,390718.4014,892.1034,892.1034,271.3,0.304113,1,p:1.1.5.1.2.2
U5060,202,FUSE0,389997.9014,389997.9014,390957.4014,959.5,959.5,271.3,0.282751,1,p:2.1.2.2.2.2
U5061,202,FUSE0,390002.5014,390002.5014,390909.798,907.2966,907.2966,271.3,0.29902,1,p:1.1.4.1.2.2
U5062,202,FUSE0,390069.1014,390069.1014,391191.8014,1122.7,1122.7,271.3,0.24165,1,p:2.1.1.1.2.2
U5063,202,FUSE0,390115.898,390115.898,390791.8014,675.9034,675.9034,271.3,0.401389,1,p:1.1.3.1.2.2
U5064,202,FUSE0,390164.298,390164.298,390962.0014,797.7034,797.7034,271.3,0.340101,1,p:2.1.5.1.2.2
U5065,202,FUSE1,390303.5014,390303.5014,391263.0014,959.5,959.5,333.3,0.347368,1,p:1.1.2.1.2.2
U5066,202,FUSE1,390335.9014,390335.9014,391215.398,879.4966,879.4966,333.3,0.378967,1,p:2.1.4.1.2.2
U5067,202,FUSE1,390407.1014,390407.1014,391497.4014,1090.3,1090.3,333.3,0.305696,1,p:1.1.1.1.2.2
U5068,202,FUSE1,390453.898,390453.898,391174.198,720.3,720.3,333.3,0.462724,1,p:2.1.3.1.2.2
U5069,202,FUSE1,390502.298,390502.298,391282.598,780.3,780.3,333.3,0.427143,1,p:1.1.5.1.2.2
U5070,202,FUSE1,390579.5014,390579.5014,391568.6014,989.1,989.1,333.3,0.336973,1,p:2.1.2.1.2.2
U5071,202,FUSE1,390641.5014,390641.5014,391520.998,879.4966,879.4966,333.3,0.378967,1,p:1.1.4.1.2.2
U5072,202,FUSE1,390697.498,390697.498,391479.798,782.3,782.3,333.3,0.426051,1,p:2.1.3.1.2.2
U5073,202,FUSE2,390745.1014,390745.1014,391835.4014,1090.3,1090.3,365.7,0.335412,1,p:1.1.1.1.2.2
U5074,202,FUSE2,390749.7014,390749.7014,391620.598,870.8966,870.8966,365.7,0.419912,1,p:2.1.5.1.2.2
U5075,202,FUSE2,390823.1014,390823.1014,391906.6014,1083.5,1083.5,365.7,0.337517,1,p:1.1.2.1.2.2
U5076,202,FUSE2,390941.098,390941.098,391858.998,917.9,917.9,365.7,0.398409,1,p:2.1.4.1.2.2
U5077,202,FUSE2,390979.5014,390979.5014,392173.4014,1193.9,1193.9,365.7,0.306307,1,p:1.1.1.1.2.2
U5078,202,FUSE2,390988.7014,390988.7014,391817.798,829.0966,829.0966,365.7,0.441082,1,p:2.1.3.1.2.2
U5079,202,FUSE2,390993.3014,390993.3014,391958.598,965.2966,965.2966,365.7,0.378847,1,p:1.1.5.1.2.2
U5080,202,FUSE2,391205.498,391205.498,392196.998,991.5,991.5,365.7,0.368835,1,p:2.1.4.1.2.2
U5081,202,FUSE2,391223.1014,391223.1014,392244.6014,1021.5,1021.5,365.7,0.358003,1,p:1.1.2.1.2.2
U7326,293,FUSE0,391246.698,391246.698,392061.398,814.7,814.7,271.3,0.333006,1,p:2.1.3.1.2.2
U7327,293,FUSE0,391294.3014,391294.3014,392417.0014,1122.7,1122.7,271.3,0.24165,1,p:1.1.1.1.2.2
U7328,293,FUSE0,391313.898,391313.898,392202.198,888.3,888.3,271.3,0.305415,1,p:2.1.5.1.2.2
U7329,293,FUSE0,391511.098,391511.098,392488.2014,977.1034,977.1034,271.3,0.277657,1,p:1.1.2.1.2.2
U7330,293,FUSE0,391528.7014,391528.7014,392660.6014,1131.9,1131.9,271.3,0.239685,1,p:2.1.1.1.2.2
U7331,293,FUSE0,391552.298,391552.298,392440.598,888.3,888.3,271.3,0.305415,1,p:1.1.4.1.2.2
U7332,293,FUSE0,391599.9014,391599.9014,392304.998,705.0966,705.0966,271.3,0.38477,1,p:2.1.3.1.2.2
U7333,293,FUSE0,391651.898,391651.898,392445.798,793.9,793.9,271.3,0.341731,1,p:1.1.5.1.2.2
U7334,293,FUSE1,391849.098,391849.098,392966.2014,1117.1034,1117.1034,333.3,0.298361,1,p:2.1.1.1.2.2
U7335,293,FUSE1,391866.7014,391866.7014,392794.798,928.0966,928.0966,333.3,0.359122,1,p:1.1.2.1.2.2
U7336,293,FUSE1,391890.298,391890.298,392746.198,855.9,855.9,333.3,0.389415,1,p:2.1.4.1.2.2
U7337,293,FUSE1,391937.9014,391937.9014,392638.2014,700.3,700.3,333.3,0.475939,1,p:1.1.3.1.2.2
U7338,293,FUSE1,391989.898,391989.898,392790.198,800.3,800.3,333.3,0.416469,1,p:2.1.5.1.2.2
U7339,293,FUSE1,392092.698,392092.698,393099.4014,1006.7034,1006.7034,333.3,0.331081,1,p:1.1.2.1.2.2
U7340,293,FUSE1,392204.7014,392204.7014,393271.8014,1067.1,1067.1,333.3,0.312342,1,p:2.1.1.1.2.2
U7341,293,FUSE1,392228.298,392228.298,393051.798,823.5,823.5,333.3,0.404736,1,p:1.1.4.1.2.2
U7342,293,FUSE2,392233.498,392233.498,392986.198,752.7,752.7,365.7,0.485851,1,p:2.1.3.1.2.2
U7343,293,FUSE2,392275.9014,392275.9014,393128.6014,852.7,852.7,365.7,0.428873,1,p:1.2.5.1.2.2
U7344,293,FUSE2,392336.298,392336.298,393609.8014,1273.5034,1273.5034,365.7,0.287161,1,p:2.1.1.1.2.2
U7345,293,FUSE2,392448.3014,392448.3014,393437.4014,989.1,989.1,365.7,0.36973,1,p:1.1.2.1.2.2
U7346,293,FUSE2,392471.898,392471.898,393389.798,917.9,917.9,365.7,0.398409,1,p:2.1.4.1.2.2
U7347,293,FUSE2,392477.098,392477.098,393324.198,847.1,847.1,365.7,0.431708,1,p:1.1.3.1.2.2
U7348,293,FUSE2,392519.5014,392519.5014,393466.6014,947.1,947.1,365.7,0.386126,1,p:2.1.5.1.2.2
U7349,293,FUSE2,392669.5014,392669.5014,393775.4014,1105.9,1105.9,365.7,0.330681,1,p:1.1.2.1.2.2
U7597,304,FUSE0,392691.9014,392691.9014,393853.4014,1161.5,1161.5,271.3,0.233577,1,p:2.1.1.1.2.2
U7598,304,FUSE0,392777.498,392777.498,393633.398,855.9,855.9,271.3,0.316976,1,p:1.1.4.1.2.2
U7599,304,FUSE0,392821.498,392821.498,393567.798,746.3,746.3,271.3,0.363527,1,p:2.1.3.1.2.2
U7600,304,FUSE0,392826.098,392826.098,393710.2014,884.1034,884.1034,271.3,0.306865,1,p:1.2.5.1.2.2
U7601,304,FUSE0,392997.5014,392997.5014,394097.0014,1099.5,1099.5,271.3,0.246749,1,p:2.1.1.1.2.2
U7602,304,FUSE0,393017.498,393017.498,393876.998,859.5,859.5,271.3,0.315649,1,p:1.1.4.1.2.2
U7603,304,FUSE0,393083.098,393083.098,394019.0014,935.9034,935.9034,271.3,0.28988,1,p:2.1.2.1.2.2
U7604,304,FUSE0,393130.7014,393130.7014,393811.398,680.6966,680.6966,271.3,0.398562,1,p:1.1.3.1.2.2
U7605,304,FUSE0,393159.9014,393159.9014,393953.8014,793.9,793.9,271.3,0.341731,1,p:2.1.5.1.2.2
U7606,304,FUSE1,393303.1014,393303.1014,394402.6014,1099.5,1099.5,333.3,0.303138,1,p:1.1.1.1.2.2
U7607,304,FUSE1,393355.498,393355.498,394182.598,827.1,827.1,333.3,0.402974,1,p:2.1.4.1.2.2
U7608,304,FUSE1,393421.098,393421.098,394324.6014,903.5034,903.5034,333.3,0.368897,1,p:1.1.2.1.2.2
U7609,304,FUSE1,393468.7014,393468.7014,394189.0014,720.3,720.3,333.3,0.462724,1,p:2.1.3.1.2.2
U7610,304,FUSE1,393497.9014,393497.9014,394279.4014,781.5,781.5,333.3,0.426488,1,p:1.1.5.1.2.2
U7611,304,FUSE1,393599.098,393599.098,394488.198,889.1,889.1,333.3,0.374873,1,p:2.1.4.1.2.2
U7612,304,FUSE1,393641.1014,393641.1014,394708.2014,1067.1,1067.1,333.3,0.312342,1,p:1.1.1.1.2.2
U7613,304,FUSE1,393664.698,393664.698,394494.6014,829.9034,829.9034,333.3,0.401613,1,p:2.1.3.1.2.2
U7614,304,FUSE1,393741.5014,393741.5014,394630.2014,888.7,888.7,333.3,0.375042,1,p:1.1.2.1.2.2
U7615,304,FUSE2,393806.7014,393806.7014,394639.4014,832.7,832.7,365.7,0.439174,1,p:2.1.5.1.2.2
U7616,304,FUSE2,393842.698,393842.698,395046.2014,1203.5034,1203.5034,365.7,0.303863,1,p:1.1.1.1.2.2
U7617,304,FUSE2,393884.7014,393884.7014,394826.198,941.4966,941.4966,365.7,0.388424,1,p:2.1.4.1.2.2
U7618,304,FUSE2,393908.298,393908.298,394968.2014,1059.9034,1059.9034,365.7,0.345031,1,p:1.1.2.1.2.2
U7619,304,FUSE2,393985.1014,393985.1014,394832.6014,847.5,847.5,365.7,0.431504,1,p:2.1.3.1.2.2
U7620,304,FUSE2,394050.3014,394050.3014,394977.4014,927.1,927.1,365.7,0.394456,1,p:1.1.5.1.2.2
U7621,304,FUSE2,394128.3014,394128.3014,395384.2014,1255.9,1255.9,365.7,0.291186,1,p:2.1.1.1.2.2
U7622,304,FUSE2,394213.898,394213.898,395164.198,950.3,950.3,365.7,0.384826,1,p:1.1.4.1.2.2
U7623,304,FUSE2,394220.3014,394220.3014,395170.6014,950.3,950.3,365.7,0.384826,1,p:2.1.3.1.2.2
U7624,304,FUSE2,394310.7014,394310.7014,395306.2014,995.5,995.5,365.7,0.367353,1,p:1.1.2.1.2.2
U7974,319,FUSE0,394355.9014,394355.9014,395221.0014,865.1,865.1,271.3,0.313605,1,p:2.1.5.1.2.2
U7975,319,FUSE0,394433.9014,394433.9014,395627.8014,1193.9,1193.9,271.3,0.227238,1,p:1.1.1.1.2.2
U7976,319,FUSE0,394519.498,394519.498,395407.798,888.3,888.3,271.3,0.305415,1,p:2.1.4.1.2.2
U7977,319,FUSE0,394525.9014,394525.9014,395549.8014,1023.9,1023.9,271.3,0.264967,1,p:1.1.2.1.2.2
U7978,319,FUSE0,394661.5014,394661.5014,395414.2014,752.7,752.7,271.3,0.360436,1,p:2.1.3.1.2.2
U7979,319,FUSE0,394670.7014,394670.7014,395464.6014,793.9,793.9,271.3,0.341731,1,p:1.1.5.1.2.2
U7980,319,FUSE0,394739.5014,394739.5014,395871.4014,1131.9,1131.9,271.3,0.239685,1,p:2.1.1.1.2.2
U7981,319,FUSE1,394857.498,394857.498,395713.398,855.9,855.9,333.3,0.389415,1,p:1.1.4.1.2.2
U7982,319,FUSE1,394863.9014,394863.9014,395719.8014,855.9,855.9,333.3,0.389415,1,p:2.1.3.1.2.2
U7983,319,FUSE1,394999.5014,394999.5014,395855.4014,855.9,855.9,333.3,0.389415,1,p:1.1.2.1.2.2
U7984,319,FUSE1,395008.7014,395008.7014,395809.0014,800.3,800.3,333.3,0.416469,1,p:2.1.5.1.2.2
U7985,319,FUSE1,395077.5014,395077.5014,396177.0014,1099.5,1099.5,333.3,0.303138,1,p:1.1.1.1.2.2
U7986,319,FUSE1,395195.498,395195.498,396018.998,823.5,823.5,333.3,0.404736,1,p:2.1.4.1.2.2
U7987,319,FUSE1,395201.9014,395201.9014,396161.0014,959.1,959.1,333.3,0.347513,1,p:1.1.2.1.2.2
U7988,319,FUSE2,395252.3014,395252.3014,396057.8014,805.5,805.5,365.7,0.454004,1,p:2.1.3.1.2.2
U7989,319,FUSE2,395337.5014,395337.5014,396150.2014,812.7,812.7,365.7,0.449982,1,p:1.1.5.1.2.2
U7990,319,FUSE2,395415.5014,395415.5014,396515.0014,1099.5,1099.5,365.7,0.332606,1,p:2.1.1.1.2.2
U7991,319,FUSE2,395439.098,395439.098,396356.998,917.9,917.9,365.7,0.398409,1,p:1.1.4.1.2.2
U7992,319,FUSE2,395445.5014,395445.5014,396395.8014,950.3,950.3,365.7,0.384826,1,p:2.1.3.1.2.2
U7993,319,FUSE2,395495.9014,395495.9014,396499.0014,1003.1,1003.1,365.7,0.36457,1,p:1.1.2.1.2.2
U7994,319,FUSE2,395581.1014,395581.1014,396488.2014,907.1,907.1,365.7,0.403153,1,p:2.1.5.1.2.2
U7995,319,FUSE2,395659.1014,395659.1014,396853.0014,1193.9,1193.9,365.7,0.306307,1,p:1.1.1.2.2.2
U5680,227,FUSE0,395744.698,395744.698,396600.598,855.9,855.9,271.3,0.316976,1,p:2.1.4.1.2.2
U5681,227,FUSE0,395751.1014,395751.1014,396742.6014,991.5,991.5,271.3,0.273626,1,p:1.1.2.1.2.2
U5682,227,FUSE0,395840.3014,395840.3014,396639.4014,799.1,799.1,271.3,0.339507,1,p:2.1.3.1.2.2
U5683,227,FUSE0,395886.7014,395886.7014,396731.8014,845.1,845.1,271.3,0.321027,1,p:1.1.5.1.2.2
U5684,227,FUSE0,395902.7014,395902.7014,396844.198,941.4966,941.4966,271.3,0.288158,1,p:2.1.4.1.2.2
U5685,227,FUSE0,396050.298,396050.298,397096.6014,1046.3034,1046.3034,271.3,0.259294,1,p:1.1.1.2.2.2
U5686,227,FUSE0,396089.1014,396089.1014,396883.0014,793.9,793.9,271.3,0.341731,1,p:2.1.3.1.2.2
U5687,227,FUSE0,396181.5014,396181.5014,396986.2014,804.7,804.7,271.3,0.337144,1,p:1.1.2.1.2.2
U5688,227,FUSE1,396192.3014,396192.3014,397037.4014,845.1,845.1,333.3,0.394391,1,p:2.1.5.1.2.2
U5689,227,FUSE1,396208.3014,396208.3014,397149.798,941.4966,941.4966,333.3,0.354011,1,p:1.1.4.1.2.2
U5690,227,FUSE1,396388.298,396388.298,397402.2014,1013.9034,1013.9034,333.3,0.32873,1,p:2.1.1.2.2.2
U5691,227,FUSE1,396427.1014,396427.1014,397291.8014,864.7,864.7,333.3,0.385452,1,p:1.1.2.1.2.2
U5692,227,FUSE1,396519.5014,396519.5014,397241.0014,721.5,721.5,333.3,0.461954,1,p:2.1.3.1.2.2
U5693,227,FUSE1,396530.3014,396530.3014,397343.0014,812.7,812.7,333.3,0.410114,1,p:1.1.5.1.2.2
U5694,227,FUSE1,396546.3014,396546.3014,397455.398,909.0966,909.0966,333.3,0.366628,1,p:2.1.4.1.2.2
U5695,227,FUSE1,396631.898,396631.898,397707.8014,1075.9034,1075.9034,333.3,0.309786,1,p:1.1.1.2.2.2
E333,366,FUSE0,396670.7014,396670.7014,397535.4014,864.7,864.7,271.3,0.31375,1,p:1.1.2.1.2.2
E334,366,FUSE0,396763.1014,396763.1014,397484.6014,721.5,721.5,271.3,0.376022,1,p:2.1.3.1.2.2
E335,366,FUSE0,396773.9014,396773.9014,397698.998,925.0966,925.0966,271.3,0.293267,1,p:1.1.4.1.2.2
E336,366,FUSE0,396875.498,396875.498,397779.0014,903.5034,903.5034,271.3,0.300276,1,p:2.1.2.1.2.2
E337,366,FUSE0,396884.3014,396884.3014,397642.6014,758.3,758.3,271.3,0.357774,1,p:1.2.5.1.2.2
E338,366,FUSE0,396914.3014,396914.3014,397942.598,1028.2966,1028.2966,271.3,0.263834,1,p:2.1.4.1.2.2
E339,366,FUSE0,397017.5014,397017.5014,397951.4014,933.9,933.9,271.3,0.290502,1,p:1.1.1.1.2.2
E340,366,FUSE0,397068.7014,397068.7014,397728.2014,659.5,659.5,271.3,0.411372,1,p:2.1.3.1.2.2
E341,366,FUSE0,397127.9014,397127.9014,398022.6014,894.7,894.7,271.3,0.30323,1,p:1.1.2.1.2.2
E342,366,FUSE0,397181.098,397181.098,397919.398,738.3,738.3,271.3,0.367466,1,p:2.1.5.1.2.2
E343,366,FUSE0,397272.3014,397272.3014,398186.198,913.8966,913.8966,271.3,0.296861,1,p:1.1.4.1.2.2
E344,366,FUSE1,397323.1014,397323.1014,398043.4014,720.3,720.3,333.3,0.462724,1,p:2.1.3.1.2.2
E345,366,FUSE1,397374.3014,397374.3014,398257.0014,882.7,882.7,333.3,0.377591,1,p:1.1.1.1.2.2
E346,366,FUSE1,397433.5014,397433.5014,398328.2014,894.7,894.7,333.3,0.372527,1,p:2.1.2.1.2.2
E347,366,FUSE1,397486.698,397486.698,398266.998,780.3,780.3,333.3,0.427143,1,p:1.1.5.1.2.2
E348,366,FUSE1,397515.9014,397515.9014,398491.798,975.8966,975.8966,333.3,0.341532,1,p:2.1.4.1.2.2
E349,366,FUSE1,397566.7014,397566.7014,398349.0014,782.3,782.3,333.3,0.426051,1,p:1.1.3.1.2.2
E350,366,FUSE1,397673.9014,397673.9014,398633.8014,959.9,959.9,333.3,0.347224,1,p:2.1.2.1.2.2
E351,366,FUSE1,397730.298,397730.298,398572.598,842.3,842.3,333.3,0.395702,1,p:1.1.5.1.2.2
E352,366,FUSE1,397739.1014,397739.1014,398797.398,1058.2966,1058.2966,333.3,0.31494,1,p:2.1.4.1.2.2
E353,366,FUSE1,397759.5014,397759.5014,398562.6014,803.1,803.1,333.3,0.415017,1,p:1.1.1.1.2.2
E354,366,FUSE1,397810.3014,397810.3014,398654.6014,844.3,844.3,333.3,0.394765,1,p:2.1.3.1.2.2
E355,366,FUSE1,397950.698,397950.698,398939.4014,988.7034,988.7034,333.3,0.337108,1,p:1.1.2.1.2.2
E356,366,FUSE2,397973.898,397973.898,398910.598,936.7,936.7,365.7,0.390413,1,p:2.1.5.1.2.2
E357,366,FUSE2,397982.7014,397982.7014,399135.398,1152.6966,1152.6966,365.7,0.317256,1,p:1.2.4.1.2.2
E358,366,FUSE2,398053.9014,398053.9014,398900.6014,846.7,846.7,365.7,0.431912,1,p:2.1.1.1.2.2
E359,366,FUSE2,398074.7014,398074.7014,398992.6014,917.9,917.9,365.7,0.398409,1,p:1.1.3.1.2.2
E360,366,FUSE2,398217.498,398217.498,399277.4014,1059.9034,1059.9034,365.7,0.345031,1,p:2.1.2.1.2.2
E361,366,FUSE2,398288.3014,398288.3014,399248.598,960.2966,960.2966,365.7,0.38082,1,p:1.1.5.1.2.2
E362,366,FUSE2,398298.298,398298.298,399473.398,1175.1,1175.1,365.7,0.311208,1,p:2.1.4.1.2.2
E363,366,FUSE2,398359.5014,398359.5014,399238.6014,879.1,879.1,365.7,0.415994,1,p:1.1.1.1.2.2
E364,366,FUSE2,398380.3014,398380.3014,399330.6014,950.3,950.3,365.7,0.384826,1,p:2.1.3.1.2.2
U5696,227,FUSE2,398523.098,398523.098,399668.6014,1145.5034,1145.5034,365.7,0.319248,1,p:2.1.3.1.2.2
U5697,227,FUSE2,398593.9014,398593.9014,399615.4014,1021.5,1021.5,365.7,0.358003,1,p:1.1.2.1.2.2
U5698,227,FUSE2,398603.898,398603.898,399586.598,982.7,982.7,365.7,0.372138,1,p:2.1.5.1.2.2
U5699,227,FUSE2,398665.1014,398665.1014,399811.398,1146.2966,1146.2966,365.7,0.319027,1,p:1.1.4.1.2.2
U5700,227,FUSE2,398685.9014,398685.9014,399576.6014,890.7,890.7,365.7,0.410576,1,p:2.1.1.2.2.2
U5701,227,FUSE2,398828.698,398828.698,399953.4014,1124.7034,1124.7034,365.7,0.325152,1,p:1.1.2.1.2.2
U5702,227,FUSE2,398931.9014,398931.9014,400006.6014,1074.7,1074.7,365.7,0.340281,1,p:2.1.3.1.2.2
U5703,227,FUSE2,398941.898,398941.898,399924.598,982.7,982.7,365.7,0.372138,1,p:1.1.5.1.2.2
U5631,225,FUSE0,398970.7014,398970.7014,400054.998,1084.2966,1084.2966,271.3,0.250208,1,p:2.1.4.1.2.2
U5632,225,FUSE0,399023.9014,399023.9014,399820.2014,796.3,796.3,271.3,0.340701,1,p:1.1.1.2.2.2
U5633,225,FUSE0,399166.698,399166.698,400250.2014,1083.5034,1083.5034,271.3,0.250391,1,p:2.1.3.1.2.2
U5634,225,FUSE0,399269.9014,399269.9014,400197.0014,927.1,927.1,271.3,0.292633,1,p:1.1.2.1.2.2
U5635,225,FUSE0,399279.898,399279.898,400168.198,888.3,888.3,271.3,0.305415,1,p:2.1.5.1.2.2
U5636,225,FUSE0,399308.7014,399308.7014,400298.598,989.8966,989.8966,271.3,0.274069,1,p:1.1.4.1.2.2
U5637,225,FUSE0,399361.9014,399361.9014,400063.8014,701.9,701.9,271.3,0.386522,1,p:2.1.1.2.2.2
U5638,225,FUSE0,399504.698,399504.698,400440.6014,935.9034,935.9034,271.3,0.28988,1,p:1.1.2.1.2.2
U5639,225,FUSE0,399607.9014,399607.9014,400493.8014,885.9,885.9,271.3,0.306242,1,p:2.1.3.1.2.2
U5640,225,FUSE1,399617.898,399617.898,400473.798,855.9,855.9,333.3,0.389415,1,p:1.1.5.1.2.2
U5641,225,FUSE1,399646.7014,399646.7014,400604.198,957.4966,957.4966,333.3,0.348095,1,p:2.1.4.1.2.2
U5642,225,FUSE1,399699.9014,399699.9014,400369.4014,669.5,669.5,333.3,0.497834,1,p:1.1.1.2.2.2
U5643,225,FUSE1,399842.698,399842.698,402825.0104,2982.3124,2982.3124,333.3,0.111759,1,p:2.1.3.1.2.2
U5644,225,FUSE1,399851.5014,399851.5014,400746.2014,894.7,894.7,333.3,0.372527,1,p:1.1.2.1.2.2
U5645,225,FUSE1,399955.898,399955.898,400779.398,823.5,823.5,333.3,0.404736,1,p:2.1.5.1.2.2
U5646,225,FUSE1,399984.7014,399984.7014,402829.6104,2844.909,2844.909,333.3,0.117157,1,p:1.1.4.1.2.2
U5647,225,FUSE1,400037.9014,400037.9014,400678.2014,640.3,640.3,333.3,0.520537,1,p:2.1.1.2.2.2
U5648,225,FUSE1,400086.298,400086.298,402838.8104,2752.5124,2752.5124,333.3,0.121089,1,p:1.1.2.1.2.2
U5649,225,FUSE2,400095.1014,400095.1014,402848.0104,2752.909,2752.909,365.7,0.132841,1,p:2.1.3.1.2.2
U5650,225,FUSE2,400199.498,400199.498,402843.4104,2643.9124,2643.9124,365.7,0.138318,1,p:1.1.5.1.2.2
U5651,225,FUSE2,400228.3014,400228.3014,402834.2104,2605.909,2605.909,365.7,0.140335,1,p:2.1.1.2.2.2
U5652,225,FUSE2,400281.5014,400281.5014,402852.6104,2571.109,2571.109,365.7,0.142234,1,p:1.1.4.1.2.2
U5653,225,FUSE2,400329.898,400329.898,402871.0104,2541.1124,2541.1124,365.7,0.143913,1,p:2.1.3.1.2.2
U5654,225,FUSE2,400400.7014,400400.7014,402861.8104,2461.109,2461.109,365.7,0.148592,1,p:1.1.2.1.2.2
U5655,225,FUSE2,400471.9014,400471.9014,402866.4104,2394.509,2394.509,365.7,0.152724,1,p:2.1.5.1.2.2
U5656,225,FUSE2,400505.098,400505.098,402875.6104,2370.5124,2370.5124,365.7,0.15427,1,p:1.1.4.1.2.2
U5657,225,FUSE2,400525.1014,400525.1014,402857.2104,2332.109,2332.109,365.7,0.156811,1,p:2.1.1.2.2.2
U7499,300,FUSE0,400635.498,400635.498,402880.2104,2244.7124,2244.7124,271.3,0.120862,1,p:1.1.2.2.2.2
U7500,300,FUSE0,400709.5014,400709.5014,402889.4104,2179.909,2179.909,271.3,0.124455,1,p:2.1.3.1.2.2
U7501,300,FUSE0,400777.5014,400777.5014,402884.8104,2107.309,2107.309,271.3,0.128742,1,p:1.1.5.1.2.2
U7502,300,FUSE0,400810.698,400810.698,402894.0104,2083.3124,2083.3124,271.3,0.130225,1,p:2.1.4.1.2.2
U7503,300,FUSE0,402856.3104,402856.3104,403454.6104,598.3,598.3,271.3,0.453451,1,p:1.1.2.2.2.2
U7504,300,FUSE0,402860.9104,402860.9104,403525.8104,664.9,664.9,271.3,0.408031,1,p:2.1.3.1.2.2
U7505,300,FUSE0,402865.5104,402865.5104,403425.0104,559.5,559.5,271.3,0.484897,1,p:1.1.1.2.2.2
U7506,300,FUSE0,402870.1104,402870.1104,403626.6104,756.5,756.5,271.3,0.358625,1,p:2.1.5.1.2.2
U7507,300,FUSE1,402874.7104,402874.7104,403760.2104,885.5,885.5,333.3,0.376398,1,p:1.1.2.1.2.2
U7508,300,FUSE1,402879.3104,402879.3104,403669.4104,790.1,790.1,333.3,0.421845,1,p:2.1.4.1.2.2
U7509,300,FUSE1,402883.9104,402883.9104,403730.6104,846.7,846.7,333.3,0.393646,1,p:1.1.1.2.2.2
U7510,300,FUSE1,402888.5104,402888.5104,403831.4104,942.9,942.9,333.3,0.353484,1,p:2.1.3.1.2.2
U7511,300,FUSE1,402893.1104,402893.1104,403932.2104,1039.1,1039.1,333.3,0.320758,1,p:1.1.5.1.2.2
U7512,300,FUSE1,402897.7104,402897.7104,404065.8104,1168.1,1168.1,333.3,0.285335,1,p:2.1.2.1.2.2
U7513,300,FUSE1,402902.3104,402902.3104,403975.0104,1072.7,1072.7,333.3,0.310711,1,p:1.1.4.1.2.2
U7514,300,FUSE1,402906.9104,402906.9104,404036.2104,1129.3,1129.3,333.3,0.295139,1,p:2.1.1.2.2.2
U7515,300,FUSE2,402911.5104,402911.5104,404169.4104,1257.9,1257.9,365.7,0.290723,1,p:1.1.3.1.2.2
U7516,300,FUSE2,402916.1104,402916.1104,404270.2104,1354.1,1354.1,365.7,0.270069,1,p:2.1.5.1.2.2
U7517,300,FUSE2,402920.7104,402920.7104,404403.8104,1483.1,1483.1,365.7,0.246578,1,p:1.1.2.1.2.2
U7518,300,FUSE2,402925.3104,402925.3104,404374.2104,1448.9,1448.9,365.7,0.252398,1,p:2.1.1.2.2.2
U7519,300,FUSE2,403456.3104,403456.3104,404313.0104,856.7,856.7,365.7,0.426871,1,p:1.1.4.1.2.2
U7520,300,FUSE2,403485.9104,403485.9104,404507.4104,1021.5,1021.5,365.7,0.358003,1,p:2.1.3.1.2.2
U7521,300,FUSE2,403557.1104,403557.1104,404608.2104,1051.1,1051.1,365.7,0.347921,1,p:1.1.5.1.2.2
U7377,295,FUSE0,403657.9104,403657.9104,404556.6104,898.7,898.7,271.3,0.30188,1,p:2.1.4.1.2.2
U7378,295,FUSE0,403700.7104,403700.7104,404647.4104,946.7,946.7,271.3,0.286574,1,p:1.1.2.1.2.2
U7379,295,FUSE0,403761.9104,403761.9104,404617.8104,855.9,855.9,271.3,0.316976,1,p:2.1.1.2.2.2
U7380,295,FUSE0,403791.5104,403791.5104,404751.0104,959.5,959.5,271.3,0.282751,1,p:1.1.3.1.2.2
U7381,295,FUSE0,403862.7104,403862.7104,404891.0104,1028.3,1028.3,271.3,0.263834,1,p:2.1.2.1.2.2
U7382,295,FUSE0,403963.5104,403963.5104,404851.8104,888.3,888.3,271.3,0.305415,1,p:1.1.5.1.2.2
U7383,295,FUSE0,404006.3104,404006.3104,404800.2104,793.9,793.9,271.3,0.341731,1,p:2.1.4.1.2.2
U7384,295,FUSE0,404067.5104,404067.5104,404861.4104,793.9,793.9,271.3,0.341731,1,p:1.1.1.2.2.2
U7385,295,FUSE1,404097.1104,404097.1104,405056.6104,959.5,959.5,333.3,0.347368,1,p:2.1.3.1.2.2
U7386,295,FUSE1,404200.7104,404200.7104,405196.6104,995.9,995.9,333.3,0.334672,1,p:1.1.2.1.2.2
U7387,295,FUSE1,404301.5104,404301.5104,405105.8104,804.3,804.3,333.3,0.414398,1,p:2.1.4.1.2.2
U7388,295,FUSE1,404344.3104,404344.3104,405157.4104,813.1,813.1,333.3,0.409913,1,p:1.1.5.1.2.2
U7389,295,FUSE1,404405.5104,404405.5104,405167.0104,761.5,761.5,333.3,0.437689,1,p:2.1.1.2.2.2
U7390,295,FUSE1,404435.1104,404435.1104,405362.2104,927.1,927.1,333.3,0.359508,1,p:1.1.3.1.2.2
U7391,295,FUSE1,404538.7104,404538.7104,405502.2104,963.5,963.5,333.3,0.345926,1,p:2.1.2.1.2.2
U7392,295,FUSE1,404587.9104,404587.9104,405463.0104,875.1,875.1,333.3,0.380871,1,p:1.1.5.1.2.2
U7393,295,FUSE2,404639.5104,404639.5104,405443.8104,804.3,804.3,365.7,0.454681,1,p:2.1.4.1.2.2
U7394,295,FUSE2,404649.1104,404649.1104,405506.8104,857.7,857.7,365.7,0.426373,1,p:1.1.1.2.2.2
U7395,295,FUSE2,404678.7104,404678.7104,405700.2104,1021.5,1021.5,365.7,0.358003,1,p:2.1.3.1.2.2
U7396,295,FUSE2,404782.3104,404782.3104,405840.2104,1057.9,1057.9,365.7,0.345685,1,p:1.1.2.1.2.2
U7397,295,FUSE2,404831.5104,404831.5104,405801.0104,969.5,969.5,365.7,0.377205,1,p:2.1.5.1.2.2
U7398,295,FUSE2,404883.1104,404883.1104,405781.8104,898.7,898.7,365.7,0.406921,1,p:1.1.4.1.2.2
U7399,295,FUSE2,404892.7104,404892.7104,405844.8104,952.1,952.1,365.7,0.384098,1,p:2.1.1.2.2.2
U7400,295,FUSE2,404922.3104,404922.3104,406038.2104,1115.9,1115.9,365.7,0.327718,1,p:1.2.3.1.2.2
U7401,295,FUSE2,405087.9104,405087.9104,406178.2104,1090.3,1090.3,365.7,0.335412,1,p:2.1.2.1.2.2
U2648,107,FUSE0,405137.1104,405137.1104,406044.6104,907.5,907.5,271.3,0.298953,1,p:1.1.5.1.2.2
U2649,107,FUSE0,405188.7104,405188.7104,406025.4104,836.7,836.7,271.3,0.32425,1,p:2.1.4.1.2.2
U2650,107,FUSE0,405198.3104,405198.3104,406086.6104,888.3,888.3,271.3,0.305415,1,p:1.1.1.2.2.2
U2651,107,FUSE0,405227.9104,405227.9104,406281.8104,1053.9,1053.9,271.3,0.257425,1,p:2.1.3.1.2.2
U2652,107,FUSE0,405393.5104,405393.5104,406288.2104,894.7,894.7,271.3,0.30323,1,p:1.1.5.1.2.2
U2653,107,FUSE0,405475.1104,405475.1104,406269.0104,793.9,793.9,271.3,0.341731,1,p:2.1.4.1.2.2
U2654,107,FUSE0,405494.3104,405494.3104,406330.2104,835.9,835.9,271.3,0.32456,1,p:1.1.1.2.2.2
U2655,107,FUSE0,405533.5104,405533.5104,406421.8104,888.3,888.3,271.3,0.305415,1,p:2.1.2.1.2.2
U2656,107,FUSE1,405538.1104,405538.1104,406587.4104,1049.3,1049.3,333.3,0.31764,1,p:1.1.3.1.2.2
U2657,107,FUSE1,405731.5104,405731.5104,406593.8104,862.3,862.3,333.3,0.386524,1,p:2.1.5.1.2.2
U2658,107,FUSE1,405813.1104,405813.1104,406574.6104,761.5,761.5,333.3,0.437689,1,p:1.1.4.1.2.2
U2659,107,FUSE1,405832.3104,405832.3104,406727.4104,895.1,895.1,333.3,0.372361,1,p:2.1.2.1.2.2
U2660,107,FUSE1,405871.5104,405871.5104,406635.8104,764.3,764.3,333.3,0.436085,1,p:1.1.1.2.2.2
U2661,107,FUSE1,405876.1104,405876.1104,406893.0104,1016.9,1016.9,333.3,0.327761,1,p:2.1.3.1.2.2
U2662,107,FUSE1,406056.7104,406056.7104,406899.4104,842.7,842.7,333.3,0.395514,1,p:1.1.5.1.2.2
U2663,107,FUSE1,406069.5104,406069.5104,406941.4104,871.9,871.9,333.3,0.382269,1,p:2.1.1.1.2.2
U2664,107,FUSE2,406075.9104,406075.9104,406912.6104,836.7,836.7,365.7,0.437074,1,p:1.1.4.1.2.2
U2665,107,FUSE2,406117.9104,406117.9104,407231.0104,1113.1,1113.1,365.7,0.328542,1,p:2.1.3.1.2.2
U2666,107,FUSE2,406209.5104,406209.5104,407065.4104,855.9,855.9,365.7,0.42727,1,p:1.1.2.1.2.2
U2667,107,FUSE2,406300.3104,406300.3104,407237.4104,937.1,937.1,365.7,0.390247,1,p:2.1.5.1.2.2
U2668,107,FUSE2,406313.1104,406313.1104,407279.4104,966.3,966.3,365.7,0.378454,1,p:1.1.1.1.2.2
U2669,107,FUSE2,406319.5104,406319.5104,407403.4104,1083.9,1083.9,365.7,0.337393,1,p:2.1.2.1.2.2
U2670,107,FUSE2,406361.5104,406361.5104,407250.6104,889.1,889.1,365.7,0.411315,1,p:1.1.4.1.2.2
U2671,107,FUSE2,406453.1104,406453.1104,407569.0104,1115.9,1115.9,365.7,0.327718,1,p:2.1.3.1.2.2
U5904,236,FUSE0,406605.9104,406605.9104,407481.0104,875.1,875.1,271.3,0.310022,1,p:1.1.5.1.2.2
U5905,236,FUSE0,406618.7104,406618.7104,407494.2104,875.5,875.5,271.3,0.30988,1,p:2.1.4.1.2.2
U5906,236,FUSE0,406625.1104,406625.1104,407523.0104,897.9,897.9,271.3,0.302149,1,p:1.1.1.2.2.2
U5907,236,FUSE0,406667.1104,406667.1104,407724.6104,1057.5,1057.5,271.3,0.256548,1,p:2.1.5.1.2.2
U5908,236,FUSE0,406758.7104,406758.7104,407647.0104,888.3,888.3,271.3,0.305415,1,p:1.1.2.1.2.2
U5909,236,FUSE0,406924.3104,406924.3104,407812.6104,888.3,888.3,271.3,0.305415,1,p:2.1.3.1.2.2
U5910,236,FUSE0,406930.7104,406930.7104,407766.6104,835.9,835.9,271.3,0.32456,1,p:1.1.1.2.2.2
U5911,236,FUSE0,406943.9104,406943.9104,407737.8104,793.9,793.9,271.3,0.341731,1,p:2.1.4.1.2.2
U5912,236,FUSE0,406972.7104,406972.7104,407890.6104,917.9,917.9,271.3,0.295566,1,p:1.1.2.1.2.2
U5913,236,FUSE1,407096.7104,407096.7104,408030.2104,933.5,933.5,333.3,0.357043,1,p:2.1.5.1.2.2
U5914,236,FUSE1,407262.3104,407262.3104,408118.2104,855.9,855.9,333.3,0.389415,1,p:1.1.3.1.2.2
U5915,236,FUSE1,407268.7104,407268.7104,408043.4104,774.7,774.7,333.3,0.430231,1,p:2.1.4.1.2.2
U5916,236,FUSE1,407281.9104,407281.9104,408072.2104,790.3,790.3,333.3,0.421739,1,p:1.1.1.2.2.2
U5917,236,FUSE1,407310.7104,407310.7104,408335.8104,1025.1,1025.1,333.3,0.325139,1,p:2.1.5.1.2.2
U5918,236,FUSE1,407434.7104,407434.7104,408196.2104,761.5,761.5,333.3,0.437689,1,p:1.1.2.1.2.2
U5919,236,FUSE1,407512.3104,407512.3104,408377.8104,865.5,865.5,333.3,0.385095,1,p:2.1.1.2.2.2
U5920,236,FUSE1,407525.5104,407525.5104,408423.8104,898.3,898.3,333.3,0.371034,1,p:1.1.3.1.2.2
U5921,236,FUSE1,407554.3104,407554.3104,408349.0104,794.7,794.7,333.3,0.419404,1,p:2.1.4.1.2.2
U5922,236,FUSE2,407600.3104,407600.3104,408534.2104,933.9,933.9,365.7,0.391584,1,p:1.1.2.1.2.2
U5923,236,FUSE2,407678.3104,407678.3104,408673.8104,995.5,995.5,365.7,0.367353,1,p:2.1.5.1.2.2
U5924,236,FUSE2,407755.9104,407755.9104,408761.8104,1005.9,1005.9,365.7,0.363555,1,p:1.1.3.1.2.2
U5925,236,FUSE2,407769.1104,407769.1104,408715.8104,946.7,946.7,365.7,0.386289,1,p:2.1.1.2.2.2
U5926,236,FUSE2,407797.9104,407797.9104,408687.0104,889.1,889.1,365.7,0.411315,1,p:1.2.4.1.2.2
U5927,236,FUSE2,407843.9104,407843.9104,409011.8104,1167.9,1167.9,365.7,0.313126,1,p:2.1.5.1.2.2
U5928,236,FUSE2,407921.9104,407921.9104,408872.2104,950.3,950.3,365.7,0.384826,1,p:1.1.2.1.2.2
E365,363,FUSE0,408061.5104,408061.5104,408959.4104,897.9,897.9,271.3,0.302149,1,p:1.1.1.2.2.2
E366,363,FUSE0,408074.7104,408074.7104,409005.4104,930.7,930.7,271.3,0.291501,1,p:2.1.3.1.2.2
E367,363,FUSE0,408103.5104,408103.5104,409115.8104,1012.3,1012.3,271.3,0.268004,1,p:1.1.2.1.2.2
E368,363,FUSE0,408149.5104,408149.5104,409255.4104,1105.9,1105.9,271.3,0.245321,1,p:2.1.5.1.2.2
E369,363,FUSE0,408227.5104,408227.5104,408930.6104,703.1,703.1,271.3,0.385863,1,p:1.1.4.1.2.2
E370,363,FUSE0,408367.1104,408367.1104,409249.0104,881.9,881.9,271.3,0.307631,1,p:2.1.3.1.2.2
E371,363,FUSE0,408380.3104,408380.3104,409203.0104,822.7,822.7,271.3,0.329768,1,p:1.1.1.2.2.2
E372,363,FUSE0,408409.1104,408409.1104,409359.4104,950.3,950.3,271.3,0.285489,1,p:2.1.2.1.2.2
E373,363,FUSE0,408455.1104,408455.1104,409174.2104,719.1,719.1,271.3,0.377277,1,p:1.1.4.1.2.2
E374,363,FUSE0,408565.5104,408565.5104,409446.6104,881.1,881.1,271.3,0.307911,1,p:2.1.1.2.2.2
E375,363,FUSE0,408705.1104,408705.1104,409603.0104,897.9,897.9,271.3,0.302149,1,p:1.1.2.1.2.2
E376,363,FUSE1,408718.3104,408718.3104,409479.8104,761.5,761.5,333.3,0.437689,1,p:2.1.4.1.2.2
E377,363,FUSE1,408747.1104,408747.1104,409561.0104,813.9,813.9,333.3,0.40951,1,p:1.1.5.1.2.2
E378,363,FUSE1,408793.1104,408793.1104,409752.2104,959.1,959.1,333.3,0.347513,1,p:2.1.1.2.2.2
E379,363,FUSE1,408903.5104,408903.5104,409607.6104,704.1,704.1,333.3,0.47337,1,p:1.1.3.1.2.2
E380,363,FUSE1,408961.9104,408961.9104,409908.6104,946.7,946.7,333.3,0.352065,1,p:2.1.2.1.2.2
E381,363,FUSE1,408990.7104,408990.7104,409785.4104,794.7,794.7,333.3,0.419404,1,p:1.1.4.1.2.2
E382,363,FUSE1,409036.7104,409036.7104,409866.6104,829.9,829.9,333.3,0.401615,1,p:2.1.5.1.2.2
E383,363,FUSE1,409043.1104,409043.1104,410057.8104,1014.7,1014.7,333.3,0.328471,1,p:1.2.1.1.2.2
E384,363,FUSE1,409147.1104,409147.1104,409913.2104,766.1,766.1,333.3,0.435061,1,p:2.1.3.1.2.2
E385,363,FUSE1,409205.5104,409205.5104,410214.2104,1008.7,1008.7,333.3,0.330425,1,p:1.1.2.1.2.2
E386,363,FUSE2,409234.3104,409234.3104,410123.4104,889.1,889.1,365.7,0.411315,1,p:2.1.4.1.2.2
E387,363,FUSE2,409280.3104,409280.3104,410204.6104,924.3,924.3,365.7,0.395651,1,p:1.1.5.1.2.2
E388,363,FUSE2,409286.7104,409286.7104,410395.8104,1109.1,1109.1,365.7,0.329727,1,p:2.1.1.1.2.2
E389,363,FUSE2,409390.7104,409390.7104,410247.4104,856.7,856.7,365.7,0.426871,1,p:1.1.3.1.2.2
E390,363,FUSE2,409477.9104,409477.9104,410552.2104,1074.3,1074.3,365.7,0.340408,1,p:2.1.2.1.2.2
E391,363,FUSE2,409511.1104,409511.1104,410461.4104,950.3,950.3,365.7,0.384826,1,p:1.1.4.1.2.2
E392,363,FUSE2,409592.3104,409592.3104,410542.6104,950.3,950.3,365.7,0.384826,1,p:2.1.5.1.2.2
E393,363,FUSE2,409634.3104,409634.3104,410733.8104,1099.5,1099.5,365.7,0.332606,1,p:1.1.1.1.2.2
E394,363,FUSE2,409638.9104,409638.9104,410585.4104,946.5,946.5,365.7,0.386371,1,p:2.1.3.1.2.2
E395,363,FUSE2,409783.5104,409783.5104,410890.2104,1106.7,1106.7,365.7,0.330442,1,p:1.1.2.1.2.2
E396,363,FUSE2,409816.7104,409816.7104,410799.4104,982.7,982.7,365.7,0.372138,1,p:2.1.4.1.2.2
E397,363,FUSE2,409897.9104,409897.9104,410880.6104,982.7,982.7,365.7,0.372138,1,p:1.1.5.1.2.2
U5929,236,FUSE2,409939.9104,409939.9104,411071.8104,1131.9,1131.9,365.7,0.323085,1,p:2.1.1.2.2.2
U5930,236,FUSE2,409944.5104,409944.5104,410923.4104,978.9,978.9,365.7,0.373583,1,p:1.1.3.1.2.2
U3738,150,FUSE0,410089.1104,410089.1104,411043.0104,953.9,953.9,271.3,0.284411,1,p:2.1.4.1.2.2
U3739,150,FUSE0,410154.7104,410154.7104,411133.8104,979.1,979.1,271.3,0.277091,1,p:1.1.2.1.2.2
U3740,150,FUSE0,410235.9104,410235.9104,411286.6104,1050.7,1050.7,271.3,0.258209,1,p:2.1.4.1.2.2
U3741,150,FUSE0,410245.5104,410245.5104,411124.2104,878.7,878.7,271.3,0.308752,1,p:1.1.5.1.2.2
U3742,150,FUSE0,410278.7104,410278.7104,411377.4104,1098.7,1098.7,271.3,0.246928,1,p:2.1.2.1.2.2
U3743,150,FUSE0,410427.1104,410427.1104,411167.0104,739.9,739.9,271.3,0.366671,1,p:1.2.3.1.2.2
U3744,150,FUSE0,410492.7104,410492.7104,411530.2104,1037.5,1037.5,271.3,0.261494,1,p:2.1.4.1.2.2
U3745,150,FUSE0,410573.9104,410573.9104,411315.4104,741.5,741.5,271.3,0.36588,1,p:1.1.1.2.2.2
U3746,150,FUSE1,410583.5104,410583.5104,411683.0104,1099.5,1099.5,333.3,0.303138,1,p:2.1.2.1.2.2
U3747,150,FUSE1,410616.7104,410616.7104,411429.8104,813.1,813.1,333.3,0.409913,1,p:1.1.5.1.2.2
U3748,150,FUSE1,410765.1104,410765.1104,411485.4104,720.3,720.3,333.3,0.462724,1,p:2.1.3.1.2.2
U3749,150,FUSE1,410830.7104,410830.7104,411621.0104,790.3,790.3,333.3,0.421739,1,p:1.1.1.2.2.2
U3750,150,FUSE1,410911.9104,410911.9104,411835.8104,923.9,923.9,333.3,0.360753,1,p:2.1.4.1.2.2
U3751,150,FUSE1,410921.5104,410921.5104,411735.4104,813.9,813.9,333.3,0.40951,1,p:1.1.5.1.2.2
U3752,150,FUSE1,410954.7104,410954.7104,411988.6104,1033.9,1033.9,333.3,0.322372,1,p:2.1.2.1.2.2
U3753,150,FUSE1,411074.3104,411074.3104,411814.6104,740.3,740.3,333.3,0.450223,1,p:1.2.3.1.2.2
U3754,150,FUSE2,411103.1104,411103.1104,411959.0104,855.9,855.9,365.7,0.42727,1,p:2.1.1.1.2.2
U3755,150,FUSE2,411155.5104,411155.5104,412173.8104,1018.3,1018.3,365.7,0.359128,1,p:1.2.4.1.2.2
U3756,150,FUSE2,411165.1104,411165.1104,412326.6104,1161.5,1161.5,365.7,0.314851,1,p:2.1.2.1.2.2
U3757,150,FUSE2,411198.3104,411198.3104,412073.4104,875.1,875.1,365.7,0.417895,1,p:1.1.5.1.2.2
U3758,150,FUSE2,411317.9104,411317.9104,412297.0104,979.1,979.1,365.7,0.373506,1,p:2.1.1.1.2.2
U3759,150,FUSE2,411346.7104,411346.7104,412152.6104,805.9,805.9,365.7,0.453778,1,p:1.1.3.1.2.2
U3760,150,FUSE2,411408.7104,411408.7104,412511.8104,1103.1,1103.1,365.7,0.33152,1,p:2.1.4.1.2.2
U4935,197,FUSE0,411461.1104,411461.1104,412317.0104,855.9,855.9,271.3,0.316976,1,p:1.1.5.1.2.2
U4936,197,FUSE0,411516.7104,411516.7104,412612.228,1095.5176,1095.5176,271.3,0.247645,1,p:2.1.2.2.1.2
U4937,197,FUSE0,411561.5104,411561.5104,412416.2104,854.7,854.7,271.3,0.317421,1,p:1.2.3.1.2.1
U4938,197,FUSE0,411652.3104,411652.3104,412540.6104,888.3,888.3,271.3,0.305415,1,p:2.1.1.1.2.2
U4939,197,FUSE0,411714.3104,411714.3104,412560.6104,846.3,846.3,271.3,0.320572,1,p:1.2.5.1.2.2
U4940,197,FUSE0,411766.7104,411766.7104,412755.4104,988.7,988.7,271.3,0.274401,1,p:2.1.4.1.2.2
U4941,197,FUSE0,411845.9104,411845.9104,412855.828,1009.9176,1009.9176,271.3,0.268636,1,p:1.1.2.2.1.2
U4942,197,FUSE0,411867.1104,411867.1104,412659.8104,792.7,792.7,271.3,0.342248,1,p:2.1.3.1.2.1
U4943,197,FUSE1,411990.3104,411990.3104,412846.2104,855.9,855.9,333.3,0.389415,1,p:1.2.1.1.2.2
U4944,197,FUSE1,412019.9104,412019.9104,412866.2104,846.3,846.3,333.3,0.393832,1,p:2.1.5.1.2.2
U4945,197,FUSE1,412104.7104,412104.7104,413061.0104,956.3,956.3,333.3,0.348531,1,p:1.1.4.1.2.2
U4946,197,FUSE1,412183.9104,412183.9104,412965.4104,781.5,781.5,333.3,0.426488,1,p:2.1.3.1.2.1
U4947,197,FUSE1,412205.1104,412205.1104,413159.4104,954.3,954.3,333.3,0.349261,1,p:1.1.2.2.1.2
U4948,197,FUSE1,412328.3104,412328.3104,413171.8104,843.5,843.5,333.3,0.395139,1,p:2.1.5.1.2.2
U4949,197,FUSE1,412348.3104,412348.3104,413151.8104,803.5,803.5,333.3,0.41481,1,p:1.1.1.1.2.2
U4950,197,FUSE1,412357.9104,412357.9104,413366.6104,1008.7,1008.7,333.3,0.330425,1,p:2.1.4.1.2.2
U4951,197,FUSE2,412447.5104,412447.5104,413457.4104,1009.9,1009.9,365.7,0.362115,1,p:1.2.2.1.2.2
U4952,197,FUSE2,412543.1104,412543.1104,413295.8104,752.7,752.7,365.7,0.485851,1,p:2.1.3.1.2.2
U4953,197,FUSE2,412571.9104,412571.9104,413489.8104,917.9,917.9,365.7,0.398409,1,p:1.2.1.1.2.2
U4954,197,FUSE2,412591.9104,412591.9104,413509.8104,917.9,917.9,365.7,0.398409,1,p:2.1.5.1.2.2
U4955,197,FUSE2,412643.528,412643.528,413704.6104,1061.0824,1061.0824,365.7,0.344648,1,p:1.1.4.1.2.2
U4956,197,FUSE2,412691.1104,412691.1104,413795.4104,1104.3,1104.3,365.7,0.33116,1,p:2.1.2.1.2.2
U4957,197,FUSE2,412786.7104,412786.7104,413633.8104,847.1,847.1,365.7,0.431708,1,p:1.1.3.1.2.2
U4958,197,FUSE2,412877.5104,412877.5104,413827.8104,950.3,950.3,365.7,0.384826,1,p:2.1.1.1.2.2
U4959,197,FUSE2,412887.128,412887.128,413847.8104,960.6824,960.6824,365.7,0.380667,1,p:1.1.5.1.2.2
U5583,223,FUSE0,412897.5104,412897.5104,413948.2104,1050.7,1050.7,271.3,0.258209,1,p:2.1.4.1.2.2
U5584,223,FUSE0,412996.7104,412996.7104,414039.0104,1042.3,1042.3,271.3,0.26029,1,p:1.2.2.1.2.2
U5585,223,FUSE0,413092.3104,413092.3104,413877.4104,785.1,785.1,271.3,0.345561,1,p:2.1.3.1.2.2
U5586,223,FUSE0,413183.1104,413183.1104,414071.4104,888.3,888.3,271.3,0.305415,1,p:1.2.1.1.2.2
U5587,223,FUSE0,413190.7104,413190.7104,414191.8104,1001.1,1001.1,271.3,0.271002,1,p:2.1.4.1.2.2
U5588,223,FUSE0,413203.1104,413203.1104,414282.6104,1079.5,1079.5,271.3,0.25132,1,p:1.1.2.1.2.2
U5589,223,FUSE0,413327.1104,413327.1104,414091.4104,764.3,764.3,271.3,0.354965,1,p:2.1.5.1.2.2
U5590,223,FUSE0,413397.9104,413397.9104,414121.0104,723.1,723.1,271.3,0.37519,1,p:1.1.3.1.2.2
U5591,223,FUSE1,413488.7104,413488.7104,414377.0104,888.3,888.3,333.3,0.375211,1,p:2.1.1.1.2.2
U5592,223,FUSE1,413521.1104,413521.1104,414497.4104,976.3,976.3,333.3,0.341391,1,p:1.1.4.1.2.2
U5593,223,FUSE1,413541.1104,413541.1104,414588.2104,1047.1,1047.1,333.3,0.318308,1,p:2.1.2.1.2.2
U5594,223,FUSE1,413665.1104,413665.1104,414426.6104,761.5,761.5,333.3,0.437689,1,p:1.2.3.1.2.2
U5595,223,FUSE1,413735.9104,413735.9104,414536.2104,800.3,800.3,333.3,0.416469,1,p:2.1.5.1.2.2
U5596,223,FUSE1,413826.7104,413826.7104,414682.6104,855.9,855.9,333.3,0.389415,1,p:1.1.1.1.2.2
U5597,223,FUSE1,413859.1104,413859.1104,414803.0104,943.9,943.9,333.3,0.353109,1,p:2.1.4.1.2.2
U5598,223,FUSE1,413879.1104,413879.1104,414893.8104,1014.7,1014.7,333.3,0.328471,1,p:1.1.2.1.2.2
U5599,223,FUSE2,413908.7104,413908.7104,414764.6104,855.9,855.9,365.7,0.42727,1,p:2.1.3.1.2.2
U5600,223,FUSE2,413979.5104,413979.5104,414874.2104,894.7,894.7,365.7,0.40874,1,p:1.1.5.1.2.2
U5601,223,FUSE2,414070.3104,414070.3104,415141.0104,1070.7,1070.7,365.7,0.341552,1,p:2.1.4.1.2.2
U5602,223,FUSE2,414102.7104,414102.7104,415020.6104,917.9,917.9,365.7,0.398409,1,p:1.1.1.1.2.2
U5603,223,FUSE2,414122.7104,414122.7104,415102.6104,979.9,979.9,365.7,0.373201,1,p:2.1.3.1.2.2
U5604,223,FUSE2,414152.3104,414152.3104,415231.8104,1079.5,1079.5,365.7,0.338768,1,p:1.1.2.1.2.2
U5605,223,FUSE2,414223.1104,414223.1104,415212.2104,989.1,989.1,365.7,0.36973,1,p:2.1.5.1.2.2
U5606,223,FUSE2,414313.9104,414313.9104,415358.6104,1044.7,1044.7,365.7,0.350053,1,p:1.1.1.2.2.2
U7649,306,FUSE0,414408.3104,414408.3104,415384.6104,976.3,976.3,271.3,0.277886,1,p:2.1.4.1.2.2
U7650,306,FUSE0,414457.9104,414457.9104,415475.4104,1017.5,1017.5,271.3,0.266634,1,p:1.1.2.1.2.2
U7651,306,FUSE0,414528.7104,414528.7104,415346.2104,817.5,817.5,271.3,0.331865,1,p:2.1.3.1.2.2
U7652,306,FUSE0,414567.5104,414567.5104,415455.8104,888.3,888.3,271.3,0.305415,1,p:1.1.5.1.2.2
U7653,306,FUSE0,414619.5104,414619.5104,415628.2104,1008.7,1008.7,271.3,0.26896,1,p:2.1.4.1.2.2
U7654,306,FUSE0,414713.9104,414713.9104,415602.2104,888.3,888.3,271.3,0.305415,1,p:1.1.1.2.2.2
U7655,306,FUSE0,414795.9104,414795.9104,415589.8104,793.9,793.9,271.3,0.341731,1,p:2.1.3.1.2.2
U7656,306,FUSE1,414834.3104,414834.3104,415781.0104,946.7,946.7,333.3,0.352065,1,p:1.1.2.1.2.2
U7657,306,FUSE1,414905.5104,414905.5104,415761.4104,855.9,855.9,333.3,0.389415,1,p:2.1.5.1.2.2
U7658,306,FUSE1,414925.1104,414925.1104,415933.8104,1008.7,1008.7,333.3,0.330425,1,p:1.1.4.1.2.2
U7659,306,FUSE1,415051.9104,415051.9104,415907.8104,855.9,855.9,333.3,0.389415,1,p:2.1.1.2.2.2
U7660,306,FUSE1,415133.9104,415133.9104,415895.4104,761.5,761.5,333.3,0.437689,1,p:1.1.3.1.2.2
U7661,306,FUSE1,415172.3104,415172.3104,416086.6104,914.3,914.3,333.3,0.364541,1,p:2.1.2.1.2.2
U7662,306,FUSE1,415243.5104,415243.5104,416067.0104,823.5,823.5,333.3,0.404736,1,p:1.1.5.1.2.2
U7663,306,FUSE2,415263.1104,415263.1104,416271.8104,1008.7,1008.7,365.7,0.362546,1,p:2.1.4.1.2.2
U7664,306,FUSE2,415377.5104,415377.5104,416245.8104,868.3,868.3,365.7,0.421168,1,p:1.1.1.2.2.2
U7665,306,FUSE2,415389.9104,415389.9104,416424.6104,1034.7,1034.7,365.7,0.353436,1,p:2.1.2.1.2.2
U7666,306,FUSE2,415415.9104,415415.9104,416233.4104,817.5,817.5,365.7,0.447339,1,p:1.1.3.1.2.2
U7667,306,FUSE2,415487.1104,415487.1104,416405.0104,917.9,917.9,365.7,0.398409,1,p:2.1.5.1.2.2
U7668,306,FUSE2,415506.7104,415506.7104,416609.8104,1103.1,1103.1,365.7,0.33152,1,p:1.1.4.1.2.2
U7669,306,FUSE2,415621.1104,415621.1104,416583.8104,962.7,962.7,365.7,0.379869,1,p:2.1.1.2.2.2
U7670,306,FUSE2,415633.5104,415633.5104,416571.4104,937.9,937.9,365.7,0.389914,1,p:1.1.3.2.2.2
U7828,313,FUSE0,415659.5104,415659.5104,416668.2104,1008.7,1008.7,271.3,0.26896,1,p:2.1.2.1.2.2
U7829,313,FUSE0,415792.7104,415792.7104,416648.6104,855.9,855.9,271.3,0.316976,1,p:1.2.5.1.2.2
U7830,313,FUSE0,415812.3104,415812.3104,416853.4104,1041.1,1041.1,271.3,0.26059,1,p:2.1.4.1.2.2
U7831,313,FUSE0,415926.7104,415926.7104,416827.4104,900.7,900.7,271.3,0.30121,1,p:1.1.1.2.2.2
U7832,313,FUSE0,415939.1104,415939.1104,416911.8104,972.7,972.7,271.3,0.278914,1,p:2.1.2.1.2.2
U7833,313,FUSE0,415965.1104,415965.1104,416892.2104,927.1,927.1,271.3,0.292633,1,p:1.1.5.1.2.2
U7834,313,FUSE0,416098.3104,416098.3104,416815.0104,716.7,716.7,271.3,0.378541,1,p:2.1.3.2.2.2
U7835,313,FUSE0,416117.9104,416117.9104,417097.0104,979.1,979.1,271.3,0.277091,1,p:1.1.4.1.2.2
U7836,313,FUSE0,416264.7104,416264.7104,417071.0104,806.3,806.3,271.3,0.336475,1,p:2.1.1.2.2.2
U7837,313,FUSE1,416277.1104,416277.1104,417217.4104,940.3,940.3,333.3,0.354461,1,p:1.1.2.1.2.2
U7838,313,FUSE1,416303.1104,416303.1104,417197.8104,894.7,894.7,333.3,0.372527,1,p:2.1.5.1.2.2
U7839,313,FUSE1,416436.3104,416436.3104,417176.6104,740.3,740.3,333.3,0.450223,1,p:1.2.3.2.2.2
U7840,313,FUSE1,416455.9104,416455.9104,417402.6104,946.7,946.7,333.3,0.352065,1,p:2.1.4.1.2.2
U7841,313,FUSE1,416602.7104,416602.7104,417376.6104,773.9,773.9,333.3,0.430676,1,p:1.1.1.2.2.2
U7842,313,FUSE1,416615.1104,416615.1104,417503.4104,888.3,888.3,333.3,0.375211,1,p:2.1.5.1.2.2
U7843,313,FUSE1,416641.1104,416641.1104,417523.0104,881.9,881.9,333.3,0.377934,1,p:1.1.2.1.2.2
U7844,313,FUSE1,416679.9104,416679.9104,417482.2104,802.3,802.3,333.3,0.415431,1,p:2.1.3.2.2.2
U7845,313,FUSE1,416699.5104,416699.5104,417708.2104,1008.7,1008.7,333.3,0.330425,1,p:1.1.4.1.2.2
U7846,313,FUSE2,416846.3104,416846.3104,417714.6104,868.3,868.3,365.7,0.421168,1,p:2.1.1.1.2.2
U7847,313,FUSE2,416858.7104,416858.7104,417861.0104,1002.3,1002.3,365.7,0.364861,1,p:1.1.2.1.2.2
U7848,313,FUSE2,416884.7104,416884.7104,417841.4104,956.7,956.7,365.7,0.382251,1,p:2.1.5.1.2.2
U7849,313,FUSE2,416923.5104,416923.5104,417820.2104,896.7,896.7,365.7,0.407829,1,p:1.1.3.2.2.2
U7850,313,FUSE2,416943.1104,416943.1104,418046.2104,1103.1,1103.1,365.7,0.33152,1,p:2.1.4.1.2.2
U7851,313,FUSE2,417102.3104,417102.3104,418052.6104,950.3,950.3,365.7,0.384826,1,p:1.1.1.1.2.2
U7852,313,FUSE2,417128.3104,417128.3104,418199.0104,1070.7,1070.7,365.7,0.341552,1,p:2.1.2.1.2.2
U7853,313,FUSE2,417207.9104,417207.9104,418179.4104,971.5,971.5,365.7,0.376428,1,p:1.1.5.1.2.2
U1415,57,FUSE0,417229.1104,417229.1104,418063.8104,834.7,834.7,271.3,0.325027,1,p:2.1.3.1.2.2
U1416,57,FUSE0,417248.7104,417248.7104,418289.8104,1041.1,1041.1,271.3,0.26059,1,p:1.1.4.1.2.2
U1417,57,FUSE0,417407.9104,417407.9104,418296.2104,888.3,888.3,271.3,0.305415,1,p:2.1.1.1.2.2
U1418,57,FUSE0,417433.9104,417433.9104,418307.4104,873.5,873.5,271.3,0.31059,1,p:1.1.3.1.2.2
U1419,57,FUSE0,417513.5104,417513.5104,418442.6104,929.1,929.1,271.3,0.292003,1,p:2.1.2.1.2.2
U1420,57,FUSE0,417534.7104,417534.7104,418423.0104,888.3,888.3,271.3,0.305415,1,p:1.1.5.1.2.2
U1421,57,FUSE0,417554.3104,417554.3104,418533.4104,979.1,979.1,271.3,0.277091,1,p:2.1.4.1.2.2
U1422,57,FUSE0,417739.5104,417739.5104,418539.8104,800.3,800.3,271.3,0.338998,1,p:1.1.1.1.2.2
U1423,57,FUSE1,417745.9104,417745.9104,418613.0104,867.1,867.1,333.3,0.384385,1,p:2.1.3.1.2.2
U1424,57,FUSE1,417851.5104,417851.5104,418748.2104,896.7,896.7,333.3,0.371696,1,p:1.1.2.1.2.2
U1425,57,FUSE1,417872.7104,417872.7104,418728.6104,855.9,855.9,333.3,0.389415,1,p:2.1.5.1.2.2
U1426,57,FUSE1,417892.3104,417892.3104,418839.0104,946.7,946.7,333.3,0.352065,1,p:1.1.4.1.2.2
U1427,57,FUSE1,418077.5104,418077.5104,418845.4104,767.9,767.9,333.3,0.434041,1,p:2.1.1.1.2.2
U1428,57,FUSE1,418083.9104,418083.9104,418918.6104,834.7,834.7,333.3,0.399305,1,p:1.2.3.1.2.2
U1429,57,FUSE1,418095.1104,418095.1104,419053.8104,958.7,958.7,333.3,0.347658,1,p:2.1.2.1.2.2
U1430,57,FUSE1,418210.7104,418210.7104,419034.2104,823.5,823.5,333.3,0.404736,1,p:1.2.5.1.2.2
U1431,57,FUSE2,418230.3104,418230.3104,419177.0104,946.7,946.7,365.7,0.386289,1,p:2.1.4.1.2.2
U1432,57,FUSE2,418321.1104,418321.1104,419183.4104,862.3,862.3,365.7,0.424098,1,p:1.1.1.1.2.2
U1433,57,FUSE2,418327.5104,418327.5104,419256.6104,929.1,929.1,365.7,0.393607,1,p:2.1.3.1.2.2
U1434,57,FUSE2,418338.7104,418338.7104,419391.8104,1053.1,1053.1,365.7,0.34726,1,p:1.1.2.1.2.2
U1435,57,FUSE2,418454.3104,418454.3104,419372.2104,917.9,917.9,365.7,0.398409,1,p:2.1.5.1.2.2
U1436,57,FUSE2,418473.9104,418473.9104,419515.0104,1041.1,1041.1,365.7,0.351263,1,p:1.1.4.1.2.2
U1437,57,FUSE2,418564.7104,418564.7104,419521.4104,956.7,956.7,365.7,0.382251,1,p:2.1.1.1.2.2
U1438,57,FUSE2,418571.1104,418571.1104,419594.6104,1023.5,1023.5,365.7,0.357303,1,p:1.2.3.2.2.2
U1439,57,FUSE2,418644.3104,418644.3104,419729.8104,1085.5,1085.5,365.7,0.336895,1,p:2.1.2.1.2.2
U6751,270,FUSE0,418759.9104,418759.9104,419615.8104,855.9,855.9,271.3,0.316976,1,p:1.2.5.1.2.2
U6752,270,FUSE0,418779.5104,418779.5104,419758.6104,979.1,979.1,271.3,0.277091,1,p:2.1.4.1.2.2
U6753,270,FUSE0,418870.3104,418870.3104,419765.0104,894.7,894.7,271.3,0.30323,1,p:1.1.1.1.2.2
U6754,270,FUSE0,418876.7104,418876.7104,419859.4104,982.7,982.7,271.3,0.276076,1,p:2.1.5.1.2.2
U6755,270,FUSE0,418949.9104,418949.9104,419838.2104,888.3,888.3,271.3,0.305415,1,p:1.1.3.2.2.2
U6756,270,FUSE0,419065.5104,419065.5104,419973.4104,907.9,907.9,271.3,0.298821,1,p:2.1.2.1.2.2
U6757,270,FUSE0,419085.1104,419085.1104,420002.2104,917.1,917.1,271.3,0.295824,1,p:1.1.4.1.2.2
U6758,270,FUSE0,419208.3104,419208.3104,420008.6104,800.3,800.3,271.3,0.338998,1,p:2.1.1.1.2.2
U6759,270,FUSE1,419214.7104,419214.7104,420165.0104,950.3,950.3,333.3,0.350731,1,p:1.2.5.1.2.2
U6760,270,FUSE1,419287.9104,419287.9104,420143.8104,855.9,855.9,333.3,0.389415,1,p:2.1.3.2.2.2
U6761,270,FUSE1,419403.5104,419403.5104,420279.0104,875.5,875.5,333.3,0.380697,1,p:1.2.2.1.2.2
U6762,270,FUSE1,419423.1104,419423.1104,420307.8104,884.7,884.7,333.3,0.376738,1,p:2.1.4.1.2.2
U6763,270,FUSE1,419546.3104,419546.3104,420314.2104,767.9,767.9,333.3,0.434041,1,p:1.1.1.1.2.2
U6764,270,FUSE1,419552.7104,419552.7104,420470.6104,917.9,917.9,333.3,0.363111,1,p:2.1.5.1.2.2
U6765,270,FUSE1,419625.9104,419625.9104,420449.4104,823.5,823.5,333.3,0.404736,1,p:1.1.3.2.2.2
U6766,270,FUSE1,419647.1104,419647.1104,420613.4104,966.3,966.3,333.3,0.344924,1,p:2.1.4.1.2.2
U6767,270,FUSE2,419761.1104,419761.1104,420618.0104,856.9,856.9,365.7,0.426771,1,p:1.1.2.1.2.2
U6768,270,FUSE2,419789.9104,419789.9104,420652.2104,862.3,862.3,365.7,0.424098,1,p:2.1.1.1.2.2
U6769,270,FUSE2,419796.3104,419796.3104,420808.6104,1012.3,1012.3,365.7,0.361257,1,p:1.2.5.1.2.2
U6770,270,FUSE2,419869.5104,419869.5104,420787.4104,917.9,917.9,365.7,0.398409,1,p:2.1.3.2.2.2
U6771,270,FUSE2,419890.7104,419890.7104,420956.0104,1065.3,1065.3,365.7,0.343284,1,p:1.2.2.1.2.2
U6772,270,FUSE2,420004.7104,420004.7104,420951.4104,946.7,946.7,365.7,0.386289,1,p:2.1.4.1.2.2
U6773,270,FUSE2,420033.5104,420033.5104,420990.2104,956.7,956.7,365.7,0.382251,1,p:1.1.1.1.2.2
U6774,270,FUSE2,420039.9104,420039.9104,421146.6104,1106.7,1106.7,365.7,0.330442,1,p:2.1.5.1.2.2
U6775,270,FUSE2,420175.1104,420175.1104,421125.4104,950.3,950.3,365.7,0.384826,1,p:1.1.3.2.2.2
U1839,74,FUSE0,420196.3104,420196.3104,421195.0104,998.7,998.7,271.3,0.271653,1,p:2.1.4.1.2.2
U1840,74,FUSE0,420310.3104,420310.3104,421199.6104,889.3,889.3,271.3,0.305071,1,p:1.1.2.1.2.2
U1841,74,FUSE0,420339.1104,420339.1104,421233.8104,894.7,894.7,271.3,0.30323,1,p:2.1.1.1.2.2
U1842,74,FUSE0,420345.5104,420345.5104,421443.2104,1097.7,1097.7,271.3,0.247153,1,p:1.2.2.1.2.2
U1843,74,FUSE0,420480.7104,420480.7104,421390.2104,909.5,909.5,271.3,0.298296,1,p:2.1.5.1.2.2
U1844,74,FUSE0,420501.9104,420501.9104,421438.6104,936.7,936.7,271.3,0.289634,1,p:1.1.4.1.2.2
U1845,74,FUSE0,420644.7104,420644.7104,421369.0104,724.3,724.3,271.3,0.374569,1,p:2.1.3.2.2.2
U1846,74,FUSE0,420649.3104,420649.3104,421477.4104,828.1,828.1,271.3,0.327617,1,p:1.1.1.1.2.2
U1847,74,FUSE1,420683.5104,420683.5104,421748.8104,1065.3,1065.3,333.3,0.31287,1,p:2.1.2.1.2.2
U1848,74,FUSE1,420818.7104,420818.7104,421695.8104,877.1,877.1,333.3,0.380002,1,p:1.1.5.1.2.2
U1849,74,FUSE1,420839.9104,420839.9104,421674.6104,834.7,834.7,333.3,0.399305,1,p:2.1.3.2.2.2
U1850,74,FUSE1,420982.7104,420982.7104,421744.2104,761.5,761.5,333.3,0.437689,1,p:1.1.4.1.2.2
U1851,74,FUSE1,420987.3104,420987.3104,421783.0104,795.7,795.7,333.3,0.418876,1,p:2.1.1.1.2.2
U1852,74,FUSE1,421021.5104,421021.5104,422054.4104,1032.9,1032.9,333.3,0.322684,1,p:1.1.2.1.2.2
U1853,74,FUSE1,421156.7104,421156.7104,422001.4104,844.7,844.7,333.3,0.394578,1,p:2.1.5.1.2.2
U1854,74,FUSE1,421177.9104,421177.9104,422049.8104,871.9,871.9,333.3,0.382269,1,p:1.1.4.1.2.2
U1855,74,FUSE2,421226.3104,421226.3104,422012.6104,786.3,786.3,365.7,0.46509,1,p:2.1.3.1.2.2
U1856,74,FUSE2,421230.9104,421230.9104,422121.0104,890.1,890.1,365.7,0.410853,1,p:1.2.1.1.2.2
U1857,74,FUSE2,421265.1104,421265.1104,422392.4104,1127.3,1127.3,365.7,0.324403,1,p:2.1.2.1.2.2
U1858,74,FUSE2,421400.3104,421400.3104,422339.4104,939.1,939.1,365.7,0.389415,1,p:1.1.5.1.2.2
U1859,74,FUSE2,421421.5104,421421.5104,422350.6104,929.1,929.1,365.7,0.393607,1,p:2.1.3.1.2.2
U1860,74,FUSE2,421469.9104,421469.9104,422387.8104,917.9,917.9,365.7,0.398409,1,p:1.1.4.1.2.2
U1861,74,FUSE2,421474.5104,421474.5104,422459.0104,984.5,984.5,365.7,0.371458,1,p:2.1.1.1.2.2
U1862,74,FUSE2,421508.7104,421508.7104,422729.4104,1220.7,1220.7,365.7,0.299582,1,p:1.1.2.1.2.2
U1863,74,FUSE2,421705.9104,421705.9104,422677.4104,971.5,971.5,365.7,0.376428,1,p:2.1.5.1.2.2
U5255,210,FUSE0,421727.1104,421727.1104,422631.4104,904.3,904.3,271.3,0.300011,1,p:1.1.4.1.2.2
U5256,210,FUSE0,421775.5104,421775.5104,422594.2104,818.7,818.7,271.3,0.331379,1,p:2.1.3.1.2.2
U5257,210,FUSE0,421780.1104,421780.1104,422702.6104,922.5,922.5,271.3,0.294092,1,p:1.2.1.2.2.2
U5258,210,FUSE0,421814.3104,421814.3104,422875.0104,1060.7,1060.7,271.3,0.255774,1,p:2.1.4.1.2.2
U5259,210,FUSE0,422032.7104,422032.7104,422837.8104,805.1,805.1,271.3,0.336977,1,p:1.1.3.1.2.2
U5260,210,FUSE0,422043.9104,422043.9104,422973.0104,929.1,929.1,271.3,0.292003,1,p:2.1.2.1.2.2
U5261,210,FUSE0,422081.1104,422081.1104,422921.0104,839.9,839.9,271.3,0.323015,1,p:1.2.5.1.2.2
U5262,210,FUSE0,422085.7104,422085.7104,422946.2104,860.5,860.5,271.3,0.315282,1,p:2.1.1.2.2.2
U5263,210,FUSE0,422152.3104,422152.3104,423118.6104,966.3,966.3,271.3,0.280762,1,p:1.1.4.1.2.2
U5264,210,FUSE1,422370.7104,422370.7104,423143.4104,772.7,772.7,333.3,0.431345,1,p:2.1.3.1.2.2
U5265,210,FUSE1,422381.9104,422381.9104,423278.6104,896.7,896.7,333.3,0.371696,1,p:1.1.2.1.2.2
U5266,210,FUSE1,422419.1104,422419.1104,423226.6104,807.5,807.5,333.3,0.412755,1,p:2.1.5.1.2.2
U5267,210,FUSE1,422423.7104,422423.7104,423251.8104,828.1,828.1,333.3,0.402488,1,p:1.2.1.2.2.2
U5268,210,FUSE1,422490.3104,422490.3104,423424.2104,933.9,933.9,333.3,0.35689,1,p:2.1.4.1.2.2
U5269,210,FUSE1,422625.5104,422625.5104,423449.0104,823.5,823.5,333.3,0.404736,1,p:1.1.3.1.2.2
U5270,210,FUSE1,422662.7104,422662.7104,423584.2104,921.5,921.5,333.3,0.361693,1,p:2.1.2.1.2.2
U5271,210,FUSE1,422708.7104,422708.7104,423532.2104,823.5,823.5,333.3,0.404736,1,p:1.2.5.1.2.2
U5272,210,FUSE1,422733.9104,422733.9104,423557.4104,823.5,823.5,333.3,0.404736,1,p:2.1.1.2.2.2
U5273,210,FUSE2,422760.7104,422760.7104,423762.2104,1001.5,1001.5,365.7,0.365152,1,p:1.1.4.1.2.2
U5274,210,FUSE2,422869.1104,422869.1104,423922.2104,1053.1,1053.1,365.7,0.34726,1,p:2.1.2.1.2.2
U5275,210,FUSE2,422906.3104,422906.3104,423787.0104,880.7,880.7,365.7,0.415238,1,p:1.1.3.1.2.2
U5276,210,FUSE2,422952.3104,422952.3104,423870.2104,917.9,917.9,365.7,0.398409,1,p:2.1.5.1.2.2
U5277,210,FUSE2,422977.5104,422977.5104,423895.4104,917.9,917.9,365.7,0.398409,1,p:1.1.1.2.2.2
U5278,210,FUSE2,423004.3104,423004.3104,424100.2104,1095.9,1095.9,365.7,0.333698,1,p:2.1.4.1.2.2
U5279,210,FUSE2,423149.9104,423149.9104,424125.0104,975.1,975.1,365.7,0.375038,1,p:1.1.3.1.2.2
U5280,210,FUSE2,423174.7104,423174.7104,424260.2104,1085.5,1085.5,365.7,0.336895,1,p:2.1.2.1.2.2
U5281,210,FUSE2,423257.9104,423257.9104,424208.2104,950.3,950.3,365.7,0.384826,1,p:1.2.5.1.2.2
U5282,210,FUSE2,423283.1104,423283.1104,424233.4104,950.3,950.3,365.7,0.384826,1,p:2.1.1.2.2.2
U4543,182,FUSE0,423309.9104,423309.9104,424343.8104,1033.9,1033.9,271.3,0.262404,1,p:1.1.4.1.2.2
U4544,182,FUSE0,423455.5104,423455.5104,424368.6104,913.1,913.1,271.3,0.29712,1,p:2.1.3.1.2.2
U4545,182,FUSE0,423480.3104,423480.3104,424503.8104,1023.5,1023.5,271.3,0.265071,1,p:1.1.2.1.2.2
U4546,182,FUSE0,423563.5104,423563.5104,424451.8104,888.3,888.3,271.3,0.305415,1,p:2.1.5.1.2.2
U4547,182,FUSE0,423588.7104,423588.7104,424477.0104,888.3,888.3,271.3,0.305415,1,p:1.1.1.2.2.2
U4548,182,FUSE0,423615.5104,423615.5104,424587.4104,971.9,971.9,271.3,0.279144,1,p:2.1.4.1.2.2
U4549,182,FUSE0,423793.5104,423793.5104,424612.2104,818.7,818.7,271.3,0.331379,1,p:1.1.3.1.2.2
U4550,182,FUSE0,423818.3104,423818.3104,424747.4104,929.1,929.1,271.3,0.292003,1,p:2.1.2.1.2.2
U4551,182,FUSE1,423901.5104,423901.5104,424757.4104,855.9,855.9,333.3,0.389415,1,p:1.2.5.1.2.2
U4552,182,FUSE1,423926.7104,423926.7104,424782.6104,855.9,855.9,333.3,0.389415,1,p:2.1.1.2.2.2
U4553,182,FUSE1,423953.5104,423953.5104,424893.0104,939.5,939.5,333.3,0.354763,1,p:1.1.4.1.2.2
U4554,182,FUSE1,424131.5104,424131.5104,424917.8104,786.3,786.3,333.3,0.423884,1,p:2.1.3.1.2.2
U4555,182,FUSE1,424156.3104,424156.3104,425053.0104,896.7,896.7,333.3,0.371696,1,p:1.1.2.1.2.2
U4556,182,FUSE1,424239.5104,424239.5104,425063.0104,823.5,823.5,333.3,0.404736,1,p:2.1.5.1.2.2
U4557,182,FUSE1,424264.7104,424264.7104,425088.2104,823.5,823.5,333.3,0.404736,1,p:1.1.1.2.2.2
U4558,182,FUSE1,424291.5104,424291.5104,425198.6104,907.1,907.1,333.3,0.367435,1,p:2.1.4.1.2.2
U4559,182,FUSE2,424375.1104,424375.1104,425255.8104,880.7,880.7,365.7,0.415238,1,p:1.1.3.1.2.2
U4560,182,FUSE2,424399.9104,424399.9104,425391.0104,991.1,991.1,365.7,0.368984,1,p:2.1.2.1.2.2
U4561,182,FUSE2,424483.1104,424483.1104,425401.0104,917.9,917.9,365.7,0.398409,1,p:1.2.5.1.2.2
U4562,182,FUSE2,424508.3104,424508.3104,425426.2104,917.9,917.9,365.7,0.398409,1,p:2.1.1.2.2.2
U4563,182,FUSE2,424535.1104,424535.1104,425536.6104,1001.5,1001.5,365.7,0.365152,1,p:1.1.4.1.2.2
U4564,182,FUSE2,424618.7104,424618.7104,425593.8104,975.1,975.1,365.7,0.375038,1,p:2.1.3.1.2.2
U4565,182,FUSE2,424643.5104,424643.5104,425729.0104,1085.5,1085.5,365.7,0.336895,1,p:1.1.2.1.2.2
U4566,182,FUSE2,424778.7104,424778.7104,425739.0104,960.3,960.3,365.7,0.380818,1,p:2.1.5.1.2.2
U4567,182,FUSE2,424788.7104,424788.7104,425764.2104,975.5,975.5,365.7,0.374885,1,p:1.1.1.2.2.2
U8381,335,FUSE0,424813.9104,424813.9104,425780.2104,966.3,966.3,271.3,0.280762,1,p:2.1.4.1.2.2
U8382,335,FUSE0,424924.3104,424924.3104,425837.4104,913.1,913.1,271.3,0.29712,1,p:1.1.3.1.2.2
U8383,335,FUSE0,424949.1104,424949.1104,425972.6104,1023.5,1023.5,271.3,0.265071,1,p:2.1.2.1.2.2
U8384,335,FUSE0,425084.3104,425084.3104,425982.6104,898.3,898.3,271.3,0.302015,1,p:1.2.5.1.2.2
U8385,335,FUSE0,425094.3104,425094.3104,426023.8104,929.5,929.5,271.3,0.291877,1,p:2.1.4.1.2.2
U8386,335,FUSE0,425119.5104,425119.5104,426007.8104,888.3,888.3,271.3,0.305415,1,p:1.1.1.2.2.2
U8387,335,FUSE0,425229.9104,425229.9104,426081.0104,851.1,851.1,271.3,0.318764,1,p:2.1.3.1.2.2
U8388,335,FUSE0,425287.1104,425287.1104,426216.2104,929.1,929.1,271.3,0.292003,1,p:1.1.2.1.2.2
U8389,335,FUSE1,425422.3104,425422.3104,426288.2104,865.9,865.9,333.3,0.384917,1,p:2.1.5.1.2.2
U8390,335,FUSE1,425432.3104,425432.3104,426329.4104,897.1,897.1,333.3,0.37153,1,p:1.1.4.1.2.2
U8391,335,FUSE1,425457.5104,425457.5104,426313.4104,855.9,855.9,333.3,0.389415,1,p:2.1.1.2.2.2
U8392,335,FUSE1,425567.9104,425567.9104,426386.6104,818.7,818.7,333.3,0.407109,1,p:1.1.3.1.2.2
U8393,335,FUSE1,425625.1104,425625.1104,426521.8104,896.7,896.7,333.3,0.371696,1,p:2.1.2.1.2.2
U8394,335,FUSE1,425760.3104,425760.3104,426593.8104,833.5,833.5,333.3,0.39988,1,p:1.2.5.1.2.2
U8395,335,FUSE1,425770.3104,425770.3104,426635.0104,864.7,864.7,333.3,0.385452,1,p:2.1.4.1.2.2
U8396,335,FUSE1,425795.5104,425795.5104,426619.0104,823.5,823.5,333.3,0.404736,1,p:1.1.1.2.2.2
U8397,335,FUSE2,425811.5104,425811.5104,426724.6104,913.1,913.1,365.7,0.400504,1,p:2.1.3.1.2.2
U8398,335,FUSE2,425868.7104,425868.7104,426859.8104,991.1,991.1,365.7,0.368984,1,p:1.1.2.1.2.2
U8399,335,FUSE2,426003.9104,426003.9104,426931.8104,927.9,927.9,365.7,0.394116,1,p:2.1.5.1.2.2
U8400,335,FUSE2,426013.9104,426013.9104,426973.0104,959.1,959.1,365.7,0.381295,1,p:1.1.4.1.2.2
U8401,335,FUSE2,426039.1104,426039.1104,427062.6104,1023.5,1023.5,365.7,0.357303,1,p:2.1.3.1.2.2
U8402,335,FUSE2,426055.1104,426055.1104,426957.0104,901.9,901.9,365.7,0.405477,1,p:1.1.1.2.2.2
U8403,335,FUSE2,426112.3104,426112.3104,427197.8104,1085.5,1085.5,365.7,0.336895,1,p:2.1.2.1.2.2
U1316,53,FUSE0,426247.5104,426247.5104,427175.4104,927.9,927.9,271.3,0.292381,1,p:1.2.5.1.2.2
U1317,53,FUSE0,426319.5104,426319.5104,427216.6104,897.1,897.1,271.3,0.302419,1,p:2.1.4.1.2.2
U1318,53,FUSE0,426344.7104,426344.7104,427202.4104,857.7,857.7,271.3,0.316311,1,p:1.1.1.2.2.2
U1319,53,FUSE0,426360.7104,426360.7104,427306.2104,945.5,945.5,271.3,0.286938,1,p:2.1.3.1.2.2
U1320,53,FUSE0,426417.9104,426417.9104,427441.4104,1023.5,1023.5,271.3,0.265071,1,p:1.1.2.1.2.2
U1321,53,FUSE0,426553.1104,426553.1104,427419.0104,865.9,865.9,271.3,0.313316,1,p:2.1.5.1.2.2
U1322,53,FUSE0,426625.1104,426625.1104,427460.2104,835.1,835.1,271.3,0.324871,1,p:1.1.4.1.2.2
U1323,53,FUSE0,426650.3104,426650.3104,427549.8104,899.5,899.5,271.3,0.301612,1,p:2.1.3.1.2.2
U1324,53,FUSE1,426666.3104,426666.3104,427506.2104,839.9,839.9,333.3,0.396833,1,p:1.1.1.1.2.2
U1325,53,FUSE1,426755.9104,426755.9104,427747.0104,991.1,991.1,333.3,0.336293,1,p:2.1.2.1.2.2
U1326,53,FUSE1,426891.1104,426891.1104,427724.6104,833.5,833.5,333.3,0.39988,1,p:1.2.5.1.2.2
U1327,53,FUSE1,426963.1104,426963.1104,427765.8104,802.7,802.7,333.3,0.415224,1,p:2.1.4.1.2.2
U1328,53,FUSE1,426988.3104,426988.3104,427811.8104,823.5,823.5,333.3,0.404736,1,p:1.1.1.1.2.2
U1329,53,FUSE1,427004.3104,427004.3104,427855.4104,851.1,851.1,333.3,0.391611,1,p:2.1.3.1.2.2
U1330,53,FUSE1,427093.9104,427093.9104,428052.6104,958.7,958.7,333.3,0.347658,1,p:1.1.2.1.2.2
U1331,53,FUSE1,427206.7104,427206.7104,428030.2104,823.5,823.5,333.3,0.404736,1,p:2.1.5.1.2.2
U1332,53,FUSE2,427229.1104,427229.1104,428103.8104,874.7,874.7,365.7,0.418086,1,p:1.1.4.1.2.2
U1333,53,FUSE2,427233.7104,427233.7104,428193.4104,959.7,959.7,365.7,0.381057,1,p:2.1.3.1.2.2
U1334,53,FUSE2,427247.9104,427247.9104,428149.8104,901.9,901.9,365.7,0.405477,1,p:1.1.1.1.2.2
U1335,53,FUSE2,427337.5104,427337.5104,428390.6104,1053.1,1053.1,365.7,0.34726,1,p:2.1.2.1.2.2
U1336,53,FUSE2,427450.3104,427450.3104,428368.2104,917.9,917.9,365.7,0.398409,1,p:1.2.5.1.2.2
U1337,53,FUSE2,427472.7104,427472.7104,428487.8104,1015.1,1015.1,365.7,0.36026,1,p:2.1.1.1.2.2
U1338,53,FUSE2,427491.5104,427491.5104,428441.8104,950.3,950.3,365.7,0.384826,1,p:1.1.4.1.2.2
U1339,53,FUSE2,427537.5104,427537.5104,428531.4104,993.9,993.9,365.7,0.367944,1,p:2.1.3.1.2.2
U3165,127,FUSE0,427581.1104,427581.1104,428634.2104,1053.1,1053.1,271.3,0.25762,1,p:1.1.2.1.2.2
U3166,127,FUSE0,427755.9104,427755.9104,428611.8104,855.9,855.9,271.3,0.316976,1,p:2.1.5.1.2.2
U3167,127,FUSE0,427778.3104,427778.3104,428685.4104,907.1,907.1,271.3,0.299085,1,p:1.1.4.1.2.2
U3168,127,FUSE0,427797.1104,427797.1104,428731.4104,934.3,934.3,271.3,0.290378,1,p:2.1.1.1.2.2
U3169,127,FUSE0,427843.1104,427843.1104,428877.8104,1034.7,1034.7,271.3,0.262202,1,p:1.1.2.1.2.2
U3170,127,FUSE0,427886.7104,427886.7104,428775.0104,888.3,888.3,271.3,0.305415,1,p:2.1.3.1.2.2
U3171,127,FUSE0,428061.5104,428061.5104,428855.4104,793.9,793.9,271.3,0.341731,1,p:1.1.5.1.2.2
U3172,127,FUSE1,428083.9104,428083.9104,429037.0104,953.1,953.1,333.3,0.349701,1,p:2.1.1.1.2.2
U3173,127,FUSE1,428135.1104,428135.1104,428991.0104,855.9,855.9,333.3,0.389415,1,p:1.1.4.1.2.2
U3174,127,FUSE1,428181.1104,428181.1104,429183.4104,1002.3,1002.3,333.3,0.332535,1,p:2.1.2.1.2.2
U3175,127,FUSE1,428224.7104,428224.7104,429080.6104,855.9,855.9,333.3,0.389415,1,p:1.1.3.1.2.2
U3176,127,FUSE1,428399.5104,428399.5104,429199.8104,800.3,800.3,333.3,0.416469,1,p:2.1.5.1.2.2
U3177,127,FUSE1,428421.9104,428421.9104,429296.6104,874.7,874.7,333.3,0.381045,1,p:1.1.4.1.2.2
U3178,127,FUSE1,428473.1104,428473.1104,429342.6104,869.5,869.5,333.3,0.383324,1,p:2.1.1.1.2.2
U3179,127,FUSE2,428519.1104,428519.1104,429521.4104,1002.3,1002.3,365.7,0.364861,1,p:1.1.2.1.2.2
U3180,127,FUSE2,428562.7104,428562.7104,429418.6104,855.9,855.9,365.7,0.42727,1,p:2.1.3.1.2.2
U3181,127,FUSE2,428643.1104,428643.1104,429537.8104,894.7,894.7,365.7,0.40874,1,p:1.1.5.1.2.2
U3182,127,FUSE2,428665.5104,428665.5104,429680.6104,1015.1,1015.1,365.7,0.36026,1,p:2.1.1.1.2.2
U3183,127,FUSE2,428716.7104,428716.7104,429634.6104,917.9,917.9,365.7,0.398409,1,p:1.1.4.1.2.2
U3184,127,FUSE2,428762.7104,428762.7104,429859.4104,1096.7,1096.7,365.7,0.333455,1,p:2.1.2.1.2.2
U3185,127,FUSE2,428806.3104,428806.3104,429756.6104,950.3,950.3,365.7,0.384826,1,p:1.1.3.1.2.2
U3186,127,FUSE2,428886.7104,428886.7104,429875.8104,989.1,989.1,365.7,0.36973,1,p:2.1.5.1.2.2
U6700,268,FUSE0,428909.1104,428909.1104,429880.4104,971.3,971.3,271.3,0.279316,1,p:1.1.4.1.2.2
U6701,268,FUSE0,429022.3104,429022.3104,429924.2104,901.9,901.9,271.3,0.300809,1,p:2.1.1.1.2.2
U6702,268,FUSE0,429068.3104,429068.3104,430103.0104,1034.7,1034.7,271.3,0.262202,1,p:1.1.2.1.2.2
U6703,268,FUSE0,429111.9104,429111.9104,430000.2104,888.3,888.3,271.3,0.305415,1,p:2.1.3.1.2.2
U6704,268,FUSE0,429214.7104,429214.7104,430119.4104,904.7,904.7,271.3,0.299878,1,p:1.1.5.1.2.2
U6705,268,FUSE0,429231.1104,429231.1104,430124.0104,892.9,892.9,271.3,0.303841,1,p:2.1.4.1.2.2
U6706,268,FUSE0,429327.9104,429327.9104,430167.8104,839.9,839.9,271.3,0.323015,1,p:1.1.1.1.2.2
E398,361,FUSE0,429373.9104,429373.9104,430243.8104,869.9,869.9,271.3,0.311875,1,p:1.1.3.1.2.2
E399,361,FUSE0,429449.9104,429449.9104,430346.6104,896.7,896.7,271.3,0.302554,1,p:2.1.2.2.2.2
E400,361,FUSE0,429552.7104,429552.7104,430411.4104,858.7,858.7,271.3,0.315943,1,p:1.1.1.2.2.2
E401,361,FUSE0,429569.1104,429569.1104,430487.4104,918.3,918.3,271.3,0.295437,1,p:2.1.3.1.2.2
E402,361,FUSE0,429665.9104,429665.9104,430384.2104,718.3,718.3,271.3,0.377697,1,p:1.1.5.1.2.2
E403,361,FUSE0,429711.9104,429711.9104,430590.2104,878.3,878.3,271.3,0.308892,1,p:2.1.2.2.2.2
E404,361,FUSE0,429787.9104,429787.9104,430466.2104,678.3,678.3,271.3,0.399971,1,p:1.1.4.1.2.2
E405,361,FUSE0,429890.7104,429890.7104,430635.8104,745.1,745.1,271.3,0.364112,1,p:2.1.5.1.2.2
E406,361,FUSE0,429907.1104,429907.1104,430731.0104,823.9,823.9,271.3,0.329288,1,p:1.1.3.1.2.2
E407,361,FUSE0,429911.7104,429911.7104,430833.8104,922.1,922.1,271.3,0.29422,1,p:2.1.2.1.2.2
E408,361,FUSE0,429955.5104,429955.5104,430709.8104,754.3,754.3,271.3,0.359671,1,p:1.1.4.1.2.2
E409,361,FUSE1,430031.5104,430031.5104,430717.0104,685.5,685.5,333.3,0.486214,1,p:2.1.1.1.2.2
E410,361,FUSE1,430134.3104,430134.3104,431036.6104,902.3,902.3,333.3,0.369389,1,p:1.1.3.1.2.2
E411,361,FUSE1,430150.7104,430150.7104,430951.0104,800.3,800.3,333.3,0.416469,1,p:2.1.5.1.2.2
E412,361,FUSE1,430155.3104,430155.3104,431139.4104,984.1,984.1,333.3,0.338685,1,p:1.2.2.1.2.2
E413,361,FUSE1,430199.1104,430199.1104,431015.4104,816.3,816.3,333.3,0.408306,1,p:2.1.4.1.2.2
E414,361,FUSE1,430275.1104,430275.1104,431022.6104,747.5,747.5,333.3,0.445886,1,p:1.1.1.1.2.2
E415,361,FUSE1,430377.9104,430377.9104,431342.2104,964.3,964.3,333.3,0.345639,1,p:2.1.3.1.2.2
E416,361,FUSE1,430415.5104,430415.5104,431256.6104,841.1,841.1,333.3,0.396267,1,p:1.1.5.1.2.2
E417,361,FUSE1,430442.7104,430442.7104,431445.0104,1002.3,1002.3,333.3,0.332535,1,p:2.1.2.1.2.2
E418,361,FUSE2,430497.5104,430497.5104,431353.4104,855.9,855.9,365.7,0.42727,1,p:1.1.4.1.2.2
E419,361,FUSE2,430518.7104,430518.7104,431360.6104,841.9,841.9,365.7,0.434375,1,p:2.1.1.1.2.2
E420,361,FUSE2,430621.5104,430621.5104,431680.2104,1058.7,1058.7,365.7,0.345424,1,p:1.1.3.1.2.2
E421,361,FUSE2,430667.1104,430667.1104,431594.6104,927.5,927.5,365.7,0.394286,1,p:2.1.5.1.2.2
E422,361,FUSE2,430741.1104,430741.1104,431783.0104,1041.9,1041.9,365.7,0.350993,1,p:1.1.2.1.2.2
E423,361,FUSE2,430748.3104,430748.3104,431698.6104,950.3,950.3,365.7,0.384826,1,p:2.1.1.1.2.2
E424,361,FUSE2,430762.3104,430762.3104,431691.4104,929.1,929.1,365.7,0.393607,1,p:1.1.4.1.2.2
E425,361,FUSE2,430865.1104,430865.1104,432018.2104,1153.1,1153.1,365.7,0.317145,1,p:2.1.3.1.2.2
E426,361,FUSE2,430982.3104,430982.3104,431932.6104,950.3,950.3,365.7,0.384826,1,p:1.1.5.1.2.2
U6707,268,FUSE0,431046.7104,431046.7104,432026.6104,979.9,979.9,271.3,0.276865,1,p:2.1.2.1.2.2
U6708,268,FUSE0,431053.9104,431053.9104,432261.8104,1207.9,1207.9,271.3,0.224605,1,p:1.1.3.1.2.2
U6709,268,FUSE1,431067.9104,431067.9104,432238.2104,1170.3,1170.3,333.3,0.284799,1,p:2.1.5.1.2.2
U6710,268,FUSE1,431170.7104,431170.7104,431997.0104,826.3,826.3,333.3,0.403364,1,p:1.1.4.1.2.2
U6711,268,FUSE1,431287.9104,431287.9104,432004.2104,716.3,716.3,333.3,0.465308,1,p:2.1.1.1.2.2
U6712,268,FUSE1,431373.5104,431373.5104,432332.2104,958.7,958.7,333.3,0.347658,1,p:1.1.2.1.2.2
U6713,268,FUSE1,431384.7104,431384.7104,432567.4104,1182.7,1182.7,333.3,0.281813,1,p:2.1.3.1.2.2
U6714,268,FUSE1,431391.9104,431391.9104,432543.8104,1151.9,1151.9,333.3,0.289348,1,p:1.1.5.1.2.2
U6715,268,FUSE1,431476.3104,431476.3104,432309.8104,833.5,833.5,333.3,0.39988,1,p:2.1.1.1.2.2
U6716,268,FUSE1,431625.9104,431625.9104,432366.2104,740.3,740.3,333.3,0.450223,1,p:1.1.4.1.2.2
U6717,268,FUSE1,431711.5104,431711.5104,432637.8104,926.3,926.3,333.3,0.359819,1,p:2.1.2.1.2.2
U6718,268,FUSE2,431722.7104,431722.7104,432905.4104,1182.7,1182.7,365.7,0.309208,1,p:1.1.3.1.2.2
U6719,268,FUSE2,431729.9104,431729.9104,432881.8104,1151.9,1151.9,365.7,0.317475,1,p:2.1.5.1.2.2
U6720,268,FUSE2,431814.3104,431814.3104,432704.2104,889.9,889.9,365.7,0.410945,1,p:1.1.4.1.2.2
U6721,268,FUSE2,431963.9104,431963.9104,432647.8104,683.9,683.9,365.7,0.534727,1,p:2.1.1.1.2.2
U6722,268,FUSE2,432028.3104,432028.3104,432975.8104,947.5,947.5,365.7,0.385963,1,p:1.1.2.1.2.2
U6723,268,FUSE2,432035.5104,432035.5104,433243.4104,1207.9,1207.9,365.7,0.302757,1,p:2.1.3.1.2.2
U6724,268,FUSE2,432049.5104,432049.5104,433219.8104,1170.3,1170.3,365.7,0.312484,1,p:1.1.5.1.2.2
U6725,268,FUSE2,432057.9104,432057.9104,432985.8104,927.9,927.9,365.7,0.394116,1,p:2.1.1.1.2.2
U6726,268,FUSE2,432269.5104,432269.5104,433042.2104,772.7,772.7,365.7,0.473276,1,p:1.1.4.1.2.2
U6727,268,FUSE2,432293.1104,432293.1104,433313.8104,1020.7,1020.7,365.7,0.358284,1,p:2.1.2.1.2.2
U6072,243,FUSE0,432341.1104,432341.1104,433487.0104,1145.9,1145.9,271.3,0.236757,1,p:1.1.3.1.2.2
U6073,243,FUSE0,432363.5104,432363.5104,433463.4104,1099.9,1099.9,271.3,0.246659,1,p:2.1.5.1.2.2
U6074,243,FUSE0,432397.5104,432397.5104,433285.8104,888.3,888.3,271.3,0.305415,1,p:1.1.4.1.2.2
U6075,243,FUSE0,432575.1104,432575.1104,433229.4104,654.3,654.3,271.3,0.414642,1,p:2.1.1.1.2.2
U6076,243,FUSE0,432598.7104,432598.7104,433730.6104,1131.9,1131.9,271.3,0.239685,1,p:1.1.3.1.2.2
U6077,243,FUSE0,432669.1104,432669.1104,433557.4104,888.3,888.3,271.3,0.305415,1,p:2.1.2.1.2.2
U6078,243,FUSE0,432679.1104,432679.1104,433707.0104,1027.9,1027.9,271.3,0.263936,1,p:1.1.5.1.2.2
U6079,243,FUSE0,432735.5104,432735.5104,433473.0104,737.5,737.5,271.3,0.367864,1,p:2.1.1.1.2.2
U6080,243,FUSE0,432913.1104,432913.1104,433591.4104,678.3,678.3,271.3,0.399971,1,p:1.1.4.1.2.2
U6081,243,FUSE1,432936.7104,432936.7104,434036.2104,1099.5,1099.5,333.3,0.303138,1,p:2.1.3.1.2.2
U6082,243,FUSE1,433007.1104,433007.1104,433863.0104,855.9,855.9,333.3,0.389415,1,p:1.1.2.1.2.2
U6083,243,FUSE1,433017.1104,433017.1104,434012.6104,995.5,995.5,333.3,0.334807,1,p:2.1.5.1.2.2
U6084,243,FUSE1,433073.5104,433073.5104,433897.0104,823.5,823.5,333.3,0.404736,1,p:1.1.4.1.2.2
U6085,243,FUSE1,433251.1104,433251.1104,433891.4104,640.3,640.3,333.3,0.520537,1,p:2.1.1.1.2.2
U6086,243,FUSE1,433260.7104,433260.7104,434341.8104,1081.1,1081.1,333.3,0.308297,1,p:1.1.3.1.2.2
U6087,243,FUSE1,433274.7104,433274.7104,434168.6104,893.9,893.9,333.3,0.37286,1,p:2.1.2.1.2.2
U6088,243,FUSE1,433317.1104,433317.1104,434318.2104,1001.1,1001.1,333.3,0.332934,1,p:1.1.5.1.2.2
U6089,243,FUSE1,433345.1104,433345.1104,434197.0104,851.9,851.9,333.3,0.391243,1,p:2.1.1.1.2.2
U6090,243,FUSE2,433494.7104,433494.7104,434267.4104,772.7,772.7,365.7,0.473276,1,p:1.1.4.1.2.2
U6091,243,FUSE2,433504.3104,433504.3104,434679.8104,1175.5,1175.5,365.7,0.311102,1,p:2.1.3.1.2.2
U6092,243,FUSE2,433518.3104,433518.3104,434506.6104,988.3,988.3,365.7,0.370029,1,p:1.1.2.1.2.2
U6093,243,FUSE2,433588.7104,433588.7104,434656.2104,1067.5,1067.5,365.7,0.342576,1,p:2.1.5.1.2.2
U6094,243,FUSE2,433622.7104,433622.7104,434605.4104,982.7,982.7,365.7,0.372138,1,p:1.1.4.1.2.2
U6095,243,FUSE2,433738.3104,433738.3104,434535.0104,796.7,796.7,365.7,0.459018,1,p:2.1.1.1.2.2
U6096,243,FUSE2,433761.9104,433761.9104,435017.8104,1255.9,1255.9,365.7,0.291186,1,p:1.1.3.1.2.2
U6097,243,FUSE2,433894.3104,433894.3104,434844.6104,950.3,950.3,365.7,0.384826,1,p:2.1.2.2.2.2
U6098,243,FUSE2,433922.7104,433922.7104,434994.2104,1071.5,1071.5,365.7,0.341297,1,p:1.1.5.1.2.2
U2404,97,FUSE0,433928.3104,433928.3104,434778.6104,850.3,850.3,271.3,0.319064,1,p:2.1.1.2.2.2
U2405,97,FUSE0,434043.9104,434043.9104,434849.2104,805.3,805.3,271.3,0.336893,1,p:1.1.4.1.2.2
U2406,97,FUSE0,434067.5104,434067.5104,435261.4104,1193.9,1193.9,271.3,0.227238,1,p:2.1.3.1.2.2
U2407,97,FUSE0,434199.9104,434199.9104,435092.8104,892.9,892.9,271.3,0.303841,1,p:1.1.4.1.2.2
U2408,97,FUSE0,434228.3104,434228.3104,435088.2104,859.9,859.9,271.3,0.315502,1,p:2.1.2.2.2.2
U2409,97,FUSE0,434298.7104,434298.7104,435237.8104,939.1,939.1,271.3,0.288894,1,p:1.1.5.1.2.2
U2410,97,FUSE0,434349.5104,434349.5104,435022.4104,672.9,672.9,271.3,0.40318,1,p:2.1.1.2.2.2
U2411,97,FUSE0,434373.1104,434373.1104,435505.0104,1131.9,1131.9,271.3,0.239685,1,p:1.2.3.1.2.2
U2412,97,FUSE1,434537.9104,434537.9104,435398.4104,860.5,860.5,333.3,0.387333,1,p:2.1.4.1.2.2
U2413,97,FUSE1,434566.3104,434566.3104,435393.8104,827.5,827.5,333.3,0.402779,1,p:1.1.2.2.2.2
U2414,97,FUSE1,434636.7104,434636.7104,435327.8104,691.1,691.1,333.3,0.482275,1,p:2.1.1.2.2.2
U2415,97,FUSE1,434687.5104,434687.5104,435543.4104,855.9,855.9,333.3,0.389415,1,p:1.1.5.1.2.2
U2416,97,FUSE1,434711.1104,434711.1104,435810.6104,1099.5,1099.5,333.3,0.303138,1,p:2.1.3.1.2.2
U2417,97,FUSE1,434809.9104,434809.9104,435707.4104,897.5,897.5,333.3,0.371365,1,p:1.1.4.1.2.2
U2418,97,FUSE1,434875.9104,434875.9104,435702.8104,826.9,826.9,333.3,0.403072,1,p:2.1.2.2.2.2
U2419,97,FUSE1,434880.5104,434880.5104,435849.0104,968.5,968.5,333.3,0.34414,1,p:1.1.5.1.2.2
U2420,97,FUSE2,435025.5104,435025.5104,435698.2104,672.7,672.7,365.7,0.54363,1,p:2.1.1.2.2.2
U2421,97,FUSE2,435049.1104,435049.1104,436148.6104,1099.5,1099.5,365.7,0.332606,1,p:1.1.3.1.2.2
U2422,97,FUSE2,435053.7104,435053.7104,436045.4104,991.7,991.7,365.7,0.368761,1,p:2.1.4.1.2.2
U2423,97,FUSE2,435119.5104,435119.5104,436040.8104,921.3,921.3,365.7,0.396939,1,p:1.1.2.2.2.2
U2424,97,FUSE2,435124.1104,435124.1104,436187.0104,1062.9,1062.9,365.7,0.344059,1,p:2.1.5.1.2.2
U2425,97,FUSE2,435269.1104,435269.1104,436036.2104,767.1,767.1,365.7,0.476731,1,p:1.2.1.2.2.2
U2426,97,FUSE2,435292.7104,435292.7104,436486.6104,1193.9,1193.9,365.7,0.306307,1,p:2.1.3.1.2.2
U5479,219,FUSE0,435359.1104,435359.1104,436289.0104,929.9,929.9,271.3,0.291752,1,p:1.1.4.1.2.2
U5480,219,FUSE0,435425.1104,435425.1104,436284.4104,859.3,859.3,271.3,0.315722,1,p:2.1.2.2.2.2
U5481,219,FUSE0,435429.7104,435429.7104,436430.6104,1000.9,1000.9,271.3,0.271056,1,p:1.1.5.1.2.2
U5482,219,FUSE0,435536.3104,435536.3104,436279.8104,743.5,743.5,271.3,0.364896,1,p:2.1.1.2.2.2
U5483,219,FUSE0,435574.7104,435574.7104,436730.2104,1155.5,1155.5,271.3,0.23479,1,p:1.1.3.1.2.2
U5484,219,FUSE0,435729.5104,435729.5104,436532.6104,803.1,803.1,271.3,0.337816,1,p:2.1.4.1.2.2
U5485,219,FUSE0,435734.1104,435734.1104,436528.0104,793.9,793.9,271.3,0.341731,1,p:1.1.2.2.2.2
U5486,219,FUSE0,435738.7104,435738.7104,436674.2104,935.5,935.5,271.3,0.290005,1,p:2.1.5.1.2.2
U5487,219,FUSE0,435841.9104,435841.9104,436523.4104,681.5,681.5,271.3,0.398092,1,p:1.1.1.2.2.2
U5488,219,FUSE1,435880.3104,435880.3104,437035.8104,1155.5,1155.5,333.3,0.288447,1,p:2.1.3.1.2.2
U5489,219,FUSE1,436067.5104,436067.5104,436838.2104,770.7,770.7,333.3,0.432464,1,p:1.1.4.1.2.2
U5490,219,FUSE1,436072.1104,436072.1104,436833.6104,761.5,761.5,333.3,0.437689,1,p:2.1.2.2.2.2
U5491,219,FUSE1,436076.7104,436076.7104,436979.8104,903.1,903.1,333.3,0.369062,1,p:1.1.5.1.2.2
U5492,219,FUSE1,436179.9104,436179.9104,436829.0104,649.1,649.1,333.3,0.51348,1,p:2.1.1.2.2.2
U5493,219,FUSE1,436218.3104,436218.3104,437341.4104,1123.1,1123.1,333.3,0.296768,1,p:1.1.3.1.2.2
U5494,219,FUSE1,436311.1104,436311.1104,437140.4104,829.3,829.3,333.3,0.401905,1,p:2.1.4.1.2.2
U5495,219,FUSE1,436315.7104,436315.7104,437135.8104,820.1,820.1,333.3,0.406414,1,p:1.2.2.2.2.2
U5496,219,FUSE2,436320.3104,436320.3104,437317.8104,997.5,997.5,365.7,0.366617,1,p:2.1.5.1.2.2
U5497,219,FUSE2,436461.9104,436461.9104,437167.0104,705.1,705.1,365.7,0.51865,1,p:1.1.1.2.2.2
U5498,219,FUSE2,436517.9104,436517.9104,437679.4104,1161.5,1161.5,365.7,0.314851,1,p:2.1.3.1.2.2
U5499,219,FUSE2,436554.7104,436554.7104,437478.4104,923.7,923.7,365.7,0.395908,1,p:1.1.4.1.2.2
U5500,219,FUSE2,436559.3104,436559.3104,437473.8104,914.5,914.5,365.7,0.399891,1,p:2.1.2.2.2.2
U5501,219,FUSE2,436563.9104,436563.9104,437655.8104,1091.9,1091.9,365.7,0.334921,1,p:1.1.5.1.2.2
U5502,219,FUSE2,436705.5104,436705.5104,437505.0104,799.5,799.5,365.7,0.457411,1,p:2.1.1.2.2.2
U5503,219,FUSE2,436761.5104,436761.5104,438017.4104,1255.9,1255.9,365.7,0.291186,1,p:1.1.3.1.2.2
U5504,219,FUSE2,436860.3104,436860.3104,437816.2104,955.9,955.9,365.7,0.382571,1,p:2.1.4.1.2.2
U308,13,FUSE0,436864.9104,436864.9104,437717.4104,852.5,852.5,271.3,0.31824,1,p:1.2.2.1.2.2
U309,13,FUSE0,436869.5104,436869.5104,437899.4104,1029.9,1029.9,271.3,0.263424,1,p:2.1.5.1.2.2
U310,13,FUSE0,437011.1104,437011.1104,437748.6104,737.5,737.5,271.3,0.367864,1,p:1.1.1.2.2.2
U311,13,FUSE0,437067.1104,437067.1104,437961.0104,893.9,893.9,271.3,0.303502,1,p:2.1.2.1.2.2
U312,13,FUSE0,437167.1104,437167.1104,438261.0104,1093.9,1093.9,271.3,0.248012,1,p:1.1.3.1.2.2
U313,13,FUSE0,437171.7104,437171.7104,438143.0104,971.3,971.3,271.3,0.279316,1,p:2.1.5.1.2.2
U314,13,FUSE0,437198.3104,437198.3104,438059.8104,861.5,861.5,271.3,0.314916,1,p:1.1.4.1.2.2
U315,13,FUSE0,437349.1104,437349.1104,437992.2104,643.1,643.1,271.3,0.421863,1,p:2.1.1.2.2.2
U316,13,FUSE1,437372.7104,437372.7104,438266.6104,893.9,893.9,333.3,0.37286,1,p:1.1.2.1.2.2
U317,13,FUSE1,437505.1104,437505.1104,438566.6104,1061.5,1061.5,333.3,0.31399,1,p:2.1.3.1.2.2
U318,13,FUSE1,437509.7104,437509.7104,438448.6104,938.9,938.9,333.3,0.35499,1,p:1.2.5.1.2.2
U319,13,FUSE1,437536.3104,437536.3104,438365.4104,829.1,829.1,333.3,0.402002,1,p:2.1.4.1.2.2
U320,13,FUSE1,437687.1104,437687.1104,438307.4104,620.3,620.3,333.3,0.537321,1,p:1.1.1.2.2.2
U321,13,FUSE1,437710.7104,437710.7104,438572.2104,861.5,861.5,333.3,0.386883,1,p:2.1.2.1.2.2
U322,13,FUSE1,437748.7104,437748.7104,438872.2104,1123.5,1123.5,333.3,0.296662,1,p:1.1.3.1.2.2
U323,13,FUSE2,437779.9104,437779.9104,438786.6104,1006.7,1006.7,365.7,0.363266,1,p:2.1.5.1.2.2
U324,13,FUSE2,437847.5104,437847.5104,438703.4104,855.9,855.9,365.7,0.42727,1,p:1.2.4.1.2.2
U325,13,FUSE2,437930.7104,437930.7104,438910.2104,979.5,979.5,365.7,0.373354,1,p:2.1.2.1.2.2
U326,13,FUSE2,437992.3104,437992.3104,438645.4104,653.1,653.1,365.7,0.559945,1,p:1.1.1.2.2.2
U327,13,FUSE2,438023.5104,438023.5104,439210.2104,1186.7,1186.7,365.7,0.308166,1,p:2.1.3.1.2.2
U328,13,FUSE2,438048.7104,438048.7104,439124.6104,1075.9,1075.9,365.7,0.339901,1,p:1.1.5.1.2.2
U329,13,FUSE2,438091.1104,438091.1104,439041.4104,950.3,950.3,365.7,0.384826,1,p:2.1.4.1.2.2
U330,13,FUSE2,438174.3104,438174.3104,438983.4104,809.1,809.1,365.7,0.451984,1,p:1.1.1.2.2.2
U3187,128,FUSE0,438292.3104,438292.3104,439153.8104,861.5,861.5,271.3,0.314916,1,p:2.1.2.1.2.2
U3188,128,FUSE0,438297.9104,438297.9104,439453.8104,1155.9,1155.9,271.3,0.234709,1,p:1.1.3.1.2.2
U3189,128,FUSE0,438338.7104,438338.7104,439368.2104,1029.5,1029.5,271.3,0.263526,1,p:2.1.5.1.2.2
U3190,128,FUSE0,438396.7104,438396.7104,439285.0104,888.3,888.3,271.3,0.305415,1,p:1.2.4.1.2.2
U3191,128,FUSE0,438479.9104,438479.9104,439397.4104,917.5,917.5,271.3,0.295695,1,p:2.1.2.1.2.2
U3192,128,FUSE0,438597.9104,438597.9104,439227.0104,629.1,629.1,271.3,0.431251,1,p:1.1.1.2.2.2
U3193,128,FUSE0,438603.5104,438603.5104,439697.4104,1093.9,1093.9,271.3,0.248012,1,p:2.1.3.1.2.2
U3194,128,FUSE0,438676.7104,438676.7104,439611.8104,935.1,935.1,271.3,0.290129,1,p:1.1.5.1.2.2
U3195,128,FUSE1,438734.7104,438734.7104,439590.6104,855.9,855.9,333.3,0.389415,1,p:2.1.4.1.2.2
U3196,128,FUSE1,438817.9104,438817.9104,439532.6104,714.7,714.7,333.3,0.46635,1,p:1.1.1.2.2.2
U3197,128,FUSE1,438903.5104,438903.5104,439703.0104,799.5,799.5,333.3,0.416886,1,p:2.1.2.1.2.2
U3198,128,FUSE1,438941.5104,438941.5104,440003.0104,1061.5,1061.5,333.3,0.31399,1,p:1.1.3.1.2.2
U3199,128,FUSE1,439014.7104,439014.7104,439917.4104,902.7,902.7,333.3,0.369226,1,p:2.1.5.1.2.2
U3200,128,FUSE1,439072.7104,439072.7104,439896.2104,823.5,823.5,333.3,0.404736,1,p:1.1.4.1.2.2
U3201,128,FUSE1,439155.9104,439155.9104,440008.6104,852.7,852.7,333.3,0.390876,1,p:2.1.2.1.2.2
U3202,128,FUSE1,439185.1104,439185.1104,439838.2104,653.1,653.1,333.3,0.510335,1,p:1.1.1.2.2.2
U3203,128,FUSE2,439241.5104,439241.5104,440341.0104,1099.5,1099.5,365.7,0.332606,1,p:2.1.3.1.2.2
U3204,128,FUSE2,439258.3104,439258.3104,440255.4104,997.1,997.1,365.7,0.366764,1,p:1.1.5.1.2.2
U3205,128,FUSE2,439316.3104,439316.3104,440234.2104,917.9,917.9,365.7,0.398409,1,p:2.1.4.1.2.2
U3206,128,FUSE2,439399.5104,439399.5104,440176.2104,776.7,776.7,365.7,0.470838,1,p:1.1.1.2.2.2
U3207,128,FUSE2,439428.7104,439428.7104,440346.6104,917.9,917.9,365.7,0.398409,1,p:2.1.2.1.2.2
U3208,128,FUSE2,439485.1104,439485.1104,440679.0104,1193.9,1193.9,365.7,0.306307,1,p:1.1.3.1.2.2
U3209,128,FUSE2,439563.9104,439563.9104,440594.8104,1030.9,1030.9,365.7,0.354739,1,p:2.1.5.1.2.2
U3210,128,FUSE2,439621.9104,439621.9104,440572.2104,950.3,950.3,365.7,0.384826,1,p:1.1.4.1.2.2
U8198,328,FUSE0,439643.1104,439643.1104,440419.8104,776.7,776.7,271.3,0.349298,1,p:2.1.1.2.2.2
U8199,328,FUSE0,439728.7104,439728.7104,440590.2104,861.5,861.5,271.3,0.314916,1,p:1.1.2.1.2.2
U8200,328,FUSE0,439734.3104,439734.3104,440922.6104,1188.3,1188.3,271.3,0.228309,1,p:2.1.3.1.2.2
U8201,328,FUSE0,439869.5104,439869.5104,440838.4104,968.9,968.9,271.3,0.280008,1,p:1.1.5.1.2.2
U8202,328,FUSE0,439927.5104,439927.5104,440663.4104,735.9,735.9,271.3,0.368664,1,p:2.1.1.2.2.2
U8203,328,FUSE0,439948.7104,439948.7104,440815.8104,867.1,867.1,271.3,0.312882,1,p:1.1.4.1.2.2
U8204,328,FUSE0,440034.3104,440034.3104,440833.8104,799.5,799.5,271.3,0.339337,1,p:2.1.2.1.2.2
U8205,328,FUSE0,440039.9104,440039.9104,441166.2104,1126.3,1126.3,271.3,0.240877,1,p:1.1.3.1.2.2
U8206,328,FUSE0,440207.5104,440207.5104,441080.6104,873.1,873.1,271.3,0.310732,1,p:2.1.5.1.2.2
U8207,328,FUSE1,440265.5104,440265.5104,440969.0104,703.5,703.5,333.3,0.473774,1,p:1.1.1.1.2.2
U8208,328,FUSE1,440286.7104,440286.7104,441121.4104,834.7,834.7,333.3,0.399305,1,p:2.1.4.1.2.2
U8209,328,FUSE1,440372.3104,440372.3104,441139.4104,767.1,767.1,333.3,0.434494,1,p:1.1.2.1.2.2
U8210,328,FUSE1,440377.9104,440377.9104,441471.8104,1093.9,1093.9,333.3,0.30469,1,p:2.1.3.1.2.2
U8211,328,FUSE1,440451.1104,440451.1104,441386.2104,935.1,935.1,333.3,0.356432,1,p:1.1.5.1.2.2
U8212,328,FUSE1,440603.5104,440603.5104,441274.6104,671.1,671.1,333.3,0.496647,1,p:2.1.1.1.2.2
U8213,328,FUSE1,440621.5104,440621.5104,441427.0104,805.5,805.5,333.3,0.41378,1,p:1.1.4.1.2.2
U8214,328,FUSE1,440626.1104,440626.1104,441445.0104,818.9,818.9,333.3,0.407009,1,p:2.1.2.1.2.2
U8215,328,FUSE1,440694.7104,440694.7104,441777.4104,1082.7,1082.7,333.3,0.307842,1,p:1.2.3.1.2.2
U8216,328,FUSE2,440710.3104,440710.3104,441724.2104,1013.9,1013.9,365.7,0.360686,1,p:2.1.5.1.2.2
U8217,328,FUSE2,440847.1104,440847.1104,441612.6104,765.5,765.5,365.7,0.477727,1,p:1.2.1.1.2.2
U8218,328,FUSE2,440865.1104,440865.1104,441765.0104,899.9,899.9,365.7,0.406378,1,p:2.1.4.1.2.2
U8219,328,FUSE2,440869.7104,440869.7104,441783.0104,913.3,913.3,365.7,0.400416,1,p:1.1.2.1.2.2
U8220,328,FUSE2,440953.9104,440953.9104,442115.4104,1161.5,1161.5,365.7,0.314851,1,p:2.1.3.1.2.2
U8221,328,FUSE2,441000.3104,441000.3104,442062.2104,1061.9,1061.9,365.7,0.344383,1,p:1.1.5.1.2.2
U8222,328,FUSE2,441111.9104,441111.9104,442103.0104,991.1,991.1,365.7,0.368984,1,p:2.1.4.1.2.2
U8223,328,FUSE2,441152.7104,441152.7104,441950.6104,797.9,797.9,365.7,0.458328,1,p:1.1.1.1.2.2
U8224,328,FUSE2,441170.7104,441170.7104,442121.0104,950.3,950.3,365.7,0.384826,1,p:2.1.2.1.2.2
U8225,328,FUSE2,441197.5104,441197.5104,442453.4104,1255.9,1255.9,365.7,0.291186,1,p:1.2.3.2.2.2
U5804,232,FUSE0,441305.9104,441305.9104,442305.8104,999.9,999.9,271.3,0.271327,1,p:2.1.5.1.2.2
U5805,232,FUSE0,441417.5104,441417.5104,442194.2104,776.7,776.7,271.3,0.349298,1,p:1.1.1.1.2.2
U5806,232,FUSE0,441458.3104,441458.3104,442346.6104,888.3,888.3,271.3,0.305415,1,p:2.1.4.1.2.2
U5807,232,FUSE0,441476.3104,441476.3104,442364.6104,888.3,888.3,271.3,0.305415,1,p:1.1.2.1.2.2
U5808,232,FUSE0,441503.1104,441503.1104,442549.4104,1046.3,1046.3,271.3,0.259295,1,p:2.1.5.1.2.2
E427,354,FUSE0,441643.9104,441643.9104,442437.8104,793.9,793.9,271.3,0.341731,1,p:1.1.1.1.2.2
E428,354,FUSE0,441755.5104,441755.5104,442608.2104,852.7,852.7,271.3,0.318166,1,p:2.1.2.1.2.2
E429,354,FUSE0,441796.3104,441796.3104,442697.0104,900.7,900.7,271.3,0.30121,1,p:1.1.3.1.2.2
E430,354,FUSE0,441808.7104,441808.7104,442681.4104,872.7,872.7,271.3,0.310874,1,p:2.1.1.1.2.2
E431,354,FUSE0,441814.3104,441814.3104,442793.0104,978.7,978.7,271.3,0.277204,1,p:1.2.5.1.2.2
E432,354,FUSE0,441981.9104,441981.9104,442851.8104,869.9,869.9,271.3,0.311875,1,p:2.1.2.1.2.2
E433,354,FUSE0,442093.5104,442093.5104,442925.0104,831.5,831.5,271.3,0.326278,1,p:1.1.1.1.2.2
E434,354,FUSE0,442134.3104,442134.3104,443036.6104,902.3,902.3,271.3,0.300676,1,p:2.1.5.1.2.2
E435,354,FUSE0,442146.7104,442146.7104,442825.0104,678.3,678.3,271.3,0.399971,1,p:1.1.4.1.2.2
E436,354,FUSE0,442152.3104,442152.3104,443095.4104,943.1,943.1,271.3,0.287668,1,p:2.1.2.2.2.2
E437,354,FUSE0,442225.5104,442225.5104,442940.6104,715.1,715.1,271.3,0.379387,1,p:1.1.3.1.2.2
E438,354,FUSE0,442337.1104,442337.1104,443168.6104,831.5,831.5,271.3,0.326278,1,p:2.1.1.1.2.2
E439,354,FUSE1,442377.9104,442377.9104,443130.6104,752.7,752.7,333.3,0.442806,1,p:1.1.4.1.2.2
E440,354,FUSE1,442395.9104,442395.9104,443342.2104,946.3,946.3,333.3,0.352214,1,p:2.1.5.1.2.2
E441,354,FUSE1,442469.1104,442469.1104,443401.0104,931.9,931.9,333.3,0.357656,1,p:1.1.2.1.2.2
E442,354,FUSE1,442484.7104,442484.7104,443706.6104,1221.9,1221.9,333.3,0.272772,1,p:2.1.2.1.2.2
E443,354,FUSE1,442580.7104,442580.7104,443474.2104,893.5,893.5,333.3,0.373027,1,p:1.1.1.1.2.2
E444,354,FUSE1,442639.5104,442639.5104,443359.8104,720.3,720.3,333.3,0.462724,1,p:2.1.3.1.2.2
E445,354,FUSE1,442712.7104,442712.7104,443453.0104,740.3,740.3,333.3,0.450223,1,p:1.1.4.1.2.2
E446,354,FUSE1,442728.3104,442728.3104,444012.2104,1283.9,1283.9,333.3,0.2596,1,p:2.1.2.1.2.2
E447,354,FUSE1,442824.3104,442824.3104,443779.8104,955.5,955.5,333.3,0.348823,1,p:1.1.1.1.2.2
E448,354,FUSE2,442856.3104,442856.3104,443689.0104,832.7,832.7,365.7,0.439174,1,p:2.1.5.1.2.2
E449,354,FUSE2,442883.1104,442883.1104,443697.8104,814.7,814.7,365.7,0.448877,1,p:1.1.3.1.2.2
E450,354,FUSE2,442956.3104,442956.3104,444350.2104,1393.9,1393.9,365.7,0.262357,1,p:2.1.2.2.2.2
E451,354,FUSE2,442971.9104,442971.9104,443791.0104,819.1,819.1,365.7,0.446466,1,p:1.1.4.1.2.2
E452,354,FUSE2,443067.9104,443067.9104,444117.8104,1049.9,1049.9,365.7,0.348319,1,p:2.1.1.1.2.2
E453,354,FUSE2,443126.7104,443126.7104,444027.0104,900.3,900.3,365.7,0.406198,1,p:1.1.5.1.2.2
E454,354,FUSE2,443161.9104,443161.9104,444035.8104,873.9,873.9,365.7,0.418469,1,p:2.1.3.1.2.2
E455,354,FUSE2,443199.9104,443199.9104,444129.0104,929.1,929.1,365.7,0.393607,1,p:1.1.4.1.2.2
E456,354,FUSE2,443373.5104,443373.5104,444455.8104,1082.3,1082.3,365.7,0.337892,1,p:2.1.1.2.2.2
E457,354,FUSE2,443391.1104,443391.1104,444688.2104,1297.1,1297.1,365.7,0.281937,1,p:1.1.2.2.2.2
E458,353,FUSE0,443432.3104,443432.3104,446190.6023,2758.2919,2758.2919,271.3,0.098358,1,p:2.1.5.1.2.2
E459,353,FUSE0,443484.3104,443484.3104,446195.2023,2710.8919,2710.8919,271.3,0.100078,1,p:1.1.3.1.2.2
E460,353,FUSE0,443505.5104,443505.5104,444372.6104,867.1,867.1,271.3,0.312882,1,p:2.1.4.2.2.2
E461,353,FUSE0,443720.3104,443720.3104,444514.2104,793.9,793.9,271.3,0.341731,1,p:1.1.5.2.2.2
E462,353,FUSE0,443729.1104,443729.1104,444699.4104,970.3,970.3,271.3,0.279604,1,p:2.1.1.2.2.2
E463,353,FUSE0,443737.9104,443737.9104,444523.0104,785.1,785.1,271.3,0.345561,1,p:1.2.3.2.2.2
E464,353,FUSE0,443811.1104,443811.1104,444931.8104,1120.7,1120.7,271.3,0.242081,1,p:2.1.2.2.2.2
E465,353,FUSE0,443822.3104,443822.3104,444616.2104,793.9,793.9,271.3,0.341731,1,p:1.1.4.2.2.2
E466,353,FUSE0,444043.5104,444043.5104,444943.0104,899.5,899.5,271.3,0.301612,1,p:2.1.1.2.2.2
E467,353,FUSE0,444058.3104,444058.3104,444776.6104,718.3,718.3,271.3,0.377697,1,p:1.1.5.2.2.2
E468,353,FUSE1,444067.1104,444067.1104,444828.6104,761.5,761.5,333.3,0.437689,1,p:1.1.3.2.2.2
E469,353,FUSE1,444149.1104,444149.1104,445237.4104,1088.3,1088.3,333.3,0.306257,1,p:2.1.2.2.2.2
E470,353,FUSE1,444160.3104,444160.3104,444921.8104,761.5,761.5,333.3,0.437689,1,p:1.1.4.2.2.2
E471,353,FUSE1,444381.5104,444381.5104,445252.0104,870.5,870.5,333.3,0.382883,1,p:2.1.1.2.2.2
E472,353,FUSE1,444403.9104,444403.9104,445134.2104,730.3,730.3,333.3,0.456388,1,p:1.1.3.2.2.2
E473,353,FUSE1,444487.1104,444487.1104,445247.4104,760.3,760.3,333.3,0.43838,1,p:2.1.4.2.2.2
E474,353,FUSE1,444545.5104,444545.5104,445325.8104,780.3,780.3,333.3,0.427143,1,p:1.1.5.2.2.2
E475,353,FUSE1,444554.3104,444554.3104,445543.0104,988.7,988.7,333.3,0.337109,1,p:2.1.2.2.2.2
E476,353,FUSE2,444647.5104,444647.5104,445590.0104,942.5,942.5,365.7,0.388011,1,p:1.1.1.2.2.2
E477,353,FUSE2,444719.5104,444719.5104,445585.4104,865.9,865.9,365.7,0.422335,1,p:2.1.4.2.2.2
E478,353,FUSE2,444730.7104,444730.7104,445472.2104,741.5,741.5,365.7,0.493189,1,p:1.1.3.2.2.2
E479,353,FUSE2,444807.9104,444807.9104,445663.8104,855.9,855.9,365.7,0.42727,1,p:2.1.5.2.2.2
E480,353,FUSE2,444859.9104,444859.9104,445881.0104,1021.1,1021.1,365.7,0.358143,1,p:1.1.2.2.2.2
E481,353,FUSE2,444953.1104,444953.1104,445810.2104,857.1,857.1,365.7,0.426671,1,p:2.1.3.2.2.2
E482,353,FUSE2,444963.1104,444963.1104,445923.4104,960.3,960.3,365.7,0.380818,1,p:1.2.4.2.2.2
E483,353,FUSE2,444974.3104,444974.3104,446001.8104,1027.5,1027.5,365.7,0.355912,1,p:2.1.5.2.2.2
E484,353,FUSE2,445165.5104,445165.5104,445928.0104,762.5,762.5,365.7,0.479607,1,p:1.1.1.2.2.2
E485,353,FUSE2,445268.7104,445268.7104,446219.0104,950.3,950.3,365.7,0.384826,1,p:2.1.2.1.2.2
U5809,232,FUSE0,445278.7104,445278.7104,446053.8104,775.1,775.1,271.3,0.350019,1,p:1.1.3.2.2.2
U5810,232,FUSE0,445283.3104,445283.3104,446199.8023,916.4919,916.4919,271.3,0.29602,1,p:2.1.4.1.2.2
U5811,232,FUSE0,445357.1104,445357.1104,446204.4023,847.2919,847.2919,271.3,0.320197,1,p:1.1.1.1.2.2
U5812,232,FUSE0,445503.5104,445503.5104,446462.6104,959.1,959.1,271.3,0.282869,1,p:2.1.2.1.2.2
U5813,232,FUSE1,445574.3104,445574.3104,446394.6104,820.3,820.3,333.3,0.406315,1,p:1.2.5.1.2.2
U5814,232,FUSE1,445616.7104,445616.7104,446359.4104,742.7,742.7,333.3,0.448768,1,p:2.1.3.2.2.2
U5815,232,FUSE1,445621.3104,445621.3104,446477.2104,855.9,855.9,333.3,0.389415,1,p:1.1.1.1.2.2
U5816,232,FUSE1,445695.1104,445695.1104,446472.6104,777.5,777.5,333.3,0.428682,1,p:2.1.4.1.2.2
U5817,232,FUSE1,445841.5104,445841.5104,446768.2104,926.7,926.7,333.3,0.359663,1,p:1.1.2.1.2.2
U5818,232,FUSE1,445912.3104,445912.3104,446712.6104,800.3,800.3,333.3,0.416469,1,p:2.1.5.1.2.2
U5819,232,FUSE1,445954.7104,445954.7104,446665.0104,710.3,710.3,333.3,0.469238,1,p:1.1.3.2.2.2
U5820,232,FUSE1,445959.3104,445959.3104,446778.2104,818.9,818.9,333.3,0.407009,1,p:2.1.4.1.2.2
U5821,232,FUSE1,446033.1104,446033.1104,446782.8104,749.7,749.7,333.3,0.444578,1,p:1.1.1.1.2.2
U5822,232,FUSE2,446085.1104,446085.1104,447106.2104,1021.1,1021.1,365.7,0.358143,1,p:2.1.2.1.2.2
U5823,232,FUSE2,446221.9023,446221.9023,447074.6023,852.7,852.7,365.7,0.428873,1,p:1.2.5.1.2.2
U5824,232,FUSE2,446226.5023,446226.5023,447003.0104,776.5081,776.5081,365.7,0.470955,1,p:2.1.3.2.2.2
U5825,232,FUSE2,446231.1023,446231.1023,447120.8104,889.7081,889.7081,365.7,0.411034,1,p:1.2.1.1.2.2
U5826,232,FUSE2,446235.7023,446235.7023,447116.2104,880.5081,880.5081,365.7,0.415328,1,p:2.1.4.1.2.2
U5827,232,FUSE2,446250.3104,446250.3104,447444.2104,1193.9,1193.9,365.7,0.306307,1,p:1.1.2.1.2.2
U5828,232,FUSE2,446390.7104,446390.7104,447412.6023,1021.8919,1021.8919,365.7,0.357866,1,p:2.1.5.1.2.2
U5829,232,FUSE2,446425.9104,446425.9104,447341.0104,915.1,915.1,365.7,0.399628,1,p:1.1.3.2.2.2
U5830,232,FUSE2,446493.9104,446493.9104,447454.2104,960.3,960.3,365.7,0.380818,1,p:2.1.4.1.2.2
U4889,195,FUSE0,446503.9104,446503.9104,447361.0104,857.1,857.1,271.3,0.316532,1,p:1.1.1.1.2.2
U4890,195,FUSE0,446508.5104,446508.5104,447687.8104,1179.3,1179.3,271.3,0.230052,1,p:2.1.2.1.2.2
U4891,195,FUSE0,446696.3104,446696.3104,447604.6104,908.3,908.3,271.3,0.29869,1,p:1.2.1.1.2.2
U4892,195,FUSE0,446743.9104,446743.9104,447656.2023,912.2919,912.2919,271.3,0.297383,1,p:2.1.5.1.2.2
U4893,195,FUSE0,446799.5104,446799.5104,447584.6104,785.1,785.1,271.3,0.345561,1,p:1.2.3.2.2.2
U4894,195,FUSE0,446809.5104,446809.5104,447931.4104,1121.9,1121.9,271.3,0.241822,1,p:2.1.2.1.2.2
U4895,195,FUSE0,446814.1104,446814.1104,447697.8104,883.7,883.7,271.3,0.307005,1,p:1.1.4.1.2.2
U4896,195,FUSE0,447034.3104,447034.3104,447848.2104,813.9,813.9,271.3,0.333333,1,p:2.1.1.1.2.2
U4897,195,FUSE0,447105.9023,447105.9023,447899.8023,793.9,793.9,271.3,0.341731,1,p:1.1.5.1.2.2
U4898,195,FUSE1,447137.5104,447137.5104,448237.0104,1099.5,1099.5,333.3,0.303138,1,p:2.1.2.1.2.2
U4899,195,FUSE1,447147.5104,447147.5104,447890.2104,742.7,742.7,333.3,0.448768,1,p:1.1.3.1.2.2
U4900,195,FUSE1,447152.1104,447152.1104,448003.4104,851.3,851.3,333.3,0.391519,1,p:2.1.4.1.2.2
U4901,195,FUSE1,447372.3104,447372.3104,448153.8104,781.5,781.5,333.3,0.426488,1,p:1.1.1.1.2.2
U4902,195,FUSE1,447392.3104,447392.3104,448205.4023,813.0919,813.0919,333.3,0.409917,1,p:2.1.5.1.2.2
U4903,195,FUSE1,447443.9023,447443.9023,448195.8104,751.9081,751.9081,333.3,0.443272,1,p:1.1.3.1.2.2
U4904,195,FUSE1,447475.5104,447475.5104,448542.6104,1067.1,1067.1,333.3,0.312342,1,p:2.1.2.1.2.2
U4905,195,FUSE1,447485.5104,447485.5104,448309.0104,823.5,823.5,333.3,0.404736,1,p:1.1.4.1.2.2
U4906,195,FUSE1,447615.9104,447615.9104,448459.4104,843.5,843.5,333.3,0.395139,1,p:2.1.1.1.2.2
U4907,195,FUSE2,447635.9104,447635.9104,448547.2104,911.3,911.3,365.7,0.401295,1,p:1.1.5.1.2.2
U4908,195,FUSE2,447687.5023,447687.5023,448533.8104,846.3081,846.3081,365.7,0.432112,1,p:2.1.3.1.2.2
U4909,195,FUSE2,447719.1104,447719.1104,448880.6104,1161.5,1161.5,365.7,0.314851,1,p:1.1.2.1.2.2
U4910,195,FUSE2,447729.1104,447729.1104,448647.0104,917.9,917.9,365.7,0.398409,1,p:2.1.4.1.2.2
U4911,195,FUSE2,447879.5104,447879.5104,448797.4104,917.9,917.9,365.7,0.398409,1,p:1.1.1.1.2.2
U4912,195,FUSE2,447921.5104,447921.5104,448885.2104,963.7,963.7,365.7,0.379475,1,p:2.1.5.1.2.2
U4913,195,FUSE2,447931.1023,447931.1023,448871.8104,940.7081,940.7081,365.7,0.38875,1,p:1.1.3.1.2.2
U4914,195,FUSE2,447962.7104,447962.7104,449218.6104,1255.9,1255.9,365.7,0.291186,1,p:2.1.2.1.2.2
U5432,217,FUSE0,448034.7104,448034.7104,448890.6104,855.9,855.9,271.3,0.316976,1,p:1.1.4.1.2.2
U5433,217,FUSE0,448185.1104,448185.1104,449041.0104,855.9,855.9,271.3,0.316976,1,p:2.1.1.1.2.2
U5434,217,FUSE0,448227.1104,448227.1104,449125.0023,897.8919,897.8919,271.3,0.302152,1,p:1.1.5.1.2.2
U5435,217,FUSE0,448236.7023,448236.7023,449115.4104,878.7081,878.7081,271.3,0.308749,1,p:2.1.3.1.2.2
U5436,217,FUSE0,448268.3104,448268.3104,449134.2104,865.9,865.9,271.3,0.313316,1,p:1.1.4.1.2.2
U5437,217,FUSE0,448340.3104,448340.3104,449462.2104,1121.9,1121.9,271.3,0.241822,1,p:2.1.2.1.2.2
U5438,217,FUSE0,448490.7104,448490.7104,449284.6104,793.9,793.9,271.3,0.341731,1,p:1.1.1.1.2.2
U5439,217,FUSE0,448565.1104,448565.1104,449368.6023,803.4919,803.4919,271.3,0.337651,1,p:2.1.5.1.2.2
U5440,217,FUSE1,448573.9104,448573.9104,449421.0104,847.1,847.1,333.3,0.39346,1,p:1.1.3.1.2.2
U5441,217,FUSE1,448578.5104,448578.5104,449439.8104,861.3,861.3,333.3,0.386973,1,p:2.1.4.1.2.2
U5442,217,FUSE1,448678.3104,448678.3104,449767.8104,1089.5,1089.5,333.3,0.30592,1,p:1.1.2.1.2.2
U5443,217,FUSE1,448828.7104,448828.7104,449590.2104,761.5,761.5,333.3,0.437689,1,p:2.1.1.1.2.2
U5444,217,FUSE1,448903.1104,448903.1104,449683.4104,780.3,780.3,333.3,0.427143,1,p:1.1.5.1.2.2
U5445,217,FUSE1,448911.9104,448911.9104,449726.6104,814.7,814.7,333.3,0.409108,1,p:2.1.3.1.2.2
U5446,217,FUSE1,448916.5104,448916.5104,449745.4104,828.9,828.9,333.3,0.402099,1,p:1.1.4.1.2.2
U5447,217,FUSE1,448921.9104,448921.9104,450073.4104,1151.5,1151.5,333.3,0.289449,1,p:2.1.2.1.2.2
U5448,217,FUSE2,449072.3104,449072.3104,449928.2104,855.9,855.9,365.7,0.42727,1,p:1.1.1.1.2.2
U5449,217,FUSE2,449146.7104,449146.7104,450021.4104,874.7,874.7,365.7,0.418086,1,p:2.1.5.1.2.2
U5450,217,FUSE2,449156.3023,449156.3023,450064.6104,908.3081,908.3081,365.7,0.402617,1,p:1.1.3.1.2.2
U5451,217,FUSE2,449165.5104,449165.5104,450083.4104,917.9,917.9,365.7,0.398409,1,p:2.1.4.1.2.2
U5452,217,FUSE2,449249.9104,449249.9104,450411.4104,1161.5,1161.5,365.7,0.314851,1,p:1.1.2.1.2.2
U5453,217,FUSE2,449315.9104,449315.9104,450266.2104,950.3,950.3,365.7,0.384826,1,p:2.1.1.1.2.2
U5454,217,FUSE2,449399.9023,449399.9023,450359.4104,959.5081,959.5081,365.7,0.381133,1,p:1.2.5.1.2.2
U5455,217,FUSE2,449452.3104,449452.3104,450402.6104,950.3,950.3,365.7,0.384826,1,p:2.1.3.1.2.2
U3636,146,FUSE0,449471.1104,449471.1104,450327.0104,855.9,855.9,271.3,0.316976,1,p:1.1.4.1.2.2
U3637,146,FUSE0,449493.5104,449493.5104,450655.0104,1161.5,1161.5,271.3,0.233577,1,p:2.1.2.1.2.2
U3638,146,FUSE0,449621.5104,449621.5104,450509.8104,888.3,888.3,271.3,0.305415,1,p:1.1.1.1.2.2
U3639,146,FUSE0,449714.7104,449714.7104,450603.0104,888.3,888.3,271.3,0.305415,1,p:2.1.5.1.2.2
U3640,146,FUSE0,449757.9104,449757.9104,450570.6104,812.7,812.7,271.3,0.333826,1,p:1.1.4.1.2.2
U3641,146,FUSE0,449776.7104,449776.7104,450898.6104,1121.9,1121.9,271.3,0.241822,1,p:2.1.2.1.2.2
U3642,146,FUSE0,449799.1104,449799.1104,450646.2104,847.1,847.1,271.3,0.320269,1,p:1.1.3.1.2.2
U3643,146,FUSE0,449959.5104,449959.5104,450753.4104,793.9,793.9,271.3,0.341731,1,p:2.1.1.1.2.2
U3644,146,FUSE0,450052.7104,450052.7104,450846.6104,793.9,793.9,271.3,0.341731,1,p:1.1.5.1.2.2
U3645,146,FUSE1,450095.9104,450095.9104,450876.2104,780.3,780.3,333.3,0.427143,1,p:2.1.4.1.2.2
U3646,146,FUSE1,450104.7104,450104.7104,451204.2104,1099.5,1099.5,333.3,0.303138,1,p:1.1.2.1.2.2
U3647,146,FUSE1,450114.7104,450114.7104,450951.8104,837.1,837.1,333.3,0.39816,1,p:2.1.3.1.2.2
U3648,146,FUSE1,450297.5104,450297.5104,451059.0104,761.5,761.5,333.3,0.437689,1,p:1.1.1.1.2.2
U3649,146,FUSE1,450358.3104,450358.3104,451158.6104,800.3,800.3,333.3,0.416469,1,p:2.1.5.1.2.2
U3650,146,FUSE1,450390.7104,450390.7104,451181.8104,791.1,791.1,333.3,0.421312,1,p:1.1.4.1.2.2
U3651,146,FUSE1,450433.9104,450433.9104,451509.8104,1075.9,1075.9,333.3,0.309787,1,p:2.1.2.1.2.2
U3652,146,FUSE1,450442.7104,450442.7104,451257.4104,814.7,814.7,333.3,0.409108,1,p:1.1.3.1.2.2
U3653,146,FUSE1,450541.1104,450541.1104,451364.6104,823.5,823.5,333.3,0.404736,1,p:2.1.1.1.2.2
U3654,146,FUSE2,450601.9104,450601.9104,451496.6104,894.7,894.7,365.7,0.40874,1,p:1.2.5.1.2.2
U3655,146,FUSE2,450634.3104,450634.3104,451519.8104,885.5,885.5,365.7,0.412987,1,p:2.1.4.1.2.2
U3656,146,FUSE2,450677.5104,450677.5104,451847.8104,1170.3,1170.3,365.7,0.312484,1,p:1.1.2.1.2.2
U3657,146,FUSE2,450686.3104,450686.3104,451595.4104,909.1,909.1,365.7,0.402266,1,p:2.1.3.1.2.2
U3658,146,FUSE2,450784.7104,450784.7104,451702.6104,917.9,917.9,365.7,0.398409,1,p:1.1.1.1.2.2
U3659,146,FUSE2,450877.9104,450877.9104,451834.6104,956.7,956.7,365.7,0.382251,1,p:2.1.5.1.2.2
U3660,146,FUSE2,450907.5104,450907.5104,451857.8104,950.3,950.3,365.7,0.384826,1,p:1.1.4.1.2.2
U3661,146,FUSE2,450929.9104,450929.9104,452185.8104,1255.9,1255.9,365.7,0.291186,1,p:2.1.2.1.2.2
U3662,146,FUSE2,450983.1104,450983.1104,451933.4104,950.3,950.3,365.7,0.384826,1,p:1.1.3.1.2.2
U3663,146,FUSE2,451090.3104,451090.3104,452040.6104,950.3,950.3,365.7,0.384826,1,p:2.1.1.2.2.2
U5456,218,FUSE0,451189.9104,451189.9104,452078.2104,888.3,888.3,271.3,0.305415,1,p:1.2.5.1.2.2
U5457,218,FUSE0,451213.1104,451213.1104,452101.4104,888.3,888.3,271.3,0.305415,1,p:2.1.4.1.2.2
U5458,218,FUSE0,451235.5104,451235.5104,452429.4104,1193.9,1193.9,271.3,0.227238,1,p:1.1.2.1.2.2
U5459,218,FUSE0,451288.7104,451288.7104,452177.0104,888.3,888.3,271.3,0.305415,1,p:2.1.3.1.2.2
U5460,218,FUSE0,451395.9104,451395.9104,452321.8104,925.9,925.9,271.3,0.293012,1,p:1.1.5.1.2.2
U5461,218,FUSE0,451527.9104,451527.9104,452284.2104,756.3,756.3,271.3,0.35872,1,p:2.1.1.2.2.2
U5462,218,FUSE0,451541.1104,451541.1104,452345.0104,803.9,803.9,271.3,0.33748,1,p:1.1.4.1.2.2
U5463,218,FUSE0,451551.1104,451551.1104,452673.0104,1121.9,1121.9,271.3,0.241822,1,p:2.1.2.1.2.2
U5464,218,FUSE1,451626.7104,451626.7104,452482.6104,855.9,855.9,333.3,0.389415,1,p:1.1.3.1.2.2
U5465,218,FUSE1,451733.9104,451733.9104,452627.4104,893.5,893.5,333.3,0.373027,1,p:2.1.5.1.2.2
U5466,218,FUSE1,451865.9104,451865.9104,452589.8104,723.9,723.9,333.3,0.460423,1,p:1.2.1.2.2.2
U5467,218,FUSE1,451879.1104,451879.1104,452650.6104,771.5,771.5,333.3,0.432016,1,p:2.1.4.1.2.2
U5468,218,FUSE1,451889.1104,451889.1104,452978.6104,1089.5,1089.5,333.3,0.30592,1,p:1.1.2.1.2.2
U5469,218,FUSE1,451964.7104,451964.7104,452788.2104,823.5,823.5,333.3,0.404736,1,p:2.1.3.1.2.2
U5470,218,FUSE1,452071.9104,452071.9104,452933.0104,861.1,861.1,333.3,0.387063,1,p:1.1.5.1.2.2
U5471,218,FUSE2,452109.5104,452109.5104,452927.8104,818.3,818.3,365.7,0.446902,1,p:2.1.1.2.2.2
U5472,218,FUSE2,452132.7104,452132.7104,452988.6104,855.9,855.9,365.7,0.42727,1,p:1.1.4.1.2.2
U5473,218,FUSE2,452208.3104,452208.3104,453316.6104,1108.3,1108.3,365.7,0.329965,1,p:2.1.2.1.2.2
U5474,218,FUSE2,452217.1104,452217.1104,453126.2104,909.1,909.1,365.7,0.402266,1,p:1.1.3.1.2.2
U5475,218,FUSE2,452315.5104,452315.5104,453271.0104,955.5,955.5,365.7,0.382732,1,p:2.1.5.1.2.2
U5476,218,FUSE2,452353.1104,452353.1104,453265.8104,912.7,912.7,365.7,0.400679,1,p:1.2.1.2.2.2
U5477,218,FUSE2,452376.3104,452376.3104,453326.6104,950.3,950.3,365.7,0.384826,1,p:2.1.4.1.2.2
U5478,218,FUSE2,452460.7104,452460.7104,453654.6104,1193.9,1193.9,365.7,0.306307,1,p:1.1.2.1.2.2
U4085,164,FUSE0,452513.9104,452513.9104,453369.8104,855.9,855.9,271.3,0.316976,1,p:2.1.3.1.2.2
U4086,164,FUSE0,452621.1104,452621.1104,453514.6104,893.5,893.5,271.3,0.303637,1,p:1.1.5.1.2.2
U4087,164,FUSE0,452658.7104,452658.7104,453509.4104,850.7,850.7,271.3,0.318914,1,p:2.1.1.2.2.2
U4088,164,FUSE0,452681.9104,452681.9104,453570.2104,888.3,888.3,271.3,0.305415,1,p:1.1.4.1.2.2
U4089,164,FUSE0,452704.3104,452704.3104,453613.4104,909.1,909.1,271.3,0.298427,1,p:2.1.3.1.2.2
U4090,164,FUSE0,452819.5104,452819.5104,453898.2104,1078.7,1078.7,271.3,0.251506,1,p:1.1.2.1.2.2
U4091,164,FUSE1,452959.1104,452959.1104,453820.2104,861.1,861.1,333.3,0.387063,1,p:2.1.5.1.2.2
U4092,164,FUSE1,452964.3104,452964.3104,453815.0104,850.7,850.7,333.3,0.391795,1,p:1.1.1.2.2.2
U4093,164,FUSE1,453009.9104,453009.9104,453875.8104,865.9,865.9,333.3,0.384917,1,p:2.1.4.1.2.2
U4094,164,FUSE1,453019.9104,453019.9104,453919.0104,899.1,899.1,333.3,0.370704,1,p:1.1.3.1.2.2
U4095,164,FUSE1,453157.5104,453157.5104,454203.8104,1046.3,1046.3,333.3,0.318551,1,p:2.1.2.1.2.2
U4096,164,FUSE1,453297.1104,453297.1104,454125.8104,828.7,828.7,333.3,0.402196,1,p:1.1.5.1.2.2
U4097,164,FUSE2,453302.3104,453302.3104,454153.0104,850.7,850.7,365.7,0.429881,1,p:2.1.1.1.2.2
U4098,164,FUSE2,453347.9104,453347.9104,454213.8104,865.9,865.9,365.7,0.422335,1,p:1.1.4.1.2.2
U4099,164,FUSE2,453357.9104,453357.9104,454257.0104,899.1,899.1,365.7,0.40674,1,p:2.1.3.1.2.2
U4100,164,FUSE2,453401.1104,453401.1104,454541.8104,1140.7,1140.7,365.7,0.320593,1,p:1.1.2.1.2.2
U4101,164,FUSE2,453540.7104,453540.7104,454463.8104,923.1,923.1,365.7,0.396165,1,p:2.1.5.1.2.2
U4102,164,FUSE2,453545.9104,453545.9104,454491.0104,945.1,945.1,365.7,0.386943,1,p:1.1.1.1.2.2
U2940,118,FUSE0,453601.5104,453601.5104,454457.4104,855.9,855.9,271.3,0.316976,1,p:2.1.4.1.2.2
U2941,118,FUSE0,453644.7104,453644.7104,454500.6104,855.9,855.9,271.3,0.316976,1,p:1.1.3.1.2.2
U2942,118,FUSE0,453685.9104,453685.9104,454785.4104,1099.5,1099.5,271.3,0.246749,1,p:2.1.2.1.2.2
U2943,118,FUSE0,453846.3104,453846.3104,454707.4104,861.1,861.1,271.3,0.315062,1,p:1.2.5.1.2.2
U2944,118,FUSE0,453851.5104,453851.5104,454734.6104,883.1,883.1,271.3,0.307213,1,p:2.1.1.1.2.2
U2945,118,FUSE0,453907.1104,453907.1104,454701.0104,793.9,793.9,271.3,0.341731,1,p:1.1.4.1.2.2
U2946,118,FUSE0,453929.5104,453929.5104,454744.2104,814.7,814.7,271.3,0.333006,1,p:2.1.3.1.2.2
U2947,118,FUSE0,453950.3104,453950.3104,455029.0104,1078.7,1078.7,271.3,0.251506,1,p:1.1.2.1.2.2
U2948,118,FUSE1,454157.1104,454157.1104,455013.0104,855.9,855.9,333.3,0.389415,1,p:2.1.5.1.2.2
U2949,118,FUSE1,454184.3104,454184.3104,455040.2104,855.9,855.9,333.3,0.389415,1,p:1.1.1.1.2.2
U2950,118,FUSE1,454235.1104,454235.1104,455955.8104,1720.7,1689.4,666.6,0.394578,2,p:2.1.4.1.2.2
U2951,118,FUSE1,454245.1104,454245.1104,455049.8104,804.7,804.7,333.3,0.414192,1,p:1.1.3.1.2.2
U2952,118,FUSE1,454288.3104,454288.3104,455334.6104,1046.3,1046.3,333.3,0.318551,1,p:2.1.2.1.2.2
U2953,118,FUSE1,454488.7104,454488.7104,455318.6104,829.9,829.9,333.3,0.401615,1,p:1.2.5.1.2.2
U2954,118,FUSE1,454495.1104,454495.1104,455312.2104,817.1,817.1,333.3,0.407906,1,p:2.1.4.1.2.2
U2955,118,FUSE1,454522.3104,454522.3104,455345.8104,823.5,823.5,333.3,0.404736,1,p:1.1.1.1.2.2
U2956,118,FUSE2,454531.9104,454531.9104,455387.8104,855.9,855.9,365.7,0.42727,1,p:2.1.3.1.2.2
U2957,118,FUSE2,454573.1104,454573.1104,455672.6104,1099.5,1099.5,365.7,0.332606,1,p:1.1.2.1.2.2
U2958,118,FUSE2,454732.3104,454732.3104,455656.6104,924.3,924.3,365.7,0.395651,1,p:2.1.5.1.2.2
U2959,118,FUSE2,454738.7104,454738.7104,455683.8104,945.1,945.1,365.7,0.386943,1,p:1.1.1.1.2.2
U2960,118,FUSE2,454765.9104,454765.9104,455650.2104,884.3,884.3,365.7,0.413547,1,p:2.1.4.1.2.2
U2961,118,FUSE2,454775.5104,454775.5104,455725.8104,950.3,950.3,365.7,0.384826,1,p:1.1.3.1.2.2
U2962,118,FUSE2,454816.7104,454816.7104,456010.6104,1193.9,1193.9,365.7,0.306307,1,p:2.1.2.1.2.2
U2963,118,FUSE2,455044.3104,455044.3104,455994.6104,950.3,950.3,365.7,0.384826,1,p:1.2.5.1.2.2
U2964,118,FUSE2,455060.3104,455060.3104,456293.8104,1233.5,1233.5,365.7,0.296473,1,p:2.1.4.1.2.2
U2723,110,FUSE0,455071.5104,455071.5104,455927.4104,855.9,855.9,271.3,0.316976,1,p:1.1.1.1.2.2
U2724,110,FUSE0,455081.1104,455081.1104,455969.4104,888.3,888.3,271.3,0.305415,1,p:2.1.3.1.2.2
U2725,110,FUSE0,455343.5104,455343.5104,456254.2104,910.7,910.7,271.3,0.297903,1,p:1.1.2.2.2.2
U2726,110,FUSE0,455349.9104,455349.9104,456171.0104,821.1,821.1,271.3,0.33041,1,p:2.1.1.1.2.2
U2727,110,FUSE0,455365.9104,455365.9104,456238.2104,872.3,872.3,271.3,0.311017,1,p:1.1.5.1.2.2
U2728,110,FUSE0,455377.1104,455377.1104,456213.0104,835.9,835.9,271.3,0.32456,1,p:2.1.3.1.2.2
U2729,110,FUSE0,455419.1104,455419.1104,456537.4104,1118.3,1118.3,271.3,0.2426,1,p:1.1.4.1.2.2
U2730,110,FUSE0,455681.5104,455681.5104,456497.8104,816.3,816.3,271.3,0.332353,1,p:2.1.2.2.2.2
U2731,110,FUSE0,455687.9104,455687.9104,456414.6104,726.7,726.7,271.3,0.373331,1,p:1.2.1.1.2.2
U2732,110,FUSE1,455703.9104,455703.9104,456518.6104,814.7,814.7,333.3,0.409108,1,p:2.1.3.1.2.2
U2733,110,FUSE1,455715.1104,455715.1104,456543.8104,828.7,828.7,333.3,0.402196,1,p:1.1.5.1.2.2
U2734,110,FUSE1,455757.1104,455757.1104,456843.0104,1085.9,1085.9,333.3,0.306934,1,p:2.1.4.1.2.2
U2735,110,FUSE1,455958.7104,455958.7104,456803.4104,844.7,844.7,333.3,0.394578,1,p:1.1.2.2.2.2
U2736,110,FUSE1,455987.1104,455987.1104,456720.2104,733.1,733.1,333.3,0.454645,1,p:2.1.1.1.2.2
U2737,110,FUSE1,456000.7104,456000.7104,456849.4104,848.7,848.7,333.3,0.392718,1,p:1.1.5.1.2.2
U2738,110,FUSE1,456025.9104,456025.9104,456824.2104,798.3,798.3,333.3,0.417512,1,p:2.1.3.1.2.2
U2739,110,FUSE1,456041.9104,456041.9104,457148.6104,1106.7,1106.7,333.3,0.301166,1,p:1.1.4.1.2.2
U2740,110,FUSE1,456202.3104,456202.3104,457109.0104,906.7,906.7,333.3,0.367597,1,p:2.1.2.2.2.2
U2741,110,FUSE2,456244.3104,456244.3104,457058.2104,813.9,813.9,365.7,0.449318,1,p:1.1.1.1.2.2
U2742,110,FUSE2,456269.5104,456269.5104,457187.4104,917.9,917.9,365.7,0.398409,1,p:2.1.5.1.2.2
U2743,110,FUSE2,456285.5104,456285.5104,457162.2104,876.7,876.7,365.7,0.417132,1,p:1.1.3.1.2.2
U2744,110,FUSE2,456325.1104,456325.1104,457486.6104,1161.5,1161.5,365.7,0.314851,1,p:2.1.4.1.2.2
U2745,110,FUSE2,456445.9104,456445.9104,457447.0104,1001.1,1001.1,365.7,0.365298,1,p:1.2.2.2.2.2
U2746,110,FUSE2,456529.1104,456529.1104,457396.2104,867.1,867.1,365.7,0.421751,1,p:2.1.1.1.2.2
U2747,110,FUSE2,456549.9104,456549.9104,457525.4104,975.5,975.5,365.7,0.374885,1,p:1.1.5.1.2.2
U2748,110,FUSE2,456568.7104,456568.7104,457500.2104,931.5,931.5,365.7,0.392593,1,p:2.1.3.1.2.2
U2749,110,FUSE2,456575.1104,456575.1104,457824.6104,1249.5,1249.5,365.7,0.292677,1,p:1.1.4.1.2.2
U4239,170,FUSE0,456751.5104,456751.5104,457690.6104,939.1,939.1,271.3,0.288894,1,p:2.1.2.2.2.2
U4240,170,FUSE0,456834.7104,456834.7104,457639.8104,805.1,805.1,271.3,0.336977,1,p:1.1.1.1.2.2
U4241,170,FUSE0,456855.5104,456855.5104,457769.0104,913.5,913.5,271.3,0.29699,1,p:2.1.5.1.2.2
U4242,170,FUSE0,456874.3104,456874.3104,457934.2104,1059.9,1059.9,271.3,0.255968,1,p:1.1.2.2.2.2
U4243,170,FUSE0,456880.7104,456880.7104,457743.8104,863.1,863.1,271.3,0.314332,1,p:2.1.3.1.2.2
U4244,170,FUSE0,457089.5104,457089.5104,458068.2104,978.7,978.7,271.3,0.277204,1,p:1.2.4.1.2.2
U4245,170,FUSE0,457140.3104,457140.3104,457883.4104,743.1,743.1,271.3,0.365092,1,p:2.1.1.1.2.2
U4246,170,FUSE0,457179.9104,457179.9104,458012.6104,832.7,832.7,271.3,0.325808,1,p:1.1.5.1.2.2
U4247,170,FUSE0,457193.5104,457193.5104,458177.8104,984.3,984.3,271.3,0.275627,1,p:2.1.2.2.2.2
U4248,170,FUSE1,457218.7104,457218.7104,458049.4104,830.7,830.7,333.3,0.401228,1,p:1.1.3.1.2.2
U4249,170,FUSE1,457427.5104,457427.5104,458373.8104,946.3,946.3,333.3,0.352214,1,p:2.1.4.1.2.2
U4250,170,FUSE1,457478.3104,457478.3104,458189.0104,710.7,710.7,333.3,0.468974,1,p:1.1.1.1.2.2
U4251,170,FUSE1,457517.9104,457517.9104,458322.2104,804.3,804.3,333.3,0.414398,1,p:2.1.5.1.2.2
U4252,170,FUSE1,457531.5104,457531.5104,458483.4104,951.9,951.9,333.3,0.350142,1,p:1.1.2.2.2.2
U4253,170,FUSE1,457556.7104,457556.7104,458355.0104,798.3,798.3,333.3,0.417512,1,p:2.1.3.1.2.2
U4254,170,FUSE1,457671.1104,457671.1104,458679.4104,1008.3,1008.3,333.3,0.330556,1,p:1.1.4.1.2.2
U4255,170,FUSE1,457721.9104,457721.9104,458494.6104,772.7,772.7,333.3,0.431345,1,p:2.1.1.1.2.2
U4256,170,FUSE1,457775.1104,457775.1104,464831.8104,7056.7,7056.7,333.3,0.047232,1,p:1.2.5.1.2.2
U4257,170,FUSE2,457800.3104,457800.3104,458821.4104,1021.1,1021.1,365.7,0.358143,1,p:2.1.2.2.2.2
U4258,170,FUSE2,457855.9104,457855.9104,458693.0104,837.1,837.1,365.7,0.436865,1,p:1.1.3.1.2.2
U4259,170,FUSE2,457914.7104,457914.7104,459017.4104,1102.7,1102.7,365.7,0.331641,1,p:2.1.4.1.2.2
U4260,170,FUSE2,457965.5104,457965.5104,458832.6104,867.1,867.1,365.7,0.421751,1,p:1.1.1.1.2.2
U4261,170,FUSE2,458043.9104,458043.9104,458876.6104,832.7,832.7,365.7,0.439174,1,p:2.1.5.1.2.2
U4262,170,FUSE2,458080.7104,458080.7104,459159.4104,1078.7,1078.7,365.7,0.339019,1,p:1.1.2.2.2.2
U4263,170,FUSE2,458099.5104,458099.5104,459031.0104,931.5,931.5,365.7,0.392593,1,p:2.1.3.1.2.2
U4264,170,FUSE2,458209.1104,458209.1104,459355.4104,1146.3,1146.3,365.7,0.319026,1,p:1.1.4.1.2.2
U4568,183,FUSE0,458220.3104,458220.3104,459076.2104,855.9,855.9,271.3,0.316976,1,p:2.1.1.1.2.2
U4569,183,FUSE0,458353.5104,458353.5104,465381.0104,7027.5,7027.5,271.3,0.038605,1,p:1.2.5.1.2.2
U4570,183,FUSE0,458386.3104,458386.3104,459403.0104,1016.7,1016.7,271.3,0.266844,1,p:2.1.2.2.2.2
U4571,183,FUSE0,458405.1104,458405.1104,459319.8104,914.7,914.7,271.3,0.2966,1,p:1.1.1.1.2.2
U4572,183,FUSE0,458514.7104,458514.7104,459274.6104,759.9,759.9,271.3,0.357021,1,p:2.1.3.1.2.2
U4573,183,FUSE0,458525.9104,458525.9104,459599.0104,1073.1,1073.1,271.3,0.252819,1,p:1.1.4.1.2.2
U4574,183,FUSE0,458710.7104,458710.7104,459453.0104,742.3,742.3,271.3,0.365486,1,p:2.1.5.1.2.2
U4575,183,FUSE0,458724.3104,458724.3104,459646.6104,922.3,922.3,271.3,0.294156,1,p:1.1.2.2.2.2
U4576,183,FUSE0,458852.7104,458852.7104,459563.4104,710.7,710.7,271.3,0.381736,1,p:2.1.1.1.2.2
U4577,183,FUSE1,458863.9104,458863.9104,459580.2104,716.3,716.3,333.3,0.465308,1,p:1.1.3.1.2.2
U4578,183,FUSE1,458907.9104,458907.9104,459904.6104,996.7,996.7,333.3,0.334404,1,p:2.1.4.1.2.2
U4579,183,FUSE1,459048.7104,459048.7104,465686.6104,6637.9,6637.9,333.3,0.050212,1,p:1.2.5.1.2.2
U4580,183,FUSE1,459062.3104,459062.3104,459952.2104,889.9,889.9,333.3,0.374536,1,p:2.1.2.2.2.2
U4581,183,FUSE1,459107.5104,459107.5104,459869.0104,761.5,761.5,333.3,0.437689,1,p:1.1.1.1.2.2
U4582,183,FUSE1,459190.7104,459190.7104,459911.0104,720.3,720.3,333.3,0.462724,1,p:2.1.3.1.2.2
U4583,183,FUSE1,459305.9104,459305.9104,460211.6104,905.7,905.7,333.3,0.368003,1,p:1.1.4.1.2.2
U4584,183,FUSE1,459351.1104,459351.1104,460151.4104,800.3,800.3,333.3,0.416469,1,p:2.1.5.1.2.2
U4585,183,FUSE1,459386.7104,459386.7104,460257.8104,871.1,871.1,333.3,0.38262,1,p:1.1.2.2.2.2
U4586,183,FUSE2,459434.3104,459434.3104,460207.0104,772.7,772.7,365.7,0.473276,1,p:2.1.1.1.2.2
U4587,183,FUSE2,459484.3104,459484.3104,460249.0104,764.7,764.7,365.7,0.478227,1,p:1.1.3.1.2.2
U4588,183,FUSE2,459594.7104,459594.7104,460549.6104,954.9,954.9,365.7,0.382972,1,p:2.1.4.1.2.2
U4589,183,FUSE2,459611.5104,459611.5104,460489.4104,877.9,877.9,365.7,0.416562,1,p:1.1.5.1.2.2
U4590,183,FUSE2,459630.3104,459630.3104,460595.8104,965.5,965.5,365.7,0.378767,1,p:2.1.2.2.2.2
U4591,183,FUSE2,459677.9104,459677.9104,460545.0104,867.1,867.1,365.7,0.421751,1,p:1.1.1.1.2.2
U4592,183,FUSE2,459900.3104,459900.3104,460653.0104,752.7,752.7,365.7,0.485851,1,p:2.1.3.1.2.2
U4593,183,FUSE2,459935.9104,459935.9104,460886.2104,950.3,950.3,365.7,0.384826,1,p:1.1.4.1.2.2
U4594,183,FUSE2,459942.3104,459942.3104,460827.4104,885.1,885.1,365.7,0.413174,1,p:2.1.5.1.2.2
U4595,183,FUSE2,459983.5104,459983.5104,460933.8104,950.3,950.3,365.7,0.384826,1,p:1.1.2.2.2.2
U7453,298,FUSE0,460182.7104,460182.7104,460788.6104,605.9,605.9,271.3,0.447764,1,p:2.1.1.1.2.2
U7454,298,FUSE0,460238.3104,460238.3104,460896.6104,658.3,658.3,271.3,0.412122,1,p:1.1.3.1.2.2
U7455,298,FUSE0,460242.9104,460242.9104,461129.8104,886.9,886.9,271.3,0.305897,1,p:2.1.4.1.2.2
U7456,298,FUSE0,460280.3104,460280.3104,461071.0104,790.7,790.7,271.3,0.343114,1,p:1.1.5.1.2.2
U7457,298,FUSE0,460289.1104,460289.1104,461177.4104,888.3,888.3,271.3,0.305415,1,p:2.1.2.2.2.2
U7458,298,FUSE0,460520.7104,460520.7104,461079.0104,558.3,558.3,271.3,0.485939,1,p:1.1.1.1.2.2
U7459,298,FUSE0,460576.3104,460576.3104,461234.6104,658.3,658.3,271.3,0.412122,1,p:2.1.3.1.2.2
U7460,298,FUSE0,460580.9104,460580.9104,461373.4104,792.5,792.5,271.3,0.342334,1,p:1.1.4.1.2.2
U7461,298,FUSE1,460627.1104,460627.1104,461427.4104,800.3,800.3,333.3,0.416469,1,p:2.1.5.1.2.2
U7462,298,FUSE1,460684.3104,460684.3104,461483.0104,798.7,798.7,333.3,0.417303,1,p:1.1.2.2.2.2
U7463,298,FUSE1,460819.9104,460819.9104,461460.2104,640.3,640.3,333.3,0.520537,1,p:2.1.1.1.2.2
U7464,298,FUSE1,460858.7104,460858.7104,461559.0104,700.3,700.3,333.3,0.475939,1,p:1.1.3.1.2.2
U7465,298,FUSE1,460917.5104,460917.5104,461679.0104,761.5,761.5,333.3,0.437689,1,p:2.1.4.1.2.2
U7466,298,FUSE1,460927.9104,460927.9104,461733.0104,805.1,805.1,333.3,0.413986,1,p:1.1.5.1.2.2
U7467,298,FUSE1,460965.1104,460965.1104,461788.6104,823.5,823.5,333.3,0.404736,1,p:2.1.2.2.2.2
U7468,298,FUSE1,461102.3104,461102.3104,461765.8104,663.5,663.5,333.3,0.502336,1,p:1.1.1.1.2.2
U7469,298,FUSE2,461110.3104,461110.3104,461897.0104,786.7,786.7,365.7,0.464853,1,p:2.1.3.1.2.2
U7470,298,FUSE2,461161.1104,461161.1104,462017.0104,855.9,855.9,365.7,0.42727,1,p:1.1.4.1.2.2
U7471,298,FUSE2,461208.7104,461208.7104,462071.0104,862.3,862.3,365.7,0.424098,1,p:2.1.5.1.2.2
U7472,298,FUSE2,461265.9104,461265.9104,462126.6104,860.7,860.7,365.7,0.424887,1,p:1.1.2.2.2.2
U7473,298,FUSE2,461404.7104,461404.7104,462235.0104,830.3,830.3,365.7,0.440443,1,p:2.1.3.1.2.2
U7474,298,FUSE2,461458.7104,461458.7104,462111.4104,652.7,652.7,365.7,0.560288,1,p:1.1.1.1.2.2
U7475,298,FUSE2,461491.5104,461491.5104,462355.0104,863.5,863.5,365.7,0.423509,1,p:2.1.4.1.2.2
U1940,78,FUSE0,461514.3104,461514.3104,462314.6104,800.3,800.3,271.3,0.338998,1,p:1.1.5.1.2.2
U1941,78,FUSE0,461590.3104,461590.3104,462370.2104,779.9,779.9,271.3,0.347865,1,p:2.1.2.2.2.2
U1942,78,FUSE0,461710.3104,461710.3104,462359.6104,649.3,649.3,271.3,0.417835,1,p:1.1.1.1.2.2
U1943,78,FUSE0,461764.3104,461764.3104,462478.6104,714.3,714.3,271.3,0.379812,1,p:2.1.3.1.2.2
U1944,78,FUSE0,461797.1104,461797.1104,462598.6104,801.5,801.5,271.3,0.33849,1,p:1.1.4.1.2.2
U1945,78,FUSE0,461819.9104,461819.9104,462558.2104,738.3,738.3,271.3,0.367466,1,p:2.1.5.1.2.2
U1946,78,FUSE0,461928.3104,461928.3104,462613.8104,685.5,685.5,271.3,0.39577,1,p:1.1.2.2.2.2
U1947,78,FUSE0,462048.3104,462048.3104,462722.2104,673.9,673.9,271.3,0.402582,1,p:2.1.3.1.2.2
U1948,78,FUSE1,462102.3104,462102.3104,462726.8104,624.5,624.5,333.3,0.533707,1,p:1.1.1.1.2.2
U1949,78,FUSE1,462142.7104,462142.7104,462908.6104,765.9,765.9,333.3,0.435174,1,p:2.1.4.1.2.2
U1950,78,FUSE1,462157.9104,462157.9104,462938.2104,780.3,780.3,333.3,0.427143,1,p:1.1.5.1.2.2
U1951,78,FUSE1,462266.3104,462266.3104,462946.6104,680.3,680.3,333.3,0.489931,1,p:2.1.2.2.2.2
U1952,78,FUSE1,462345.9104,462345.9104,463028.2104,682.3,682.3,333.3,0.488495,1,p:1.1.1.1.2.2
U1953,78,FUSE1,462386.3104,462386.3104,463106.6104,720.3,720.3,333.3,0.462724,1,p:2.1.3.1.2.2
U1954,78,FUSE1,462390.9104,462390.9104,463214.2104,823.3,823.3,333.3,0.404834,1,p:1.1.4.1.2.2
U1955,78,FUSE2,462401.5104,462401.5104,463284.6104,883.1,883.1,365.7,0.414109,1,p:2.1.2.2.2.2
U1956,78,FUSE2,462509.9104,462509.9104,463322.6104,812.7,812.7,365.7,0.449982,1,p:1.1.5.1.2.2
U1957,78,FUSE2,462589.5104,462589.5104,463444.6104,855.1,855.1,365.7,0.427669,1,p:2.1.3.1.2.2
U1958,78,FUSE2,462629.9104,462629.9104,463366.2104,736.3,736.3,365.7,0.496673,1,p:1.1.1.1.2.2
U1959,78,FUSE2,462645.1104,462645.1104,463552.2104,907.1,907.1,365.7,0.403153,1,p:2.1.4.1.2.2
U1960,78,FUSE2,462753.5104,462753.5104,463660.6104,907.1,907.1,365.7,0.403153,1,p:1.1.5.1.2.2
U1961,78,FUSE2,462758.1104,462758.1104,463622.6104,864.5,864.5,365.7,0.423019,1,p:2.1.2.2.2.2
U1962,78,FUSE2,462939.9104,462939.9104,463704.2104,764.3,764.3,365.7,0.478477,1,p:1.1.1.1.2.2
U3303,133,FUSE0,462969.5104,462969.5104,463688.2104,718.7,718.7,271.3,0.377487,1,p:2.1.3.1.2.2
U3304,133,FUSE0,462977.9104,462977.9104,463795.8104,817.9,817.9,271.3,0.331703,1,p:1.1.4.1.2.2
U3305,133,FUSE0,463059.5104,463059.5104,463866.2104,806.7,806.7,271.3,0.336308,1,p:2.1.2.2.2.2
U3306,133,FUSE0,463137.9104,463137.9104,463904.2104,766.3,766.3,271.3,0.354039,1,p:1.1.5.1.2.2
U3307,133,FUSE0,463245.5104,463245.5104,463931.8104,686.3,686.3,271.3,0.395308,1,p:2.1.3.1.2.2
U3308,133,FUSE0,463315.9104,463315.9104,463947.8104,631.9,631.9,271.3,0.42934,1,p:1.1.1.1.2.2
U3309,133,FUSE0,463353.9104,463353.9104,464052.2104,698.3,698.3,271.3,0.388515,1,p:2.1.4.1.2.2
U3310,133,FUSE0,463397.5104,463397.5104,464147.8104,750.3,750.3,271.3,0.361589,1,p:1.1.5.1.2.2
U3311,133,FUSE0,463475.9104,463475.9104,464109.8104,633.9,633.9,271.3,0.427985,1,p:2.1.2.2.2.2
U3312,133,FUSE1,463583.5104,463583.5104,464283.8104,700.3,700.3,333.3,0.475939,1,p:1.1.3.1.2.2
U3313,133,FUSE1,463653.9104,463653.9104,464294.2104,640.3,640.3,333.3,0.520537,1,p:2.1.1.1.2.2
U3314,133,FUSE1,463691.9104,463691.9104,464432.2104,740.3,740.3,333.3,0.450223,1,p:1.1.4.1.2.2
U3315,133,FUSE1,463719.5104,463719.5104,464526.2104,806.7,806.7,333.3,0.413165,1,p:2.1.5.1.2.2
U3316,133,FUSE1,463735.5104,463735.5104,464415.4104,679.9,679.9,333.3,0.490219,1,p:1.1.2.2.2.2
U3317,133,FUSE1,463827.1104,463827.1104,464589.4104,762.3,762.3,333.3,0.437229,1,p:2.1.3.1.2.2
U3318,133,FUSE1,463897.5104,463897.5104,464599.8104,702.3,702.3,333.3,0.474584,1,p:1.1.1.1.2.2
U3319,133,FUSE1,463935.5104,463935.5104,464737.8104,802.3,802.3,333.3,0.415431,1,p:2.1.4.1.2.2
U3320,133,FUSE1,463963.1104,463963.1104,465137.4104,1174.3,1174.3,333.3,0.283829,1,p:1.1.5.1.2.2
U3321,133,FUSE2,463979.1104,463979.1104,464753.4104,774.3,774.3,365.7,0.472298,1,p:2.1.2.1.2.2
U3322,133,FUSE2,464083.5104,464083.5104,464927.4104,843.9,843.9,365.7,0.433345,1,p:1.1.3.1.2.2
U3323,133,FUSE2,464141.1104,464141.1104,464937.8104,796.7,796.7,365.7,0.459018,1,p:2.1.1.1.2.2
U3324,133,FUSE2,464179.1104,464179.1104,465075.8104,896.7,896.7,365.7,0.407829,1,p:1.2.4.1.2.2
U3325,133,FUSE2,464315.1104,464315.1104,466024.6104,1709.5,1709.5,365.7,0.213922,1,p:2.1.5.1.2.2
U3326,133,FUSE2,464325.5104,464325.5104,465091.4104,765.9,765.9,365.7,0.477477,1,p:1.1.2.1.2.2
U3327,133,FUSE2,464446.7104,464446.7104,465265.4104,818.7,818.7,365.7,0.446684,1,p:2.1.3.1.2.2
U3328,133,FUSE2,464463.5104,464463.5104,465275.8104,812.3,812.3,365.7,0.450203,1,p:1.1.1.2.2.2
U6052,242,FUSE0,464557.5104,464557.5104,465319.4104,761.9,761.9,271.3,0.356083,1,p:2.1.4.1.2.2
U6053,242,FUSE0,464620.7104,464620.7104,466268.2104,1647.5,1647.5,271.3,0.164674,1,p:1.1.5.1.2.2
U6054,242,FUSE0,464631.1104,464631.1104,465335.0104,703.9,703.9,271.3,0.385424,1,p:2.1.2.1.2.2
U6055,242,FUSE0,464769.1104,464769.1104,465563.0104,793.9,793.9,271.3,0.341731,1,p:1.1.4.1.2.2
U6056,242,FUSE0,464784.7104,464784.7104,465509.0104,724.3,724.3,271.3,0.374569,1,p:2.1.3.1.2.2
U6057,242,FUSE0,464863.1104,464863.1104,466511.8104,1648.7,1648.7,271.3,0.164554,1,p:1.2.5.1.2.2
U6058,242,FUSE0,464958.7104,464958.7104,465537.8104,579.1,579.1,271.3,0.468486,1,p:2.1.1.2.2.2
U6059,242,FUSE1,464969.1104,464969.1104,465640.6104,671.5,671.5,333.3,0.496351,1,p:1.1.2.1.2.2
U6060,242,FUSE1,465107.1104,465107.1104,465873.4104,766.3,766.3,333.3,0.434947,1,p:2.1.4.1.2.2
U6061,242,FUSE1,465122.7104,465122.7104,465823.0104,700.3,700.3,333.3,0.475939,1,p:1.1.3.1.2.2
U6062,242,FUSE1,465168.7104,465168.7104,466817.4104,1648.7,1648.7,333.3,0.202159,1,p:2.1.5.1.2.2
U6063,242,FUSE1,465296.7104,465296.7104,465917.0104,620.3,620.3,333.3,0.537321,1,p:1.1.1.2.2.2
U6064,242,FUSE1,465307.1104,465307.1104,465987.4104,680.3,680.3,333.3,0.489931,1,p:2.1.2.1.2.2
U6065,242,FUSE1,465350.7104,465350.7104,466179.0104,828.3,828.3,333.3,0.40239,1,p:1.2.4.1.2.2
U6066,242,FUSE2,465366.3104,465366.3104,466161.0104,794.7,794.7,365.7,0.460174,1,p:2.1.3.1.2.2
U6067,242,FUSE2,465412.3104,465412.3104,467155.4104,1743.1,1743.1,365.7,0.209799,1,p:1.2.5.1.2.2
U6068,242,FUSE2,465540.3104,465540.3104,466255.0104,714.7,714.7,365.7,0.511683,1,p:2.1.1.2.2.2
U6069,242,FUSE2,465569.1104,465569.1104,466325.4104,756.3,756.3,365.7,0.483538,1,p:1.1.2.1.2.2
U6070,242,FUSE2,465594.3104,465594.3104,466517.0104,922.7,922.7,365.7,0.396337,1,p:2.1.4.1.2.2
U6071,242,FUSE2,465671.9104,465671.9104,466503.2104,831.3,831.3,365.7,0.439913,1,p:1.1.3.1.2.2
U6877,275,FUSE0,465717.9104,465717.9104,467399.0104,1681.1,1681.1,271.3,0.161382,1,p:2.1.5.1.2.2
U6878,275,FUSE0,465854.3104,465854.3104,466498.6104,644.3,644.3,271.3,0.421077,1,p:1.2.1.2.2.2
U6879,275,FUSE0,465904.7104,465904.7104,466569.0104,664.3,664.3,271.3,0.4084,1,p:2.1.2.1.2.2
U6880,275,FUSE0,465948.3104,465948.3104,467642.6104,1694.3,1694.3,271.3,0.160125,1,p:1.1.5.1.2.2
U6881,275,FUSE0,466018.7104,466018.7104,466742.2104,723.5,723.5,271.3,0.374983,1,p:2.1.1.2.2.2
U6882,275,FUSE0,466055.9104,466055.9104,466774.2104,718.3,718.3,271.3,0.377697,1,p:1.2.4.1.2.2
U6883,275,FUSE0,466192.3104,466192.3104,466859.0104,666.7,666.7,271.3,0.40693,1,p:2.1.3.1.2.2
U6884,275,FUSE0,466210.3104,466210.3104,466812.6104,602.3,602.3,271.3,0.45044,1,p:1.1.2.1.2.2
U6885,275,FUSE1,466286.3104,466286.3104,467950.8104,1664.5,1664.5,333.3,0.20024,1,p:2.1.5.1.2.2
U6886,275,FUSE1,466299.5104,466299.5104,467047.8104,748.3,748.3,333.3,0.44541,1,p:1.1.1.2.2.2
U6887,275,FUSE1,466356.7104,466356.7104,467117.0104,760.3,760.3,333.3,0.43838,1,p:2.1.4.1.2.2
U6888,275,FUSE1,466529.9104,466529.9104,467270.2104,740.3,740.3,333.3,0.450223,1,p:1.2.3.1.2.2
U6889,275,FUSE1,466534.5104,466534.5104,467214.8104,680.3,680.3,333.3,0.489931,1,p:2.1.2.1.2.2
U6890,275,FUSE1,466543.1104,466543.1104,468253.8104,1710.7,1710.7,333.3,0.194833,1,p:1.1.5.1.2.2
U6891,275,FUSE1,466548.3104,466548.3104,467353.4104,805.1,805.1,333.3,0.413986,1,p:2.1.1.2.2.2
U6892,275,FUSE1,466600.3104,466600.3104,467422.6104,822.3,822.3,333.3,0.405327,1,p:1.1.4.1.2.2
U6893,275,FUSE2,466773.5104,466773.5104,467552.8104,779.3,779.3,365.7,0.469267,1,p:2.1.2.1.2.2
U6894,275,FUSE2,466805.5104,466805.5104,467608.2104,802.7,802.7,365.7,0.455587,1,p:1.1.3.1.2.2
U6895,275,FUSE2,466843.9104,466843.9104,468591.8104,1747.9,1747.9,365.7,0.209222,1,p:2.1.5.1.2.2
U6896,275,FUSE2,466848.7104,466848.7104,467691.4104,842.7,842.7,365.7,0.433962,1,p:1.1.1.2.2.2
U6897,275,FUSE2,466890.3104,466890.3104,467946.2104,1055.9,1055.9,365.7,0.34634,1,p:2.1.3.1.2.2
U6898,275,FUSE2,467079.1104,467079.1104,467851.8104,772.7,772.7,365.7,0.473276,1,p:1.1.4.1.2.2
U6899,275,FUSE2,467148.3104,467148.3104,467890.8104,742.5,742.5,365.7,0.492525,1,p:2.1.2.1.2.2
U8430,337,FUSE0,467186.7104,467186.7104,468835.4104,1648.7,1648.7,271.3,0.164554,1,p:1.1.5.1.2.2
U8431,337,FUSE0,467246.1104,467246.1104,467935.0104,688.9,688.9,271.3,0.393816,1,p:2.1.1.2.2.2
U8432,337,FUSE0,467301.5104,467301.5104,468095.4104,793.9,793.9,271.3,0.341731,1,p:1.1.4.1.2.2
U8433,337,FUSE0,467384.7104,467384.7104,468134.4104,749.7,749.7,271.3,0.361878,1,p:2.1.2.1.2.2
U8434,337,FUSE0,467430.3104,467430.3104,468189.8104,759.5,759.5,271.3,0.357209,1,p:1.1.3.1.2.2
U8435,337,FUSE0,467453.9104,467453.9104,469079.0104,1625.1,1625.1,271.3,0.166944,1,p:2.1.5.1.2.2
U8436,337,FUSE0,467584.1104,467584.1104,468178.6104,594.5,594.5,271.3,0.45635,1,p:1.1.1.2.2.2
U8437,337,FUSE0,467639.5104,467639.5104,468433.4104,793.9,793.9,271.3,0.341731,1,p:2.1.3.1.2.2
U8438,337,FUSE0,467673.9104,467673.9104,468352.2104,678.3,678.3,271.3,0.399971,1,p:1.1.4.1.2.2
U8439,337,FUSE1,467722.7104,467722.7104,468440.0104,717.3,717.3,333.3,0.464659,1,p:2.1.2.1.2.2
U8440,337,FUSE1,467883.1104,467883.1104,469387.2104,1504.1,1504.1,333.3,0.221594,1,p:1.1.5.1.2.2
U8441,337,FUSE1,467922.1104,467922.1104,468562.4104,640.3,640.3,333.3,0.520537,1,p:2.1.1.2.2.2
U8442,337,FUSE1,467966.3104,467966.3104,468706.6104,740.3,740.3,333.3,0.450223,1,p:1.1.4.1.2.2
U8443,337,FUSE1,467977.5104,467977.5104,468739.0104,761.5,761.5,333.3,0.437689,1,p:2.1.3.1.2.2
U8444,337,FUSE1,467982.1104,467982.1104,468745.6104,763.5,763.5,333.3,0.436542,1,p:1.1.2.1.2.2
U8445,337,FUSE1,468126.7104,468126.7104,469692.8104,1566.1,1566.1,333.3,0.212822,1,p:2.1.5.1.2.2
U8446,337,FUSE1,468165.7104,468165.7104,468868.0104,702.3,702.3,333.3,0.474584,1,p:1.1.1.2.2.2
U8447,337,FUSE1,468209.9104,468209.9104,469044.6104,834.7,834.7,333.3,0.399305,1,p:2.1.3.1.2.2
U8448,337,FUSE1,468221.1104,468221.1104,469012.2104,791.1,791.1,333.3,0.421312,1,p:1.1.4.1.2.2
U8449,337,FUSE2,468285.1104,468285.1104,469083.6104,798.5,798.5,365.7,0.457984,1,p:2.1.2.1.2.2
U8450,337,FUSE2,468383.5104,468383.5104,470028.2104,1644.7,1644.7,365.7,0.222351,1,p:1.1.5.1.2.2
U8451,337,FUSE2,468464.7104,468464.7104,469206.0104,741.3,741.3,365.7,0.493323,1,p:2.1.1.2.2.2
U8452,337,FUSE2,468471.3104,468471.3104,469350.2104,878.9,878.9,365.7,0.416088,1,p:1.1.4.1.2.2
U8453,337,FUSE2,468593.7104,468593.7104,469382.6104,788.9,788.9,365.7,0.463557,1,p:2.1.3.1.2.2
U8454,337,FUSE2,468623.1104,468623.1104,469421.6104,798.5,798.5,365.7,0.457984,1,p:1.1.2.1.2.2
U8455,337,FUSE2,468737.9104,468737.9104,470366.2104,1628.3,1628.3,365.7,0.22459,1,p:2.1.5.1.2.2
U8456,337,FUSE2,468770.3104,468770.3104,469544.0104,773.7,773.7,365.7,0.472664,1,p:1.1.1.2.2.2
U8457,337,FUSE2,468776.9104,468776.9104,469720.6104,943.7,943.7,365.7,0.387517,1,p:2.1.3.1.2.2
U8458,337,FUSE2,468866.7104,468866.7104,469688.2104,821.5,821.5,365.7,0.445161,1,p:1.1.4.1.2.2
U5505,220,FUSE0,468899.3104,468899.3104,469665.2104,765.9,765.9,271.3,0.354224,1,p:2.1.2.1.2.2
U5506,220,FUSE0,469043.5104,469043.5104,470609.8104,1566.3,1566.3,271.3,0.173211,1,p:1.1.5.1.2.2
U5507,220,FUSE0,469075.9104,469075.9104,469787.6104,711.7,711.7,271.3,0.3812,1,p:2.1.1.2.2.2
U5508,220,FUSE0,469110.3104,469110.3104,469931.8104,821.5,821.5,271.3,0.33025,1,p:1.1.4.1.2.2
U5509,220,FUSE0,469114.9104,469114.9104,469964.2104,849.3,849.3,271.3,0.31944,1,p:2.1.3.1.2.2
U5510,220,FUSE0,469237.3104,469237.3104,469908.8104,671.5,671.5,271.3,0.404021,1,p:1.1.2.1.2.2
U5511,220,FUSE0,469381.5104,469381.5104,470853.4104,1471.9,1471.9,271.3,0.18432,1,p:2.1.5.1.2.2
U5512,220,FUSE0,469413.9104,469413.9104,470032.8104,618.9,618.9,271.3,0.438358,1,p:1.1.1.2.2.2
U5513,220,FUSE1,469418.5104,469418.5104,470269.8104,851.3,851.3,333.3,0.391519,1,p:2.1.3.1.2.2
U5514,220,FUSE1,469452.9104,469452.9104,470237.4104,784.5,784.5,333.3,0.424857,1,p:1.1.4.1.2.2
U5515,220,FUSE1,469575.3104,469575.3104,470255.6104,680.3,680.3,333.3,0.489931,1,p:2.1.2.1.2.2
U5516,220,FUSE1,469696.5104,469696.5104,471159.0104,1462.5,1462.5,333.3,0.227897,1,p:1.1.5.1.2.2
U5517,220,FUSE1,469719.5104,469719.5104,470359.8104,640.3,640.3,333.3,0.520537,1,p:2.1.1.2.2.2
U5518,220,FUSE1,469724.1104,469724.1104,470543.0104,818.9,818.9,333.3,0.407009,1,p:1.1.4.1.2.2
U5519,220,FUSE1,469751.9104,469751.9104,470575.4104,823.5,823.5,333.3,0.404736,1,p:2.1.3.1.2.2
U5520,220,FUSE1,469818.9104,469818.9104,470561.2104,742.3,742.3,333.3,0.44901,1,p:1.1.2.1.2.2
U5521,220,FUSE2,469940.1104,469940.1104,471499.6104,1559.5,1559.5,365.7,0.234498,1,p:2.1.5.1.2.2
U5522,220,FUSE2,469963.1104,469963.1104,470697.8104,734.7,734.7,365.7,0.497754,1,p:1.1.1.2.2.2
U5523,220,FUSE2,469995.5104,469995.5104,470913.4104,917.9,917.9,365.7,0.398409,1,p:2.1.3.1.2.2
U5524,220,FUSE2,470059.5104,470059.5104,470881.0104,821.5,821.5,365.7,0.445161,1,p:1.1.4.1.2.2
U5525,220,FUSE2,470064.1104,470064.1104,470899.2104,835.1,835.1,365.7,0.437912,1,p:2.1.2.1.2.2
U5526,220,FUSE2,470268.7104,470268.7104,471835.0104,1566.3,1566.3,365.7,0.23348,1,p:1.1.5.1.2.2
U5527,220,FUSE2,470286.9104,470286.9104,471035.8104,748.9,748.9,365.7,0.488316,1,p:2.1.1.2.2.2
U5528,220,FUSE2,470301.1104,470301.1104,471219.0104,917.9,917.9,365.7,0.398409,1,p:1.1.4.1.2.2
U5529,220,FUSE2,470391.1104,470391.1104,471251.4104,860.3,860.3,365.7,0.425084,1,p:2.1.3.1.2.2
U1511,61,FUSE0,470397.5104,470397.5104,471142.8104,745.3,745.3,271.3,0.364014,1,p:1.1.2.1.2.2
U1512,61,FUSE0,470574.3104,470574.3104,472078.6104,1504.3,1504.3,271.3,0.18035,1,p:2.1.5.1.2.2
U1513,61,FUSE0,470592.5104,470592.5104,471279.4104,686.9,686.9,271.3,0.394963,1,p:1.1.1.2.2.2
U1514,61,FUSE0,470606.7104,470606.7104,471462.6104,855.9,855.9,271.3,0.316976,1,p:2.1.4.1.2.2
U1515,61,FUSE0,470641.1104,470641.1104,471386.4104,745.3,745.3,271.3,0.364014,1,p:1.1.2.1.2.2
U1516,61,FUSE0,470729.1104,470729.1104,471495.0104,765.9,765.9,271.3,0.354224,1,p:2.1.3.1.2.2
U1517,61,FUSE0,470884.7104,470884.7104,472322.2104,1437.5,1437.5,271.3,0.18873,1,p:1.1.5.1.2.2
U1518,61,FUSE0,470912.3104,470912.3104,471523.0104,610.7,610.7,271.3,0.444244,1,p:2.1.1.2.2.2
U1519,61,FUSE0,470930.5104,470930.5104,471706.2104,775.7,775.7,271.3,0.349749,1,p:1.1.4.1.2.2
U1520,61,FUSE1,470944.7104,470944.7104,471692.0104,747.3,747.3,333.3,0.446006,1,p:2.1.2.1.2.2
U1521,61,FUSE1,471067.1104,471067.1104,471800.6104,733.5,733.5,333.3,0.454397,1,p:1.1.3.1.2.2
U1522,61,FUSE1,471174.1104,471174.1104,472627.8104,1453.7,1453.7,333.3,0.229277,1,p:2.1.5.1.2.2
U1523,61,FUSE1,471190.3104,471190.3104,471828.6104,638.3,638.3,333.3,0.522168,1,p:1.1.1.2.2.2
U1524,61,FUSE1,471250.3104,471250.3104,472011.8104,761.5,761.5,333.3,0.437689,1,p:2.1.4.1.2.2
U1525,61,FUSE1,471282.7104,471282.7104,471997.6104,714.9,714.9,333.3,0.466219,1,p:1.1.2.1.2.2
U1526,61,FUSE1,471310.7104,471310.7104,472106.2104,795.5,795.5,333.3,0.418982,1,p:2.1.3.1.2.2
U1527,61,FUSE1,471417.7104,471417.7104,472936.0104,1518.3,1518.3,333.3,0.219522,1,p:1.1.5.1.2.2
U1528,61,FUSE1,471493.9104,471493.9104,472134.2104,640.3,640.3,333.3,0.520537,1,p:2.1.1.2.2.2
U1529,61,FUSE2,471526.3104,471526.3104,472349.8104,823.5,823.5,365.7,0.44408,1,p:1.1.4.1.2.2
U1530,61,FUSE2,471530.9104,471530.9104,472335.6104,804.7,804.7,365.7,0.454455,1,p:2.1.2.1.2.2
U1531,61,FUSE2,471554.3104,471554.3104,472444.2104,889.9,889.9,365.7,0.410945,1,p:1.1.3.1.2.2
U1532,61,FUSE2,471723.3104,471723.3104,473271.4104,1548.1,1548.1,365.7,0.236225,1,p:2.1.5.1.2.2
U1533,61,FUSE2,471737.5104,471737.5104,472472.2104,734.7,734.7,365.7,0.497754,1,p:1.1.1.2.2.2
U1534,61,FUSE2,471831.9104,471831.9104,472687.8104,855.9,855.9,365.7,0.42727,1,p:2.1.4.1.2.2
U1535,61,FUSE2,471859.9104,471859.9104,472673.6104,813.7,813.7,365.7,0.449429,1,p:1.1.2.1.2.2
U1536,61,FUSE2,471866.3104,471866.3104,472782.2104,915.9,915.9,365.7,0.399279,1,p:2.1.3.2.2.2
U1243,50,FUSE0,472028.9104,472028.9104,473515.0104,1486.1,1486.1,271.3,0.182558,1,p:1.1.5.1.2.2
U1244,50,FUSE0,472043.1104,472043.1104,472715.8104,672.7,672.7,271.3,0.4033,1,p:2.1.1.2.2.2
U1245,50,FUSE0,472109.9104,472109.9104,472931.4104,821.5,821.5,271.3,0.33025,1,p:1.1.4.1.2.2
U1246,50,FUSE0,472137.5104,472137.5104,472917.2104,779.7,779.7,271.3,0.347954,1,p:2.1.2.1.2.2
U1247,50,FUSE0,472165.5104,472165.5104,473758.6104,1593.1,1593.1,271.3,0.170297,1,p:1.1.5.1.2.2
U1248,50,FUSE0,472353.5104,472353.5104,473025.8104,672.3,672.3,271.3,0.40354,1,p:2.1.3.2.2.2
U1249,50,FUSE0,472366.9104,472366.9104,472959.4104,592.5,592.5,271.3,0.45789,1,p:1.1.1.2.2.2
U1250,50,FUSE0,472381.1104,472381.1104,473175.0104,793.9,793.9,271.3,0.341731,1,p:2.1.4.1.2.2
U1251,50,FUSE1,472475.5104,472475.5104,473222.8104,747.3,747.3,333.3,0.446006,1,p:1.1.2.1.2.2
U1252,50,FUSE1,472503.5104,472503.5104,474064.2104,1560.7,1560.7,333.3,0.213558,1,p:2.1.5.1.2.2
U1253,50,FUSE1,472659.1104,472659.1104,473359.4104,700.3,700.3,333.3,0.475939,1,p:1.1.3.2.2.2
U1254,50,FUSE1,472704.9104,472704.9104,473349.8104,644.9,644.9,333.3,0.516824,1,p:2.1.1.2.2.2
U1255,50,FUSE1,472719.1104,472719.1104,473480.6104,761.5,761.5,333.3,0.437689,1,p:1.1.4.1.2.2
U1256,50,FUSE1,472747.1104,472747.1104,473528.4104,781.3,781.3,333.3,0.426597,1,p:2.1.2.1.2.2
U1257,50,FUSE1,472813.5104,472813.5104,474369.8104,1556.3,1556.3,333.3,0.214162,1,p:1.1.5.1.2.2
U1258,50,FUSE1,472948.5104,472948.5104,473673.4104,724.9,724.9,333.3,0.459788,1,p:2.1.3.2.2.2
U1259,50,FUSE2,472962.7104,472962.7104,473687.8104,725.1,725.1,365.7,0.504344,1,p:1.1.1.2.2.2
U1260,50,FUSE2,472967.3104,472967.3104,473818.6104,851.3,851.3,365.7,0.429578,1,p:2.1.4.1.2.2
U1261,50,FUSE2,472990.7104,472990.7104,473866.4104,875.7,875.7,365.7,0.417609,1,p:1.1.2.1.2.2
U1262,50,FUSE2,473057.1104,473057.1104,474707.8104,1650.7,1650.7,365.7,0.221542,1,p:2.1.5.1.2.2
U1263,50,FUSE2,473206.3104,473206.3104,474011.4104,805.1,805.1,365.7,0.454229,1,p:1.2.3.2.2.2
U1264,50,FUSE2,473254.1104,473254.1104,474025.8104,771.7,771.7,365.7,0.473889,1,p:2.1.1.2.2.2
U1265,50,FUSE2,473302.7104,473302.7104,474156.6104,853.9,853.9,365.7,0.42827,1,p:1.1.4.1.2.2
U1266,50,FUSE2,473381.1104,473381.1104,474204.4104,823.3,823.3,365.7,0.444188,1,p:2.1.2.1.2.2
U1267,50,FUSE2,473390.7104,473390.7104,475045.8104,1655.1,1655.1,365.7,0.220953,1,p:1.1.5.1.2.2
U5228,209,FUSE0,473511.9104,473511.9104,474255.0104,743.1,743.1,271.3,0.365092,1,p:2.1.3.1.2.2
U5229,209,FUSE0,473546.3104,473546.3104,474269.4104,723.1,723.1,271.3,0.37519,1,p:1.1.1.1.2.2
U5230,209,FUSE0,473559.7104,473559.7104,474400.2104,840.5,840.5,271.3,0.322784,1,p:2.1.4.1.2.2
U5231,209,FUSE0,473704.7104,473704.7104,474498.6104,793.9,793.9,271.3,0.341731,1,p:1.1.3.1.2.2
U5232,209,FUSE0,473719.1104,473719.1104,474513.0104,793.9,793.9,271.3,0.341731,1,p:2.1.1.1.2.2
U5233,209,FUSE0,473789.9104,473789.9104,474448.0104,658.1,658.1,271.3,0.412247,1,p:1.1.2.1.2.2
U5234,209,FUSE0,473849.9104,473849.9104,475289.4104,1439.5,1439.5,271.3,0.188468,1,p:2.1.5.1.2.2
U5235,209,FUSE0,473897.7104,473897.7104,474643.8104,746.1,746.1,271.3,0.363624,1,p:1.1.4.1.2.2
U5236,209,FUSE0,474042.7104,474042.7104,474742.2104,699.5,699.5,271.3,0.387848,1,p:2.1.3.1.2.2
U5237,209,FUSE1,474057.1104,474057.1104,474818.6104,761.5,761.5,333.3,0.437689,1,p:1.1.1.1.2.2
U5238,209,FUSE1,474095.5104,474095.5104,474775.8104,680.3,680.3,333.3,0.489931,1,p:2.1.2.1.2.2
U5239,209,FUSE1,474187.9104,474187.9104,475595.0104,1407.1,1407.1,333.3,0.23687,1,p:1.2.5.1.2.2
U5240,209,FUSE1,474235.7104,474235.7104,474996.0104,760.3,760.3,333.3,0.43838,1,p:2.1.4.1.2.2
U5241,209,FUSE1,474286.3104,474286.3104,475050.4104,764.1,764.1,333.3,0.436199,1,p:1.1.3.1.2.2
U5242,209,FUSE1,474300.7104,474300.7104,475124.2104,823.5,823.5,333.3,0.404736,1,p:2.1.1.1.2.2
U5243,209,FUSE1,474401.1104,474401.1104,475101.4104,700.3,700.3,333.3,0.475939,1,p:1.2.2.1.2.2
U5244,209,FUSE1,474431.5104,474431.5104,475900.6104,1469.1,1469.1,333.3,0.226874,1,p:2.1.5.1.2.2
U5245,209,FUSE1,474479.3104,474479.3104,475301.6104,822.3,822.3,333.3,0.405327,1,p:1.1.4.1.2.2
U5246,209,FUSE2,474529.9104,474529.9104,475385.8104,855.9,855.9,365.7,0.42727,1,p:2.1.3.1.2.2
U5247,209,FUSE2,474544.3104,474544.3104,475462.2104,917.9,917.9,365.7,0.398409,1,p:1.1.1.1.2.2
U5248,209,FUSE2,474675.1104,474675.1104,475439.4104,764.3,764.3,365.7,0.478477,1,p:2.1.2.1.2.2
U5249,209,FUSE2,474739.1104,474739.1104,476238.6104,1499.5,1499.5,365.7,0.243881,1,p:1.1.5.1.2.2
U5250,209,FUSE2,474773.5104,474773.5104,475639.6104,866.1,866.1,365.7,0.422238,1,p:2.1.4.1.2.2
U5251,209,FUSE2,474807.1104,474807.1104,475723.8104,916.7,916.7,365.7,0.398931,1,p:1.1.3.1.2.2
U5252,209,FUSE2,474849.9104,474849.9104,475800.2104,950.3,950.3,365.7,0.384826,1,p:2.1.1.1.2.2
U5253,209,FUSE2,475027.3104,475027.3104,475777.4104,750.1,750.1,365.7,0.487535,1,p:1.1.2.1.2.2
U5254,209,FUSE2,475077.1104,475077.1104,476576.6104,1499.5,1499.5,365.7,0.243881,1,p:2.1.5.1.2.2
U4367,175,FUSE0,475081.7104,475081.7104,475883.2104,801.5,801.5,271.3,0.33849,1,p:1.1.4.1.2.2
U4368,175,FUSE0,475132.7104,475132.7104,475967.4104,834.7,834.7,271.3,0.325027,1,p:2.1.3.1.2.2
U4369,175,FUSE0,475155.5104,475155.5104,476043.8104,888.3,888.3,271.3,0.305415,1,p:1.1.1.1.2.2
U4370,175,FUSE0,475320.7104,475320.7104,476126.8104,806.1,806.1,271.3,0.336559,1,p:2.1.4.1.2.2
U4371,175,FUSE0,475332.9104,475332.9104,476021.0104,688.1,688.1,271.3,0.394274,1,p:1.1.2.1.2.2
U4372,175,FUSE0,475417.1104,475417.1104,477875.4104,2458.3,2458.3,271.3,0.110361,1,p:2.1.5.1.2.2
U4373,175,FUSE0,475470.7104,475470.7104,476211.0104,740.3,740.3,271.3,0.366473,1,p:1.1.3.1.2.2
U4374,175,FUSE1,475493.5104,477113.0256,477757.1256,2263.6152,2263.6152,333.3,0.147242,1,p:2.1.1.1.2.2
U4375,175,FUSE1,475626.3104,475626.3104,476432.4104,806.1,806.1,333.3,0.413472,1,p:1.1.4.1.2.2
U4376,175,FUSE1,475670.9104,477119.6256,477807.5256,2136.6152,2136.6152,333.3,0.155994,1,p:2.1.2.1.2.2
U4377,175,FUSE1,475755.1104,475755.1104,476882.2104,1127.1,1127.1,333.3,0.295715,1,p:1.1.5.1.2.2
U4378,175,FUSE1,475808.7104,477126.2256,477857.9256,2049.2152,2049.2152,333.3,0.162648,1,p:2.1.3.1.2.2
U4379,175,FUSE1,475831.5104,475831.5104,476451.8104,620.3,620.3,333.3,0.537321,1,p:1.1.1.1.2.2
U4380,175,FUSE1,475914.5104,477132.8256,478118.6104,2204.1,2204.1,333.3,0.151218,1,p:2.1.4.1.2.2
U4381,175,FUSE2,475931.9104,475931.9104,476624.6104,692.7,692.7,365.7,0.527934,1,p:1.1.2.1.2.2
U4382,175,FUSE2,475998.7104,477139.4256,478213.4104,2214.7,2214.7,365.7,0.165124,1,p:2.1.5.1.2.2
U4383,175,FUSE2,476052.3104,476052.3104,476785.0104,732.7,732.7,365.7,0.499113,1,p:1.1.3.1.2.2
U4384,175,FUSE2,476075.1104,477146.0256,478095.1256,2020.0152,2020.0152,365.7,0.181038,1,p:2.1.1.1.2.2
U4385,175,FUSE2,476158.1104,476158.1104,476930.8104,772.7,772.7,365.7,0.473276,1,p:1.1.4.1.2.2
U4386,175,FUSE2,476242.3104,477152.6256,478145.5256,1903.2152,1903.2152,365.7,0.192149,1,p:2.1.2.1.2.2
U4387,175,FUSE2,476269.9104,476269.9104,477220.2104,950.3,950.3,365.7,0.384826,1,p:1.2.5.1.2.2
U4492,180,FUSE0,476463.7104,477159.2256,478101.5256,1637.8152,1637.8152,271.3,0.165648,1,p:2.1.3.1.2.2
U4493,180,FUSE0,476483.1104,476483.1104,477041.4104,558.3,558.3,271.3,0.485939,1,p:1.1.1.1.2.2
U4494,180,FUSE0,476607.9104,477165.8256,478362.2104,1754.3,1754.3,271.3,0.154649,1,p:2.1.4.1.2.2
U4495,180,FUSE0,476655.9104,476655.9104,477254.2104,598.3,598.3,271.3,0.453451,1,p:1.1.2.1.2.2
U4496,180,FUSE0,476816.3104,477172.4256,478345.1256,1528.8152,1528.8152,271.3,0.177458,1,p:2.1.3.1.2.2
U4497,180,FUSE0,476913.5104,476913.5104,477631.8104,718.3,718.3,271.3,0.377697,1,p:1.1.5.1.2.2
U4498,180,FUSE0,476962.1104,477179.0256,478338.7256,1376.6152,1376.6152,271.3,0.197078,1,p:2.1.1.1.2.2
U4499,180,FUSE1,477072.7104,477072.7104,477813.0104,740.3,740.3,333.3,0.450223,1,p:1.1.4.1.2.2
U4500,180,FUSE1,477251.5104,477251.5104,478451.1256,1199.6152,1199.6152,333.3,0.277839,1,p:2.1.2.1.2.2
U4501,180,FUSE1,477285.5104,477285.5104,478650.7256,1365.2152,1365.2152,333.3,0.244137,1,p:1.1.3.1.2.2
U4502,180,FUSE1,477663.1104,477663.1104,478519.0104,855.9,855.9,333.3,0.389415,1,p:2.1.5.1.2.2
U4503,180,FUSE1,477788.4256,477788.4256,478644.3256,855.9,855.9,333.3,0.389415,1,p:1.1.1.1.2.2
U4504,180,FUSE1,477838.8256,477838.8256,478667.8104,828.9848,828.9848,333.3,0.402058,1,p:2.1.4.1.2.2
U4505,180,FUSE1,477844.3104,477844.3104,478756.7256,912.4152,912.4152,333.3,0.365294,1,p:1.1.2.1.2.2
U4506,180,FUSE2,477889.2256,477889.2256,478988.7256,1099.5,1099.5,365.7,0.332606,1,p:2.1.3.1.2.2
U4507,180,FUSE2,477906.7104,477906.7104,478857.0104,950.3,950.3,365.7,0.384826,1,p:1.1.5.1.2.2
U4508,180,FUSE2,478126.4256,478126.4256,478982.3256,855.9,855.9,365.7,0.42727,1,p:2.1.1.1.2.2
U4509,180,FUSE2,478132.8256,478132.8256,479005.8104,872.9848,872.9848,365.7,0.418908,1,p:1.1.4.1.2.2
U4510,180,FUSE2,478149.9104,478149.9104,479094.7256,944.8152,944.8152,365.7,0.38706,1,p:2.1.2.1.2.2
U4511,180,FUSE2,478176.8256,478176.8256,479326.7256,1149.9,1149.9,365.7,0.318028,1,p:1.1.3.1.2.2
U4512,180,FUSE2,478244.7104,478244.7104,479195.0104,950.3,950.3,365.7,0.384826,1,p:2.1.5.1.2.2
U4513,180,FUSE2,478370.0256,478370.0256,479320.3256,950.3,950.3,365.7,0.384826,1,p:1.1.1.2.2.2
U4058,163,FUSE0,478376.4256,478376.4256,479249.4104,872.9848,872.9848,271.3,0.310773,1,p:2.1.4.1.2.2
U4059,163,FUSE0,478393.5104,478393.5104,479338.3256,944.8152,944.8152,271.3,0.287146,1,p:1.1.2.1.2.2
U4060,163,FUSE0,478482.4256,478482.4256,479570.3256,1087.9,1087.9,271.3,0.24938,1,p:2.1.3.1.2.2
U4061,163,FUSE0,478550.3104,478550.3104,479438.6104,888.3,888.3,271.3,0.305415,1,p:1.1.5.1.2.2
U4062,163,FUSE0,478675.6256,478675.6256,479493.0104,817.3848,817.3848,271.3,0.331912,1,p:2.1.4.1.2.2
U4063,163,FUSE0,478682.0256,478682.0256,479563.9256,881.9,881.9,271.3,0.307631,1,p:1.1.1.2.2.2
U4064,163,FUSE0,478699.1104,478699.1104,479581.9256,882.8152,882.8152,271.3,0.307312,1,p:2.1.2.1.2.2
U4065,163,FUSE0,478788.0256,478788.0256,479813.9256,1025.9,1025.9,271.3,0.264451,1,p:1.1.3.1.2.2
U4066,163,FUSE0,478888.3104,478888.3104,479682.2104,793.9,793.9,271.3,0.341731,1,p:2.1.5.1.2.2
U4067,163,FUSE1,479013.6256,479013.6256,479798.6104,784.9848,784.9848,333.3,0.424594,1,p:1.1.4.1.2.2
U4068,163,FUSE1,479020.0256,479020.0256,479869.5256,849.5,849.5,333.3,0.392348,1,p:2.1.1.2.2.2
U4069,163,FUSE1,479037.1104,479037.1104,479887.5256,850.4152,850.4152,333.3,0.391926,1,p:1.1.2.1.2.2
U4070,163,FUSE1,479126.0256,479126.0256,480119.5256,993.5,993.5,333.3,0.335481,1,p:2.1.3.1.2.2
U4071,163,FUSE1,479226.3104,479226.3104,480006.6104,780.3,780.3,333.3,0.427143,1,p:1.1.5.1.2.2
U4072,163,FUSE1,479280.7104,479280.7104,480104.2104,823.5,823.5,333.3,0.404736,1,p:2.1.4.1.2.2
U4073,163,FUSE1,479351.6256,479351.6256,480175.1256,823.5,823.5,333.3,0.404736,1,p:1.1.1.2.2.2
U4074,163,FUSE1,479358.0256,479358.0256,480193.1256,835.1,835.1,333.3,0.399114,1,p:2.1.2.1.2.2
U4075,163,FUSE1,479369.6256,479369.6256,480425.1256,1055.5,1055.5,333.3,0.315775,1,p:1.1.3.1.2.2
U4076,163,FUSE2,479469.9104,479469.9104,480344.6104,874.7,874.7,365.7,0.418086,1,p:2.1.5.1.2.2
U4077,163,FUSE2,479524.3104,479524.3104,480442.2104,917.9,917.9,365.7,0.398409,1,p:1.1.4.1.2.2
U4078,163,FUSE2,479595.2256,479595.2256,480513.1256,917.9,917.9,365.7,0.398409,1,p:2.1.1.2.2.2
U4079,163,FUSE2,479601.6256,479601.6256,480531.1256,929.5,929.5,365.7,0.393437,1,p:1.1.2.1.2.2
U4080,163,FUSE2,479613.2256,479613.2256,480763.1256,1149.9,1149.9,365.7,0.318028,1,p:2.1.3.1.2.2
U4081,163,FUSE2,479713.5104,479713.5104,480682.6104,969.1,969.1,365.7,0.37736,1,p:1.1.5.1.2.2
U4082,163,FUSE2,479829.9104,479829.9104,480780.2104,950.3,950.3,365.7,0.384826,1,p:2.1.4.1.2.2
U4083,163,FUSE2,479845.2256,479845.2256,480851.1256,1005.9,1005.9,365.7,0.363555,1,p:1.1.1.2.2.2
U4084,163,FUSE2,479900.8256,479900.8256,480869.1256,968.3,968.3,365.7,0.377672,1,p:2.1.2.2.2.2
U7183,287,FUSE0,479918.8256,479918.8256,481006.7256,1087.9,1087.9,271.3,0.24938,1,p:1.1.3.1.2.2
U7184,287,FUSE0,480037.9104,480037.9104,480926.2104,888.3,888.3,271.3,0.305415,1,p:2.1.5.1.2.2
U7185,287,FUSE0,480135.5104,480135.5104,481023.8104,888.3,888.3,271.3,0.305415,1,p:1.1.4.1.2.2
U7186,287,FUSE0,480150.8256,480150.8256,481250.3256,1099.5,1099.5,271.3,0.246749,1,p:2.1.3.1.2.2
U7187,287,FUSE0,480206.4256,480206.4256,481094.7256,888.3,888.3,271.3,0.305415,1,p:1.1.1.2.2.2
U7188,287,FUSE0,480224.4256,480224.4256,481169.8104,945.3848,945.3848,271.3,0.286973,1,p:2.1.5.1.2.2
U7189,287,FUSE0,480375.9104,480375.9104,481112.7256,736.8152,736.8152,271.3,0.368206,1,p:1.1.2.2.2.2
U7190,287,FUSE0,480456.4256,480456.4256,481267.4104,810.9848,810.9848,271.3,0.334532,1,p:2.1.4.1.2.2
U7191,287,FUSE0,480473.5104,480473.5104,481493.9256,1020.4152,1020.4152,271.3,0.265872,1,p:1.1.3.1.2.2
U7192,287,FUSE1,480544.4256,480544.4256,481400.3256,855.9,855.9,333.3,0.389415,1,p:2.1.1.1.2.2
U7193,287,FUSE1,480562.4256,480562.4256,481475.4104,912.9848,912.9848,333.3,0.365066,1,p:1.1.5.1.2.2
U7194,287,FUSE1,480713.9104,480713.9104,481418.3256,704.4152,704.4152,333.3,0.473158,1,p:2.1.2.2.2.2
U7195,287,FUSE1,480794.4256,480794.4256,481573.0104,778.5848,778.5848,333.3,0.428084,1,p:1.1.4.1.2.2
U7196,287,FUSE1,480811.5104,480811.5104,481799.5256,988.0152,988.0152,333.3,0.337343,1,p:2.1.3.1.2.2
U7197,287,FUSE1,480882.4256,480882.4256,481705.9256,823.5,823.5,333.3,0.404736,1,p:1.1.1.1.2.2
U7198,287,FUSE1,480900.4256,480900.4256,481781.0104,880.5848,880.5848,333.3,0.378498,1,p:2.1.5.1.2.2
U7199,287,FUSE1,480957.5104,480957.5104,481723.9256,766.4152,766.4152,333.3,0.434882,1,p:1.1.2.2.2.2
U7200,287,FUSE1,481038.0256,481038.0256,481878.6104,840.5848,840.5848,333.3,0.39651,1,p:2.1.4.1.2.2
U7201,287,FUSE2,481055.1104,481055.1104,482137.5256,1082.4152,1082.4152,365.7,0.337856,1,p:1.1.3.1.2.2
U7202,287,FUSE2,481126.0256,481126.0256,482043.9256,917.9,917.9,365.7,0.398409,1,p:2.1.1.1.2.2
U7203,287,FUSE2,481144.0256,481144.0256,482119.0104,974.9848,974.9848,365.7,0.375083,1,p:1.2.5.1.2.2
U7204,287,FUSE2,481201.1104,481201.1104,482061.9256,860.8152,860.8152,365.7,0.42483,1,p:2.1.2.2.2.2
U7205,287,FUSE2,481281.6256,481281.6256,482216.6104,934.9848,934.9848,365.7,0.391129,1,p:1.1.4.1.2.2
U7206,287,FUSE2,481298.7104,481298.7104,482475.5256,1176.8152,1176.8152,365.7,0.310754,1,p:2.1.3.1.2.2
U7207,287,FUSE2,481431.6256,481431.6256,482381.9256,950.3,950.3,365.7,0.384826,1,p:1.2.1.1.2.2
U7208,287,FUSE2,481449.6256,481449.6256,482457.0104,1007.3848,1007.3848,365.7,0.363019,1,p:2.1.5.1.2.2
U7209,287,FUSE2,481506.7104,481506.7104,482399.9256,893.2152,893.2152,365.7,0.40942,1,p:1.1.2.2.2.2
U7210,287,FUSE2,481525.2256,481525.2256,482554.6104,1029.3848,1029.3848,365.7,0.355261,1,p:2.1.4.1.2.2
U3502,141,FUSE0,481604.3104,481604.3104,482719.1256,1114.8152,1114.8152,271.3,0.243359,1,p:1.1.3.1.2.2
U3503,141,FUSE0,481737.2256,481737.2256,482625.5256,888.3,888.3,271.3,0.305415,1,p:2.1.1.2.2.2
U3504,141,FUSE0,481755.2256,481755.2256,482700.6104,945.3848,945.3848,271.3,0.286973,1,p:1.1.5.1.2.2
U3505,141,FUSE0,481812.3104,481812.3104,482643.5256,831.2152,831.2152,271.3,0.32639,1,p:2.1.2.2.2.2
U3506,141,FUSE0,481830.8256,481830.8256,482962.7256,1131.9,1131.9,271.3,0.239685,1,p:1.1.3.1.2.2
U3507,141,FUSE0,481909.9104,481909.9104,482798.2104,888.3,888.3,271.3,0.305415,1,p:2.1.4.1.2.2
U3508,141,FUSE0,482075.2256,482075.2256,482869.1256,793.9,793.9,271.3,0.341731,1,p:1.1.1.2.2.2
U3509,141,FUSE0,482093.2256,482093.2256,482944.2104,850.9848,850.9848,271.3,0.318807,1,p:2.1.5.1.2.2
U3510,141,FUSE1,482150.3104,482150.3104,482949.1256,798.8152,798.8152,333.3,0.417243,1,p:1.1.2.1.2.2
U3511,141,FUSE1,482168.8256,482168.8256,483268.3256,1099.5,1099.5,333.3,0.303138,1,p:2.1.3.1.2.2
U3512,141,FUSE1,482247.9104,482247.9104,483103.8104,855.9,855.9,333.3,0.389415,1,p:1.1.4.1.2.2
U3513,141,FUSE1,482413.2256,482413.2256,483174.7256,761.5,761.5,333.3,0.437689,1,p:2.1.1.2.2.2
U3514,141,FUSE1,482431.2256,482431.2256,483249.8104,818.5848,818.5848,333.3,0.407166,1,p:1.1.5.1.2.2
U3515,141,FUSE1,482488.3104,482488.3104,483254.7256,766.4152,766.4152,333.3,0.434882,1,p:2.1.2.1.2.2
U3516,141,FUSE1,482506.8256,482506.8256,483573.9256,1067.1,1067.1,333.3,0.312342,1,p:1.1.3.1.2.2
U3517,141,FUSE1,482585.9104,482585.9104,483409.4104,823.5,823.5,333.3,0.404736,1,p:2.1.4.1.2.2
U3518,141,FUSE2,482656.8256,482656.8256,483512.7256,855.9,855.9,365.7,0.42727,1,p:1.1.1.1.2.2
U3519,141,FUSE2,482674.8256,482674.8256,483587.8104,912.9848,912.9848,365.7,0.400554,1,p:2.1.5.1.2.2
U3520,141,FUSE2,482731.9104,482731.9104,483592.7256,860.8152,860.8152,365.7,0.42483,1,p:1.1.2.1.2.2
U3521,141,FUSE2,482750.4256,482750.4256,483911.9256,1161.5,1161.5,365.7,0.314851,1,p:2.1.3.1.2.2
U3522,141,FUSE2,482829.5104,482829.5104,483747.4104,917.9,917.9,365.7,0.398409,1,p:1.1.4.1.2.2
U3523,141,FUSE2,482900.4256,482900.4256,483850.7256,950.3,950.3,365.7,0.384826,1,p:2.1.1.1.2.2
U3524,141,FUSE2,482975.5104,482975.5104,483925.8104,950.3,950.3,365.7,0.384826,1,p:1.1.5.1.2.2
U3525,141,FUSE2,482980.4256,482980.4256,484249.9256,1269.5,1269.5,365.7,0.288066,1,p:2.1.3.1.2.2
U175,8,FUSE0,482994.0256,482994.0256,483836.3256,842.3,842.3,271.3,0.322094,1,p:1.1.2.1.2.2
U176,8,FUSE0,483135.1104,483135.1104,483991.0104,855.9,855.9,271.3,0.316976,1,p:2.1.4.1.2.2
U177,8,FUSE0,483206.0256,483206.0256,484094.3256,888.3,888.3,271.3,0.305415,1,p:1.1.1.2.2.2
U178,8,FUSE0,483281.1104,483281.1104,484079.9256,798.8152,798.8152,271.3,0.339628,1,p:2.1.2.1.2.2
U179,8,FUSE0,483286.0256,483286.0256,484169.4104,883.3848,883.3848,271.3,0.307114,1,p:1.1.5.1.2.2
U180,8,FUSE0,483299.6256,483299.6256,484234.6104,934.9848,934.9848,271.3,0.290165,1,p:2.1.4.1.2.2
U181,8,FUSE0,483440.7104,483440.7104,484493.5256,1052.8152,1052.8152,271.3,0.25769,1,p:1.1.3.1.2.2
U182,8,FUSE0,483544.0256,483544.0256,484337.9256,793.9,793.9,271.3,0.341731,1,p:2.1.1.2.2.2
U183,8,FUSE0,483605.2256,483605.2256,484323.5256,718.3,718.3,271.3,0.377697,1,p:1.2.2.1.2.2
U184,8,FUSE1,483619.1104,483619.1104,484540.2104,921.1,921.1,333.3,0.36185,1,p:2.1.4.1.2.2
U185,8,FUSE1,483624.0256,483624.0256,484475.0104,850.9848,850.9848,333.3,0.391664,1,p:1.1.5.1.2.2
U186,8,FUSE1,483778.7104,483778.7104,484799.1256,1020.4152,1020.4152,333.3,0.326632,1,p:2.1.3.1.2.2
U187,8,FUSE1,483867.6256,483867.6256,484643.5256,775.9,775.9,333.3,0.429566,1,p:1.1.1.2.2.2
U188,8,FUSE1,483882.0256,483882.0256,484629.1256,747.1,747.1,333.3,0.446125,1,p:2.1.2.1.2.2
U189,8,FUSE1,483943.2256,483943.2256,484780.6104,837.3848,837.3848,333.3,0.398025,1,p:1.1.5.1.2.2
U190,8,FUSE1,483957.1104,483957.1104,484845.8104,888.7,888.7,333.3,0.375042,1,p:2.1.4.1.2.2
U191,8,FUSE1,484022.3104,484022.3104,485104.7256,1082.4152,1082.4152,333.3,0.307923,1,p:1.1.3.1.2.2
U192,8,FUSE1,484111.2256,484111.2256,484949.1256,837.9,837.9,333.3,0.39778,1,p:2.1.1.2.2.2
U193,8,FUSE2,484125.6256,484125.6256,484967.1256,841.5,841.5,365.7,0.434581,1,p:1.1.2.1.2.2
U194,8,FUSE2,484200.7104,484200.7104,485118.6104,917.9,917.9,365.7,0.398409,1,p:2.1.5.1.2.2
U195,8,FUSE2,484265.9104,484265.9104,485183.8104,917.9,917.9,365.7,0.398409,1,p:1.1.4.1.2.2
U196,8,FUSE2,484281.2256,484281.2256,485442.7256,1161.5,1161.5,365.7,0.314851,1,p:2.1.3.1.2.2
U197,8,FUSE2,484354.8256,484354.8256,485287.1256,932.3,932.3,365.7,0.392256,1,p:1.2.1.2.2.2
U198,8,FUSE2,484369.2256,484369.2256,485305.1256,935.9,935.9,365.7,0.390747,1,p:2.1.2.1.2.2
U199,8,FUSE2,484506.3104,484506.3104,485456.6104,950.3,950.3,365.7,0.384826,1,p:1.2.5.1.2.2
U200,8,FUSE2,484524.8256,484524.8256,485521.8104,996.9848,996.9848,365.7,0.366806,1,p:2.1.4.1.2.2
U201,8,FUSE2,484571.5104,484571.5104,485780.7256,1209.2152,1209.2152,365.7,0.302428,1,p:1.1.3.1.2.2
U202,8,FUSE2,484660.4256,484660.4256,485625.1256,964.7,964.7,365.7,0.379082,1,p:2.1.1.2.2.2
U5982,239,FUSE0,484674.8256,484674.8256,485548.7256,873.9,873.9,271.3,0.310447,1,p:1.1.2.2.2.2
U5983,239,FUSE0,484811.9104,484811.9104,485700.2104,888.3,888.3,271.3,0.305415,1,p:2.1.5.1.2.2
U5984,239,FUSE0,484830.4256,484830.4256,485765.4104,934.9848,934.9848,271.3,0.290165,1,p:1.1.4.1.2.2
U5985,239,FUSE0,484877.1104,484877.1104,485792.3256,915.2152,915.2152,271.3,0.296433,1,p:2.1.2.2.2.2
U5986,239,FUSE0,484980.4256,484980.4256,486024.3256,1043.9,1043.9,271.3,0.259891,1,p:1.2.3.1.2.2
U5987,239,FUSE0,484998.4256,484998.4256,485868.7256,870.3,870.3,271.3,0.311732,1,p:2.1.1.2.2.2
U5988,239,FUSE0,485136.0256,485136.0256,485943.8104,807.7848,807.7848,271.3,0.335857,1,p:1.1.5.1.2.2
U5989,239,FUSE0,485149.9104,485149.9104,486009.0104,859.1,859.1,271.3,0.315796,1,p:2.1.4.1.2.2
U5990,239,FUSE1,485215.1104,485215.1104,486097.9256,882.8152,882.8152,333.3,0.377542,1,p:1.1.2.1.2.2
U5991,239,FUSE1,485318.4256,485318.4256,486329.9256,1011.5,1011.5,333.3,0.329511,1,p:2.1.3.1.2.2
U5992,239,FUSE1,485336.4256,485336.4256,486174.3256,837.9,837.9,333.3,0.39778,1,p:1.1.1.2.2.2
U5993,239,FUSE1,485474.0256,485474.0256,486278.6104,804.5848,804.5848,333.3,0.414251,1,p:2.1.5.1.2.2
U5994,239,FUSE1,485487.9104,485487.9104,486314.6104,826.7,826.7,333.3,0.403169,1,p:1.1.4.1.2.2
U5995,239,FUSE1,485553.1104,485553.1104,486403.5256,850.4152,850.4152,333.3,0.391926,1,p:2.1.2.1.2.2
U5996,239,FUSE1,485580.0256,485580.0256,486635.5256,1055.5,1055.5,333.3,0.315775,1,p:1.1.3.1.2.2
U5997,239,FUSE1,485656.4256,485656.4256,486479.9256,823.5,823.5,333.3,0.404736,1,p:2.1.1.2.2.2
U5998,239,FUSE2,485731.5104,485731.5104,486616.6104,885.1,885.1,365.7,0.413174,1,p:1.1.5.1.2.2
U5999,239,FUSE2,485796.7104,485796.7104,486652.6104,855.9,855.9,365.7,0.42727,1,p:2.1.4.1.2.2
U6000,239,FUSE2,485812.0256,485812.0256,486741.5256,929.5,929.5,365.7,0.393437,1,p:1.1.2.1.2.2
U6001,239,FUSE2,485823.6256,485823.6256,486973.5256,1149.9,1149.9,365.7,0.318028,1,p:2.1.3.1.2.2
U6002,239,FUSE2,485900.0256,485900.0256,486817.9256,917.9,917.9,365.7,0.398409,1,p:1.2.1.2.2.2
U6003,239,FUSE2,485975.1104,485975.1104,486954.6104,979.5,979.5,365.7,0.373354,1,p:2.1.5.1.2.2
U6004,239,FUSE2,486040.3104,486040.3104,486990.6104,950.3,950.3,365.7,0.384826,1,p:1.1.4.1.2.2
U2057,83,FUSE0,486055.6256,486055.6256,486985.1256,929.5,929.5,271.3,0.291877,1,p:2.1.2.1.2.2
U2058,83,FUSE0,486129.2256,486129.2256,487217.1256,1087.9,1087.9,271.3,0.24938,1,p:1.1.3.1.2.2
U2059,83,FUSE0,486205.6256,486205.6256,487061.5256,855.9,855.9,271.3,0.316976,1,p:2.1.1.2.2.2
U2060,83,FUSE0,486309.9104,486309.9104,487198.2104,888.3,888.3,271.3,0.305415,1,p:1.1.5.1.2.2
U2061,83,FUSE0,486345.9104,486345.9104,487228.7256,882.8152,882.8152,271.3,0.307312,1,p:2.1.2.1.2.2
U2062,83,FUSE0,486361.2256,486361.2256,487234.2104,872.9848,872.9848,271.3,0.310773,1,p:1.1.4.1.2.2
U2063,83,FUSE0,486434.8256,486434.8256,487460.7256,1025.9,1025.9,271.3,0.264451,1,p:2.1.3.1.2.2
U2064,83,FUSE0,486511.2256,486511.2256,487305.1256,793.9,793.9,271.3,0.341731,1,p:1.1.1.2.2.2
U2065,83,FUSE1,486647.9104,486647.9104,487503.8104,855.9,855.9,333.3,0.389415,1,p:2.1.5.1.2.2
U2066,83,FUSE1,486666.8256,486666.8256,487534.3256,867.5,867.5,333.3,0.384207,1,p:1.1.2.1.2.2
U2067,83,FUSE1,486683.9104,486683.9104,487539.8104,855.9,855.9,333.3,0.389415,1,p:2.1.4.1.2.2
U2068,83,FUSE1,486772.8256,486772.8256,487766.3256,993.5,993.5,333.3,0.335481,1,p:1.1.3.1.2.2
U2069,83,FUSE1,486849.2256,486849.2256,487610.7256,761.5,761.5,333.3,0.437689,1,p:2.1.1.2.2.2
U2070,83,FUSE1,486985.9104,486985.9104,487809.4104,823.5,823.5,333.3,0.404736,1,p:1.1.5.1.2.2
U2071,83,FUSE1,487004.8256,487004.8256,487839.9256,835.1,835.1,333.3,0.399114,1,p:2.1.2.1.2.2
U2072,83,FUSE1,487016.4256,487016.4256,487845.4104,828.9848,828.9848,333.3,0.402058,1,p:1.1.4.1.2.2
U2073,83,FUSE2,487021.9104,487021.9104,488104.3256,1082.4152,1082.4152,365.7,0.337856,1,p:2.1.3.1.2.2
U2074,83,FUSE2,487092.8256,487092.8256,487948.7256,855.9,855.9,365.7,0.42727,1,p:1.1.1.2.2.2
U2075,83,FUSE2,487229.5104,487229.5104,488147.4104,917.9,917.9,365.7,0.398409,1,p:2.1.5.1.2.2
U2076,83,FUSE2,487248.4256,487248.4256,488177.9256,929.5,929.5,365.7,0.393437,1,p:1.1.2.1.2.2
U2077,83,FUSE2,487260.0256,487260.0256,488183.4104,923.3848,923.3848,365.7,0.396043,1,p:2.1.4.1.2.2
U2078,83,FUSE2,487265.5104,487265.5104,488442.3256,1176.8152,1176.8152,365.7,0.310754,1,p:1.1.3.1.2.2
U2079,83,FUSE2,487336.4256,487336.4256,488286.7256,950.3,950.3,365.7,0.384826,1,p:2.1.1.2.2.2
U2080,83,FUSE2,487492.0256,487492.0256,488485.4104,993.3848,993.3848,365.7,0.368135,1,p:1.2.5.1.2.2
U3375,136,FUSE0,487535.1104,487535.1104,488421.5256,886.4152,886.4152,271.3,0.306064,1,p:2.1.2.2.2.2
U3376,136,FUSE0,487565.6256,487565.6256,488427.0104,861.3848,861.3848,271.3,0.314958,1,p:1.1.4.1.2.2
U3377,136,FUSE0,487571.1104,487571.1104,488685.9256,1114.8152,1114.8152,271.3,0.243359,1,p:2.1.3.1.2.2
U3378,136,FUSE0,487642.0256,487642.0256,488530.3256,888.3,888.3,271.3,0.305415,1,p:1.1.1.2.2.2
U3379,136,FUSE0,487797.6256,487797.6256,488729.0104,931.3848,931.3848,271.3,0.291287,1,p:2.1.5.1.2.2
U3380,136,FUSE0,487840.7104,487840.7104,488665.1256,824.4152,824.4152,271.3,0.329082,1,p:1.1.2.2.2.2
U3381,136,FUSE0,487871.2256,487871.2256,488670.6104,799.3848,799.3848,271.3,0.339386,1,p:2.1.4.1.2.2
U3382,136,FUSE0,487876.7104,487876.7104,488929.5256,1052.8152,1052.8152,271.3,0.25769,1,p:1.1.3.1.2.2
U3383,136,FUSE1,487980.0256,487980.0256,488835.9256,855.9,855.9,333.3,0.389415,1,p:2.1.1.1.2.2
U3384,136,FUSE1,488135.6256,488135.6256,489034.6104,898.9848,898.9848,333.3,0.370752,1,p:1.1.5.1.2.2
U3385,136,FUSE1,488178.7104,488178.7104,488970.7256,792.0152,792.0152,333.3,0.420825,1,p:2.1.2.2.2.2
U3386,136,FUSE1,488209.2256,488209.2256,488976.2104,766.9848,766.9848,333.3,0.434559,1,p:1.1.4.1.2.2
U3387,136,FUSE1,488214.7104,488214.7104,489235.1256,1020.4152,1020.4152,333.3,0.326632,1,p:2.1.3.1.2.2
U3388,136,FUSE1,488318.0256,488318.0256,489141.5256,823.5,823.5,333.3,0.404736,1,p:1.2.1.1.2.2
U3389,136,FUSE1,488452.8256,488452.8256,489340.2104,887.3848,887.3848,333.3,0.375598,1,p:2.1.5.1.2.2
U3390,136,FUSE1,488458.3104,488458.3104,489276.3256,818.0152,818.0152,333.3,0.40745,1,p:1.1.2.2.2.2
U3391,136,FUSE2,488473.6256,488473.6256,489314.2104,840.5848,840.5848,365.7,0.435054,1,p:2.1.4.1.2.2
U3392,136,FUSE2,488516.7104,488516.7104,489573.1256,1056.4152,1056.4152,365.7,0.346171,1,p:1.1.3.1.2.2
U3393,136,FUSE2,488561.6256,488561.6256,489479.5256,917.9,917.9,365.7,0.398409,1,p:2.1.1.1.2.2
U3394,136,FUSE2,488696.4256,488696.4256,489678.2104,981.7848,981.7848,365.7,0.372485,1,p:1.1.5.1.2.2
U3395,136,FUSE2,488701.9104,488701.9104,489614.3256,912.4152,912.4152,365.7,0.400804,1,p:2.1.2.2.2.2
U3396,136,FUSE2,488717.2256,488717.2256,489652.2104,934.9848,934.9848,365.7,0.391129,1,p:1.1.4.1.2.2
U3397,136,FUSE2,488760.3104,488760.3104,489911.1256,1150.8152,1150.8152,365.7,0.317775,1,p:2.1.3.1.2.2
U3398,136,FUSE2,488867.2256,488867.2256,489817.5256,950.3,950.3,365.7,0.384826,1,p:1.1.1.1.2.2
U3713,149,FUSE0,488960.8256,488960.8256,489921.8104,960.9848,960.9848,271.3,0.282315,1,p:2.1.5.1.2.2
U3714,149,FUSE0,489002.0256,489002.0256,489857.9256,855.9,855.9,271.3,0.316976,1,p:1.1.2.2.2.2
U3715,149,FUSE0,489007.5104,489007.5104,489895.8104,888.3,888.3,271.3,0.305415,1,p:2.1.4.1.2.2
U3716,149,FUSE0,489065.9104,489065.9104,490154.7256,1088.8152,1088.8152,271.3,0.24917,1,p:1.1.3.1.2.2
U3717,149,FUSE0,489172.8256,489172.8256,490061.1256,888.3,888.3,271.3,0.305415,1,p:2.1.1.1.2.2
U3718,149,FUSE0,489266.4256,489266.4256,490165.4104,898.9848,898.9848,271.3,0.301785,1,p:1.1.5.1.2.2
U3719,149,FUSE0,489307.6256,489307.6256,490101.5256,793.9,793.9,271.3,0.341731,1,p:2.1.2.2.2.2
U3720,149,FUSE0,489345.5104,489345.5104,490139.4104,793.9,793.9,271.3,0.341731,1,p:1.1.4.1.2.2
U3721,149,FUSE1,489371.5104,489371.5104,490460.3256,1088.8152,1088.8152,333.3,0.306113,1,p:2.1.3.1.2.2
U3722,149,FUSE1,489510.8256,489510.8256,490366.7256,855.9,855.9,333.3,0.389415,1,p:1.1.1.1.2.2
U3723,149,FUSE1,489604.4256,489604.4256,490471.0104,866.5848,866.5848,333.3,0.384613,1,p:2.1.5.1.2.2
U3724,149,FUSE1,489645.6256,489645.6256,490407.1256,761.5,761.5,333.3,0.437689,1,p:1.1.2.2.2.2
U3725,149,FUSE1,489683.5104,489683.5104,490445.0104,761.5,761.5,333.3,0.437689,1,p:2.1.4.1.2.2
U3726,149,FUSE1,489709.5104,489709.5104,490765.9256,1056.4152,1056.4152,333.3,0.315501,1,p:1.1.3.1.2.2
U3727,149,FUSE1,489848.8256,489848.8256,490672.3256,823.5,823.5,333.3,0.404736,1,p:2.1.1.1.2.2
U3728,149,FUSE1,489889.2256,489889.2256,490776.6104,887.3848,887.3848,333.3,0.375598,1,p:1.1.5.1.2.2
U3729,149,FUSE2,489927.1104,489927.1104,490745.1256,818.0152,818.0152,365.7,0.447058,1,p:2.1.2.1.2.2
U3730,149,FUSE2,489942.4256,489942.4256,490783.0104,840.5848,840.5848,365.7,0.435054,1,p:1.1.4.1.2.2
U3731,149,FUSE2,489953.1104,489953.1104,491103.9256,1150.8152,1150.8152,365.7,0.317775,1,p:2.1.3.1.2.2
U3732,149,FUSE2,490092.4256,490092.4256,491010.3256,917.9,917.9,365.7,0.398409,1,p:1.1.1.1.2.2
U3733,149,FUSE2,490132.8256,490132.8256,491114.6104,981.7848,981.7848,365.7,0.372485,1,p:2.1.5.1.2.2
U3734,149,FUSE2,490170.7104,490170.7104,491083.1256,912.4152,912.4152,365.7,0.400804,1,p:1.1.2.1.2.2
U3735,149,FUSE2,490186.0256,490186.0256,491121.0104,934.9848,934.9848,365.7,0.391129,1,p:2.1.4.1.2.2
U3736,149,FUSE2,490196.7104,490196.7104,491441.9256,1245.2152,1245.2152,365.7,0.293684,1,p:1.1.3.1.2.2
U3737,149,FUSE2,490398.0256,490398.0256,491348.3256,950.3,950.3,365.7,0.384826,1,p:2.1.1.1.2.2
U509,21,FUSE0,490438.4256,490438.4256,491358.2104,919.7848,919.7848,271.3,0.29496,1,p:1.1.5.1.2.2
U510,21,FUSE0,490476.3104,490476.3104,491326.7256,850.4152,850.4152,271.3,0.319021,1,p:2.1.2.1.2.2
U511,21,FUSE0,490491.6256,490491.6256,491364.6104,872.9848,872.9848,271.3,0.310773,1,p:1.1.4.1.2.2
U512,21,FUSE0,490502.3104,490502.3104,491685.5256,1183.2152,1183.2152,271.3,0.22929,1,p:2.1.3.1.2.2
U513,21,FUSE0,490703.6256,490703.6256,491601.8104,898.1848,898.1848,271.3,0.302054,1,p:1.1.5.1.2.2
U514,21,FUSE0,490776.4256,490776.4256,491570.3256,793.9,793.9,271.3,0.341731,1,p:2.1.2.1.2.2
U515,21,FUSE0,490797.2256,490797.2256,491591.9256,794.7,794.7,271.3,0.341387,1,p:1.1.1.1.2.2
U516,21,FUSE0,490807.9104,490807.9104,491608.2104,800.3,800.3,271.3,0.338998,1,p:2.1.4.1.2.2
U517,21,FUSE0,490814.3104,490814.3104,491930.8104,1116.5,1116.5,271.3,0.242991,1,p:1.1.3.1.2.2
U518,21,FUSE1,491041.6256,491041.6256,491907.4104,865.7848,865.7848,333.3,0.384969,1,p:2.1.5.1.2.2
U519,21,FUSE1,491114.4256,491114.4256,491875.9256,761.5,761.5,333.3,0.437689,1,p:1.1.2.1.2.2
U520,21,FUSE1,491135.2256,491135.2256,491897.5256,762.3,762.3,333.3,0.437229,1,p:2.1.1.1.2.2
U521,21,FUSE1,491145.9104,491145.9104,491926.2104,780.3,780.3,333.3,0.427143,1,p:1.2.4.1.2.2
U522,21,FUSE1,491152.3104,491152.3104,492236.4104,1084.1,1084.1,333.3,0.307444,1,p:2.1.3.1.2.2
U523,21,FUSE1,491358.0256,491358.0256,492213.0104,854.9848,854.9848,333.3,0.389831,1,p:1.1.5.1.2.2
U524,21,FUSE1,491379.6256,491379.6256,492203.1256,823.5,823.5,333.3,0.404736,1,p:2.1.1.1.2.2
U525,21,FUSE1,491389.5104,491389.5104,492181.5256,792.0152,792.0152,333.3,0.420825,1,p:1.1.2.1.2.2
U526,21,FUSE1,491395.9104,491395.9104,492231.8104,835.9,835.9,333.3,0.398732,1,p:2.1.4.1.2.2
U527,21,FUSE2,491473.2256,491473.2256,492574.4104,1101.1848,1101.1848,365.7,0.332097,1,p:1.1.3.1.2.2
U528,21,FUSE2,491601.6256,491601.6256,492551.0104,949.3848,949.3848,365.7,0.385197,1,p:2.1.5.1.2.2
U529,21,FUSE2,491623.2256,491623.2256,492519.5256,896.3,896.3,365.7,0.408011,1,p:1.1.2.1.2.2
U530,21,FUSE2,491633.1104,491633.1104,492541.1256,908.0152,908.0152,365.7,0.402747,1,p:2.1.1.1.2.2
U531,21,FUSE2,491639.5104,491639.5104,492569.8104,930.3,930.3,365.7,0.393099,1,p:1.2.4.1.2.2
U532,21,FUSE2,491716.8256,491716.8256,492910.7256,1193.9,1193.9,365.7,0.306307,1,p:2.1.3.1.2.2
U533,21,FUSE2,491907.2256,491907.2256,492889.0104,981.7848,981.7848,365.7,0.372485,1,p:1.1.5.1.2.2
U534,21,FUSE2,491928.8256,491928.8256,492919.1256,990.3,990.3,365.7,0.369282,1,p:2.1.1.2.1.2
U535,21,FUSE2,491938.7104,491938.7104,492857.5256,918.8152,918.8152,365.7,0.398013,1,p:1.1.2.1.2.2
U5777,231,FUSE0,491957.5104,491957.5104,492833.4104,875.9,875.9,271.3,0.309739,1,p:2.1.4.1.2.1
U5778,231,FUSE0,491962.1104,491962.1104,493154.3256,1192.2152,1192.2152,271.3,0.22756,1,p:1.1.3.1.2.2
U5779,231,FUSE0,492212.8256,492212.8256,493132.6104,919.7848,919.7848,271.3,0.29496,1,p:2.1.5.1.2.2
U5780,231,FUSE0,492234.4256,492234.4256,493077.0104,842.5848,842.5848,271.3,0.321985,1,p:1.1.4.1.2.1
U5781,231,FUSE0,492244.3104,492244.3104,493101.1256,856.8152,856.8152,271.3,0.316638,1,p:2.1.2.1.2.2
U5782,231,FUSE0,492263.1104,492263.1104,493162.7256,899.6152,899.6152,271.3,0.301573,1,p:1.2.1.2.1.2
U5783,231,FUSE0,492267.7104,492267.7104,493397.9256,1130.2152,1130.2152,271.3,0.240043,1,p:2.1.3.1.2.2
U5784,231,FUSE0,492550.8256,492550.8256,493376.2104,825.3848,825.3848,271.3,0.328695,1,p:1.1.5.1.2.2
U5785,231,FUSE0,492572.4256,492572.4256,493344.7256,772.3,772.3,271.3,0.351288,1,p:2.1.2.1.2.2
U5786,231,FUSE1,492582.3104,492582.3104,493362.6104,780.3,780.3,333.3,0.427143,1,p:1.1.4.1.2.2
U5787,231,FUSE1,492601.1104,492601.1104,493428.3256,827.2152,827.2152,333.3,0.402918,1,p:2.1.1.2.2.2
U5788,231,FUSE1,492605.7104,492605.7104,493703.5256,1097.8152,1097.8152,333.3,0.303603,1,p:1.1.3.1.2.2
U5789,231,FUSE1,492864.7104,492864.7104,493685.2104,820.5,820.5,333.3,0.406216,1,p:2.1.5.1.2.2
U5790,231,FUSE1,492888.8256,492888.8256,493650.3256,761.5,761.5,333.3,0.437689,1,p:1.1.2.1.2.2
U5791,231,FUSE1,492920.3104,492920.3104,493680.6104,760.3,760.3,333.3,0.43838,1,p:2.1.4.1.2.2
U5792,231,FUSE1,492942.0256,492942.0256,493733.9256,791.9,791.9,333.3,0.420886,1,p:1.1.1.2.2.2
U5793,231,FUSE1,492950.4256,492950.4256,494009.1256,1058.7,1058.7,333.3,0.31482,1,p:2.1.3.1.2.2
U5794,231,FUSE1,493108.3104,493108.3104,493987.4104,879.1,879.1,333.3,0.379138,1,p:1.1.5.1.2.2
U5795,231,FUSE2,493132.4256,493132.4256,493992.0104,859.5848,859.5848,365.7,0.425438,1,p:2.1.2.1.2.2
U5796,231,FUSE2,493163.9104,493163.9104,494018.6104,854.7,854.7,365.7,0.427869,1,p:1.2.4.1.2.2
U5797,231,FUSE2,493185.6256,493185.6256,494071.9256,886.3,886.3,365.7,0.412614,1,p:2.1.1.2.2.2
U5798,231,FUSE2,493194.0256,493194.0256,494347.1256,1153.1,1153.1,365.7,0.317145,1,p:1.2.3.1.2.2
U5799,231,FUSE2,493376.0256,493376.0256,494325.4104,949.3848,949.3848,365.7,0.385197,1,p:2.1.5.1.2.2
U5800,231,FUSE2,493393.9104,493393.9104,494330.0104,936.1,936.1,365.7,0.390663,1,p:1.1.2.1.2.2
U5801,231,FUSE2,493407.5104,493407.5104,494356.6104,949.1,949.1,365.7,0.385312,1,p:2.1.4.1.2.2
U5802,231,FUSE2,493429.2256,493429.2256,494409.9256,980.7,980.7,365.7,0.372897,1,p:1.1.1.2.2.2
U5803,231,FUSE2,493459.6256,493459.6256,494685.1256,1225.5,1225.5,365.7,0.298409,1,p:2.1.3.1.2.2
E486,357,FUSE0,493681.6256,493681.6256,494573.6104,891.9848,891.9848,271.3,0.304153,1,p:1.1.2.2.2.2
E487,357,FUSE0,493711.9104,493711.9104,494653.5256,941.6152,941.6152,271.3,0.288122,1,p:2.1.1.2.2.2
E488,357,FUSE0,493716.5104,493716.5104,494569.0104,852.5,852.5,271.3,0.31824,1,p:1.2.5.1.2.2
E489,357,FUSE0,493734.8256,493734.8256,494600.2104,865.3848,865.3848,271.3,0.313502,1,p:2.1.4.1.2.2
E490,357,FUSE0,493765.2256,493765.2256,494817.2104,1051.9848,1051.9848,271.3,0.257893,1,p:1.1.2.2.2.2
E491,357,FUSE0,494018.7104,494018.7104,494897.1256,878.4152,878.4152,271.3,0.308852,1,p:2.1.1.2.2.2
E492,357,FUSE0,494023.3104,494023.3104,494812.6104,789.3,789.3,271.3,0.343722,1,p:1.2.5.1.2.2
E493,357,FUSE0,494040.4256,494040.4256,494843.8104,803.3848,803.3848,271.3,0.337696,1,p:2.1.4.1.2.2
E494,357,FUSE0,494049.9104,494049.9104,495057.1256,1007.2152,1007.2152,271.3,0.269357,1,p:1.2.2.1.2.2
E495,357,FUSE0,494103.2256,494103.2256,494928.7256,825.5,825.5,271.3,0.328649,1,p:2.1.3.1.2.2
E496,357,FUSE0,494356.7104,494356.7104,495180.7256,824.0152,824.0152,271.3,0.329242,1,p:1.1.1.2.1.2
E497,357,FUSE1,494361.3104,494361.3104,495149.4104,788.1,788.1,333.3,0.422916,1,p:2.1.4.1.2.2
E498,357,FUSE1,494378.4256,494378.4256,495158.7256,780.3,780.3,333.3,0.427143,1,p:1.1.5.1.2.2
E499,357,FUSE1,494387.9104,494387.9104,495362.7256,974.8152,974.8152,333.3,0.341911,1,p:2.1.2.1.2.2
E500,357,FUSE1,494441.2256,494441.2256,495234.3256,793.1,793.1,333.3,0.42025,1,p:1.1.3.1.2.2
E501,357,FUSE1,494600.3104,494600.3104,495486.3256,886.0152,886.0152,333.3,0.376179,1,p:2.1.1.2.1.2
E502,357,FUSE1,494604.9104,494604.9104,495464.3256,859.4152,859.4152,333.3,0.387822,1,p:1.2.5.1.2.2
E503,357,FUSE1,494631.5104,494631.5104,495455.0104,823.5,823.5,333.3,0.404736,1,p:2.1.4.1.2.2
E504,357,FUSE1,494684.8256,494684.8256,495668.3256,983.5,983.5,333.3,0.338892,1,p:1.1.2.1.2.2
E505,357,FUSE1,494716.4256,494716.4256,495539.9256,823.5,823.5,333.3,0.404736,1,p:2.1.3.1.2.2
E506,357,FUSE1,494843.9104,494843.9104,495751.9256,908.0152,908.0152,333.3,0.367064,1,p:1.1.1.2.2.2
E507,357,FUSE2,494848.5104,494848.5104,495802.3256,953.8152,953.8152,365.7,0.383408,1,p:2.1.5.1.2.2
E508,357,FUSE2,494875.1104,494875.1104,495793.0104,917.9,917.9,365.7,0.398409,1,p:1.1.4.1.2.2
E509,357,FUSE2,494928.4256,494928.4256,496006.3256,1077.9,1077.9,365.7,0.339271,1,p:2.1.2.1.2.2
E510,357,FUSE2,494960.0256,494960.0256,495877.9256,917.9,917.9,365.7,0.398409,1,p:1.1.3.1.2.2
E511,357,FUSE2,495088.4256,495088.4256,496089.9256,1001.5,1001.5,365.7,0.365152,1,p:2.1.1.2.2.2
E512,357,FUSE2,495180.7104,495180.7104,496140.3256,959.6152,959.6152,365.7,0.38109,1,p:1.1.5.1.2.2
E513,357,FUSE2,495190.0256,495190.0256,496131.0104,940.9848,940.9848,365.7,0.388635,1,p:2.1.4.1.2.2
E514,357,FUSE2,495212.0256,495212.0256,496344.3256,1132.3,1132.3,365.7,0.322971,1,p:1.1.2.2.2.2
E515,357,FUSE2,495265.6256,495265.6256,496215.9256,950.3,950.3,365.7,0.384826,1,p:2.1.3.1.2.2
E516,357,FUSE2,495394.0256,495394.0256,496427.9256,1033.9,1033.9,365.7,0.353709,1,p:1.1.1.2.2.2
E517,357,FUSE2,495486.3104,495486.3104,496469.0104,982.7,982.7,365.7,0.372138,1,p:2.1.4.1.2.2
U2525,102,FUSE0,495495.6256,495495.6256,496383.9256,888.3,888.3,271.3,0.305415,1,p:1.1.5.1.2.2
U2526,102,FUSE0,495517.6256,495517.6256,496587.9256,1070.3,1070.3,271.3,0.25348,1,p:2.1.2.1.2.2
U2527,102,FUSE0,495571.2256,495571.2256,496712.6104,1141.3848,1141.3848,271.3,0.237694,1,p:1.2.4.1.2.2
U2528,102,FUSE0,495699.6256,495699.6256,496671.5256,971.9,971.9,271.3,0.279144,1,p:2.1.1.2.2.2
U2529,102,FUSE0,495783.2256,495783.2256,496627.5256,844.3,844.3,271.3,0.321331,1,p:1.1.5.1.2.2
U2530,102,FUSE0,495824.3104,495824.3104,496482.6104,658.3,658.3,271.3,0.412122,1,p:2.1.3.1.2.2
U2531,102,FUSE0,495833.6256,495833.6256,496831.5256,997.9,997.9,271.3,0.271871,1,p:1.1.2.1.2.2
U2532,102,FUSE0,495909.2256,495909.2256,496956.2104,1046.9848,1046.9848,271.3,0.259125,1,p:2.1.4.1.2.2
U2533,102,FUSE1,496037.6256,496037.6256,496977.1256,939.5,939.5,333.3,0.354763,1,p:1.1.1.1.2.2
U2534,102,FUSE1,496121.2256,496121.2256,496933.1256,811.9,811.9,333.3,0.410519,1,p:2.1.5.1.2.2
U2535,102,FUSE1,496162.3104,496162.3104,496862.6104,700.3,700.3,333.3,0.475939,1,p:1.1.3.1.2.2
U2536,102,FUSE1,496171.6256,496171.6256,497137.1256,965.5,965.5,333.3,0.34521,1,p:2.1.2.1.2.2
U2537,102,FUSE1,496247.2256,496247.2256,497261.8104,1014.5848,1014.5848,333.3,0.328509,1,p:1.1.4.1.2.2
U2538,102,FUSE1,496375.6256,496375.6256,497282.7256,907.1,907.1,333.3,0.367435,1,p:2.1.1.1.2.2
U2539,102,FUSE1,496415.2256,496415.2256,497238.7256,823.5,823.5,333.3,0.404736,1,p:1.1.5.1.2.2
U2540,102,FUSE1,496459.2256,496459.2256,497442.7256,983.5,983.5,333.3,0.338892,1,p:2.1.2.1.2.2
U2541,102,FUSE2,496500.3104,496500.3104,497233.0104,732.7,732.7,365.7,0.499113,1,p:1.1.3.1.2.2
U2542,102,FUSE2,496513.9104,496513.9104,497599.8104,1085.9,1085.9,365.7,0.336771,1,p:2.1.4.1.2.2
U2543,102,FUSE2,496619.2256,496619.2256,497620.7256,1001.5,1001.5,365.7,0.365152,1,p:1.1.1.1.2.2
U2544,102,FUSE2,496658.8256,496658.8256,497576.7256,917.9,917.9,365.7,0.398409,1,p:2.1.5.1.2.2
U2545,102,FUSE2,496702.8256,496702.8256,497571.0104,868.1848,868.1848,365.7,0.421224,1,p:1.1.3.1.2.2
U2546,102,FUSE2,496743.9104,496743.9104,497780.7256,1036.8152,1036.8152,365.7,0.352715,1,p:2.1.2.1.2.2
U2547,102,FUSE2,496862.8256,496862.8256,497937.8104,1074.9848,1074.9848,365.7,0.340191,1,p:1.1.4.1.2.2
U7103,284,FUSE0,496893.9104,496893.9104,497864.3256,970.4152,970.4152,271.3,0.279571,1,p:2.1.1.2.2.2
U7104,284,FUSE0,496964.4256,496964.4256,497820.3256,855.9,855.9,271.3,0.316976,1,p:1.1.5.1.2.2
U7105,284,FUSE0,496987.5104,496987.5104,498024.3256,1036.8152,1036.8152,271.3,0.261667,1,p:2.1.2.1.2.2
U7106,284,FUSE0,497008.4256,497008.4256,497814.6104,806.1848,806.1848,271.3,0.336523,1,p:1.1.3.1.2.2
U7107,284,FUSE0,497168.4256,497168.4256,498181.4104,1012.9848,1012.9848,271.3,0.267822,1,p:2.1.4.1.2.2
U7108,284,FUSE0,497264.3104,497264.3104,498107.9256,843.6152,843.6152,271.3,0.321592,1,p:1.1.1.2.2.2
U7109,284,FUSE0,497270.0256,497270.0256,498063.9256,793.9,793.9,271.3,0.341731,1,p:2.1.5.1.2.2
U7110,284,FUSE0,497293.1104,497293.1104,498058.2104,765.1,765.1,271.3,0.354594,1,p:1.1.3.1.2.2
U7111,284,FUSE0,497314.0256,497314.0256,498425.0104,1110.9848,1110.9848,271.3,0.244198,1,p:2.1.4.1.2.2
U7112,284,FUSE1,497474.0256,497474.0256,498329.9256,855.9,855.9,333.3,0.389415,1,p:1.1.2.2.2.2
U7113,284,FUSE1,497602.3104,497602.3104,498413.5256,811.2152,811.2152,333.3,0.410865,1,p:2.1.1.1.2.2
U7114,284,FUSE1,497608.0256,497608.0256,498388.3256,780.3,780.3,333.3,0.427143,1,p:1.1.5.1.2.2
U7115,284,FUSE1,497631.1104,497631.1104,498363.8104,732.7,732.7,333.3,0.454893,1,p:2.1.3.1.2.2
U7116,284,FUSE1,497652.0256,497652.0256,498730.6104,1078.5848,1078.5848,333.3,0.309016,1,p:1.1.4.1.2.2
U7117,284,FUSE1,497812.0256,497812.0256,498635.5256,823.5,823.5,333.3,0.404736,1,p:2.1.2.2.2.2
U7118,284,FUSE1,497845.9104,497845.9104,498719.1256,873.2152,873.2152,333.3,0.381693,1,p:1.1.1.1.2.2
U7119,284,FUSE1,497851.6256,497851.6256,498693.9256,842.3,842.3,333.3,0.395702,1,p:2.1.5.1.2.2
U7120,284,FUSE2,497895.6256,497895.6256,498701.8104,806.1848,806.1848,365.7,0.453618,1,p:1.1.3.1.2.2
U7121,284,FUSE2,497969.1104,497969.1104,498973.5256,1004.4152,1004.4152,365.7,0.364092,1,p:2.1.2.2.2.2
U7122,284,FUSE2,498055.6256,498055.6256,499068.6104,1012.9848,1012.9848,365.7,0.361012,1,p:1.1.4.1.2.2
U7123,284,FUSE2,498089.5104,498089.5104,499057.1256,967.6152,967.6152,365.7,0.37794,1,p:2.1.1.1.2.2
U7124,284,FUSE2,498095.2256,498095.2256,499031.9256,936.7,936.7,365.7,0.390413,1,p:1.1.5.1.2.2
U7125,284,FUSE2,498139.2256,498139.2256,499039.8104,900.5848,900.5848,365.7,0.406069,1,p:2.1.3.1.2.2
U7126,284,FUSE2,498212.7104,498212.7104,506744.8178,8532.1074,8532.1074,365.7,0.042862,1,p:1.1.4.1.2.2
U7127,284,FUSE2,498361.2256,498361.2256,499311.5256,950.3,950.3,365.7,0.384826,1,p:2.1.2.2.2.2
U7128,284,FUSE2,498395.1104,498395.1104,499395.1256,1000.0152,1000.0152,365.7,0.365694,1,p:1.1.1.2.2.2
U7551,302,FUSE0,498419.6256,498419.6256,499275.5256,855.9,855.9,271.3,0.316976,1,p:2.1.5.1.2.2
U7552,302,FUSE0,498444.8256,498444.8256,499283.4104,838.5848,838.5848,271.3,0.323521,1,p:1.1.3.1.2.2
U7553,302,FUSE0,498456.3104,498456.3104,506988.4178,8532.1074,8532.1074,271.3,0.031798,1,p:2.1.4.1.2.2
U7554,302,FUSE0,498666.8256,498666.8256,499555.1256,888.3,888.3,271.3,0.305415,1,p:1.1.2.2.2.2
U7555,302,FUSE0,498725.2256,498725.2256,499519.1256,793.9,793.9,271.3,0.341731,1,p:2.1.5.1.2.2
U7556,302,FUSE0,498733.1104,498733.1104,499638.7256,905.6152,905.6152,271.3,0.299575,1,p:1.2.1.2.2.2
U7557,302,FUSE0,498750.4256,498750.4256,499527.0104,776.5848,776.5848,271.3,0.34935,1,p:2.1.3.1.2.2
U7558,302,FUSE1,498761.9104,498761.9104,507294.0178,8532.1074,8532.1074,333.3,0.039064,1,p:1.1.4.1.2.2
U7559,302,FUSE1,499004.8256,499004.8256,499860.7256,855.9,855.9,333.3,0.389415,1,p:2.1.2.2.2.2
U7560,302,FUSE1,499063.2256,499063.2256,499843.5256,780.3,780.3,333.3,0.427143,1,p:1.1.5.1.2.2
U7561,302,FUSE1,499071.1104,499071.1104,499944.3256,873.2152,873.2152,333.3,0.381693,1,p:2.1.1.2.2.2
U7562,302,FUSE1,499088.4256,499088.4256,499832.6104,744.1848,744.1848,333.3,0.447873,1,p:1.1.3.1.2.2
U7563,302,FUSE1,499099.9104,499099.9104,507599.6178,8499.7074,8499.7074,333.3,0.039213,1,p:2.1.4.1.2.2
U7564,302,FUSE1,499306.8256,499306.8256,500166.3256,859.5,859.5,333.3,0.387784,1,p:1.1.2.2.2.2
U7565,302,FUSE2,499314.7104,499314.7104,500183.7256,869.0152,869.0152,365.7,0.420821,1,p:2.1.5.1.2.2
U7566,302,FUSE2,499342.8256,499342.8256,500282.3256,939.5,939.5,365.7,0.38925,1,p:1.2.1.2.2.2
U7567,302,FUSE2,499426.4256,499426.4256,500179.1256,752.7,752.7,365.7,0.485851,1,p:2.1.3.1.2.2
U7568,302,FUSE2,499550.4256,499550.4256,507937.6178,8387.1922,8387.1922,365.7,0.043602,1,p:1.1.4.1.2.2
U7569,302,FUSE2,499558.3104,499558.3104,500504.3256,946.0152,946.0152,365.7,0.386569,1,p:2.1.2.2.2.2
U7570,302,FUSE2,499586.4256,499586.4256,500519.5256,933.1,933.1,365.7,0.391919,1,p:1.1.5.1.2.2
U7571,302,FUSE2,499670.0256,499670.0256,500620.3256,950.3,950.3,365.7,0.384826,1,p:2.1.1.2.2.2
U7572,302,FUSE2,499863.9104,499863.9104,500596.6104,732.7,732.7,365.7,0.499113,1,p:1.1.3.1.2.2
U7671,307,FUSE0,499874.8256,499874.8256,508181.2178,8306.3922,8306.3922,271.3,0.032662,1,p:2.1.4.1.2.2
U7672,307,FUSE0,499892.0256,499892.0256,500747.9256,855.9,855.9,271.3,0.316976,1,p:1.1.2.2.2.2
U7673,307,FUSE0,499975.6256,499975.6256,500763.1256,787.5,787.5,271.3,0.344508,1,p:2.1.5.1.2.2
U7674,307,FUSE0,500197.6256,500197.6256,500863.9256,666.3,666.3,271.3,0.407174,1,p:1.2.1.2.2.2
U7675,307,FUSE0,500210.4256,500210.4256,500868.7256,658.3,658.3,271.3,0.412122,1,p:2.1.3.1.2.2
U7676,307,FUSE0,500215.0256,500215.0256,508424.8178,8209.7922,8209.7922,271.3,0.033046,1,p:1.1.4.1.2.2
U7677,307,FUSE0,500313.6256,500313.6256,500991.5256,677.9,677.9,271.3,0.400207,1,p:2.1.2.2.2.2
U7678,307,FUSE0,500535.6256,500535.6256,501253.9256,718.3,718.3,271.3,0.377697,1,p:1.1.5.1.2.2
U7679,307,FUSE0,500550.8256,500550.8256,501129.1256,578.3,578.3,271.3,0.469134,1,p:2.1.1.2.2.2
U7680,307,FUSE1,500627.9104,500627.9104,501328.2104,700.3,700.3,333.3,0.475939,1,p:1.1.3.1.2.2
U7681,307,FUSE1,500651.6256,500651.6256,508730.4178,8078.7922,8078.7922,333.3,0.041256,1,p:2.1.4.1.2.2
U7682,307,FUSE1,500779.2256,500779.2256,501439.5256,660.3,660.3,333.3,0.504771,1,p:1.1.2.2.2.2
U7683,307,FUSE1,500794.4256,500794.4256,501594.7256,800.3,800.3,333.3,0.416469,1,p:2.1.5.1.2.2
U7684,307,FUSE1,500895.2256,500895.2256,501515.5256,620.3,620.3,333.3,0.537321,1,p:1.1.1.2.2.2
U7685,307,FUSE1,500900.0256,500900.0256,501633.8104,733.7848,733.7848,333.3,0.45422,1,p:2.1.3.1.2.2
U7686,307,FUSE1,501022.8256,501022.8256,509036.0178,8013.1922,8013.1922,333.3,0.041594,1,p:1.1.4.1.2.2
U7687,307,FUSE1,501160.4256,501160.4256,501840.7256,680.3,680.3,333.3,0.489931,1,p:2.1.2.2.2.2
U7688,307,FUSE1,501285.2256,501285.2256,502065.5256,780.3,780.3,333.3,0.427143,1,p:1.1.5.1.2.2
U7689,307,FUSE2,501359.5104,501359.5104,502032.2104,672.7,672.7,365.7,0.54363,1,p:2.1.1.2.2.2
U7690,307,FUSE2,501470.8256,501470.8256,502203.5256,732.7,732.7,365.7,0.499113,1,p:1.1.3.1.2.2
U7691,307,FUSE2,501546.8256,501546.8256,509374.0178,7827.1922,7827.1922,365.7,0.046722,1,p:2.1.4.1.2.2
U7692,307,FUSE2,501626.0256,501626.0256,502318.7256,692.7,692.7,365.7,0.527934,1,p:1.1.2.2.2.2
U7693,307,FUSE2,501665.1104,501665.1104,502497.8104,832.7,832.7,365.7,0.439174,1,p:2.1.5.1.2.2
U7694,307,FUSE2,501872.0256,501872.0256,502524.7256,652.7,652.7,365.7,0.560288,1,p:1.1.1.2.2.2
U7695,307,FUSE2,502063.5104,502063.5104,502816.2104,752.7,752.7,365.7,0.485851,1,p:2.1.3.1.2.2
U7696,307,FUSE2,502096.8256,502096.8256,509712.0178,7615.1922,7615.1922,365.7,0.048022,1,p:1.1.4.1.2.2
U7902,316,FUSE0,502234.8256,502234.8256,502853.1256,618.3,618.3,271.3,0.438784,1,p:2.1.2.1.2.2
U7903,316,FUSE0,502350.0256,502350.0256,503068.3256,718.3,718.3,271.3,0.377697,1,p:1.1.5.1.2.2
U7904,316,FUSE0,502529.1104,502529.1104,503107.4104,578.3,578.3,271.3,0.469134,1,p:2.1.1.2.2.2
U7905,316,FUSE0,502556.0256,502556.0256,503157.8104,601.7848,601.7848,271.3,0.450826,1,p:1.1.2.1.2.2
U7906,316,FUSE0,502847.5104,502847.5104,503505.8104,658.3,658.3,271.3,0.412122,1,p:2.1.3.1.2.2
U7907,316,FUSE0,502884.4256,502884.4256,503602.7256,718.3,718.3,271.3,0.377697,1,p:1.1.5.1.2.2
U7908,316,FUSE0,503099.6256,503099.6256,509955.6178,6855.9922,6855.9922,271.3,0.039571,1,p:2.1.4.1.2.2
U7909,316,FUSE0,503138.7104,503138.7104,503697.0104,558.3,558.3,271.3,0.485939,1,p:1.1.1.2.2.2
U7910,316,FUSE1,503189.1104,503189.1104,503869.4104,680.3,680.3,333.3,0.489931,1,p:2.1.2.1.2.2
U7911,316,FUSE1,503537.1104,503537.1104,504237.4104,700.3,700.3,333.3,0.475939,1,p:1.1.3.1.2.2
U7912,316,FUSE1,503634.0256,503634.0256,504434.3256,800.3,800.3,333.3,0.416469,1,p:2.1.5.1.2.2
U7913,316,FUSE1,503728.3104,503728.3104,510262.6178,6534.3074,6534.3074,333.3,0.051008,1,p:1.1.4.1.2.2
U7914,316,FUSE1,503900.7104,503900.7104,504541.0104,640.3,640.3,333.3,0.520537,1,p:2.1.1.2.2.2
U7915,316,FUSE1,504268.7104,504268.7104,504929.0104,660.3,660.3,333.3,0.504771,1,p:1.1.2.1.2.2
U7916,316,FUSE1,504465.6256,504465.6256,505185.9256,720.3,720.3,333.3,0.462724,1,p:2.1.3.1.2.2
U7917,316,FUSE1,504572.3104,504572.3104,505352.6104,780.3,780.3,333.3,0.427143,1,p:1.1.5.1.2.2
U7918,316,FUSE2,504960.3104,504960.3104,510599.2178,5638.9074,5638.9074,365.7,0.064853,1,p:2.1.4.1.2.2
U7919,316,FUSE2,505217.2256,505217.2256,505869.9256,652.7,652.7,365.7,0.560288,1,p:1.1.1.2.2.2
U7920,316,FUSE2,505383.9104,505383.9104,506096.6104,712.7,712.7,365.7,0.513119,1,p:2.1.2.1.2.2
U7921,316,FUSE2,505901.2256,505901.2256,506633.9256,732.7,732.7,365.7,0.499113,1,p:1.1.3.1.2.2
U7922,316,FUSE2,506127.9104,506127.9104,506960.6104,832.7,832.7,365.7,0.439174,1,p:2.1.5.1.2.2
U7923,316,FUSE2,506665.2256,506665.2256,510937.2178,4271.9922,4271.9922,365.7,0.085604,1,p:1.1.4.1.2.2
U7924,316,FUSE2,506776.1178,506776.1178,507488.8178,712.7,712.7,365.7,0.513119,1,p:2.1.2.2.2.2
U5956,238,FUSE0,506991.9104,506991.9104,507550.2104,558.3,558.3,271.3,0.485939,1,p:1.1.1.1.2.2
U5957,238,FUSE0,507019.7178,507019.7178,507678.0178,658.3,658.3,271.3,0.412122,1,p:2.1.3.1.2.2
U5958,238,FUSE0,507325.3178,507325.3178,507883.6178,558.3,558.3,271.3,0.485939,1,p:1.1.1.1.2.2
U5959,238,FUSE0,507520.1178,507520.1178,508258.4178,738.3,738.3,271.3,0.367466,1,p:2.1.5.1.2.2
U5960,238,FUSE0,507581.5104,507581.5104,511180.8178,3599.3074,3599.3074,271.3,0.075376,1,p:1.1.4.1.2.2
U5961,238,FUSE0,507630.9178,507630.9178,508289.2178,658.3,658.3,271.3,0.412122,1,p:2.1.3.1.2.2
U5962,238,FUSE0,507709.3178,507709.3178,508267.6178,558.3,558.3,271.3,0.485939,1,p:1.1.1.1.2.2
U5963,238,FUSE0,507914.9178,507914.9178,508653.2178,738.3,738.3,271.3,0.367466,1,p:2.1.5.1.2.2
U5964,238,FUSE0,507968.9178,507968.9178,508567.2178,598.3,598.3,271.3,0.453451,1,p:1.1.2.2.2.2
U5965,238,FUSE1,508212.5178,508212.5178,508932.8178,720.3,720.3,333.3,0.462724,1,p:2.1.3.1.2.2
U5966,238,FUSE1,508289.7178,508289.7178,511486.4178,3196.7,3196.7,333.3,0.104264,1,p:1.1.4.1.2.2
U5967,238,FUSE1,508298.9178,508298.9178,508939.2178,640.3,640.3,333.3,0.520537,1,p:2.1.1.1.2.2
U5968,238,FUSE1,508320.5178,508320.5178,509109.6178,789.1,789.1,333.3,0.42238,1,p:1.1.5.1.2.2
U5969,238,FUSE1,508456.1178,508456.1178,509136.4178,680.3,680.3,333.3,0.489931,1,p:2.1.2.2.2.2
U5970,238,FUSE1,508598.5178,508598.5178,511792.0178,3193.5,3193.5,333.3,0.104368,1,p:1.1.4.1.2.2
U5971,238,FUSE1,508684.5178,508684.5178,509404.8178,720.3,720.3,333.3,0.462724,1,p:2.1.3.1.2.2
U5972,238,FUSE1,508761.7178,508761.7178,509382.0178,620.3,620.3,333.3,0.537321,1,p:1.1.1.1.2.2
U5973,238,FUSE1,508964.1178,508964.1178,509764.4178,800.3,800.3,333.3,0.416469,1,p:2.1.5.1.2.2
U5974,238,FUSE2,508970.5178,508970.5178,509663.2178,692.7,692.7,365.7,0.527934,1,p:1.1.2.1.2.2
U5975,238,FUSE2,509067.3178,509067.3178,512130.0178,3062.7,3062.7,365.7,0.119404,1,p:2.1.4.1.2.2
U5976,238,FUSE2,509140.9178,509140.9178,509873.6178,732.7,732.7,365.7,0.499113,1,p:1.1.3.1.2.2
U5977,238,FUSE2,509167.7178,509167.7178,509840.4178,672.7,672.7,365.7,0.54363,1,p:2.1.1.1.2.2
U5978,238,FUSE2,509405.3178,509405.3178,510258.0178,852.7,852.7,365.7,0.428873,1,p:1.2.5.1.2.2
U5979,238,FUSE2,509413.3178,509413.3178,510126.0178,712.7,712.7,365.7,0.513119,1,p:2.1.2.1.2.2
U5980,238,FUSE2,509436.1178,509436.1178,512468.0178,3031.9,3031.9,365.7,0.120617,1,p:1.1.4.1.2.2
U5981,238,FUSE2,509694.5178,509694.5178,510447.2178,752.7,752.7,365.7,0.485851,1,p:2.1.3.1.2.2
U2154,87,FUSE0,509743.3178,509743.3178,510301.6178,558.3,558.3,271.3,0.485939,1,p:1.1.1.1.2.2
U2155,87,FUSE0,509795.7178,509795.7178,510554.0178,758.3,758.3,271.3,0.357774,1,p:2.1.5.1.2.1
U2156,87,FUSE0,509871.7178,509871.7178,510510.0178,638.3,638.3,271.3,0.425035,1,p:1.1.2.2.1.2
U2157,87,FUSE0,509904.9178,509904.9178,512711.6178,2806.7,2806.7,271.3,0.096662,1,p:2.1.4.1.2.2
U2158,87,FUSE0,509986.9178,509986.9178,510545.2178,558.3,558.3,271.3,0.485939,1,p:1.1.1.1.2.2
U2159,87,FUSE0,510157.3178,510157.3178,510895.6178,738.3,738.3,271.3,0.367466,1,p:2.1.5.1.2.2
U2160,87,FUSE0,510289.3178,510289.3178,510967.6178,678.3,678.3,271.3,0.399971,1,p:1.2.3.1.2.2
U2161,87,FUSE0,510293.9178,510293.9178,512955.2178,2661.3,2661.3,271.3,0.101943,1,p:2.1.4.1.2.2
U2162,87,FUSE1,510332.9178,510332.9178,510993.2178,660.3,660.3,333.3,0.504771,1,p:1.1.2.1.2.2
U2163,87,FUSE1,510478.5178,510478.5178,511118.8178,640.3,640.3,333.3,0.520537,1,p:2.1.1.1.2.2
U2164,87,FUSE1,510541.3178,510541.3178,511321.6178,780.3,780.3,333.3,0.427143,1,p:1.1.5.1.2.2
U2165,87,FUSE1,510576.5178,510576.5178,511296.8178,720.3,720.3,333.3,0.462724,1,p:2.1.3.1.2.2
U2166,87,FUSE1,510585.3178,510585.3178,511301.4178,716.1,716.1,333.3,0.465438,1,p:1.1.2.1.2.2
U2167,87,FUSE1,510630.5178,510630.5178,513260.8178,2630.3,2630.3,333.3,0.126716,1,p:2.1.4.1.2.2
U2168,87,FUSE1,510926.9178,510926.9178,511547.2178,620.3,620.3,333.3,0.537321,1,p:1.1.1.1.2.2
U2169,87,FUSE1,510968.5178,510968.5178,511768.8178,800.3,800.3,333.3,0.416469,1,p:2.1.5.1.2.2
U2170,87,FUSE2,510998.9178,510998.9178,511731.6178,732.7,732.7,365.7,0.499113,1,p:1.1.3.1.2.2
U2171,87,FUSE2,511024.5178,511024.5178,511737.2178,712.7,712.7,365.7,0.513119,1,p:2.1.2.1.2.2
U2172,87,FUSE2,511150.1178,511150.1178,513600.2178,2450.1,2450.1,365.7,0.149259,1,p:1.2.4.1.2.2
U2173,87,FUSE2,511212.1178,511212.1178,511885.2178,673.1,673.1,365.7,0.543307,1,p:2.1.1.1.2.2
U2174,87,FUSE2,511328.1178,511328.1178,512141.4178,813.3,813.3,365.7,0.44965,1,p:1.1.5.1.2.2
U2175,87,FUSE2,511332.7178,511332.7178,512085.4178,752.7,752.7,365.7,0.485851,1,p:2.1.3.1.2.2
U2176,87,FUSE2,511352.9178,511352.9178,512090.0178,737.1,737.1,365.7,0.496133,1,p:1.2.2.1.2.2
U2177,87,FUSE2,511517.7178,511517.7178,513938.2178,2420.5,2420.5,365.7,0.151084,1,p:2.1.4.1.2.2
U4865,194,FUSE0,511578.5178,511578.5178,512136.8178,558.3,558.3,271.3,0.485939,1,p:1.1.1.1.2.2
U4866,194,FUSE0,511762.9178,511762.9178,512501.2178,738.3,738.3,271.3,0.367466,1,p:2.1.5.1.2.2
U4867,194,FUSE0,511768.5178,511768.5178,512406.8178,638.3,638.3,271.3,0.425035,1,p:1.1.3.1.2.2
U4868,194,FUSE0,511800.1178,511800.1178,512418.4178,618.3,618.3,271.3,0.438784,1,p:2.1.2.1.2.2
U4869,194,FUSE0,511823.3178,511823.3178,514182.4178,2359.1,2359.1,271.3,0.115001,1,p:1.1.4.1.2.2
U4870,194,FUSE0,511916.5178,511916.5178,512494.8178,578.3,578.3,271.3,0.469134,1,p:2.1.1.1.2.2
U4871,194,FUSE0,512116.7178,512116.7178,512835.0178,718.3,718.3,271.3,0.377697,1,p:1.1.5.1.2.2
U4872,194,FUSE0,512121.3178,512121.3178,512779.6178,658.3,658.3,271.3,0.412122,1,p:2.1.3.1.2.2
U4873,194,FUSE1,512161.3178,512161.3178,512821.6178,660.3,660.3,333.3,0.504771,1,p:1.1.2.1.2.2
U4874,194,FUSE1,512168.1178,512168.1178,514486.0178,2317.9,2317.9,333.3,0.143794,1,p:2.1.4.1.2.2
U4875,194,FUSE1,512172.7178,512172.7178,512800.4178,627.7,627.7,333.3,0.530986,1,p:1.1.1.1.2.2
U4876,194,FUSE1,512438.1178,512438.1178,513240.4178,802.3,802.3,333.3,0.415431,1,p:2.1.5.1.2.2
U4877,194,FUSE1,512449.7178,512449.7178,513150.0178,700.3,700.3,333.3,0.475939,1,p:1.1.3.1.2.2
U4878,194,FUSE1,512499.3178,512499.3178,513179.6178,680.3,680.3,333.3,0.489931,1,p:2.1.2.1.2.2
U4879,194,FUSE1,512526.1178,512526.1178,514794.4178,2268.3,2268.3,333.3,0.146938,1,p:1.1.4.1.2.2
U4880,194,FUSE1,512532.5178,512532.5178,513172.8178,640.3,640.3,333.3,0.520537,1,p:2.1.1.1.2.2
U4881,194,FUSE2,512742.9178,512742.9178,513595.6178,852.7,852.7,365.7,0.428873,1,p:1.2.5.1.2.2
U4882,194,FUSE2,512810.9178,512810.9178,513563.6178,752.7,752.7,365.7,0.485851,1,p:2.1.3.1.2.2
U4883,194,FUSE2,512831.7178,512831.7178,513534.0178,702.3,702.3,365.7,0.520718,1,p:1.1.2.1.2.2
U4884,194,FUSE2,512852.9178,512852.9178,515132.4178,2279.5,2279.5,365.7,0.16043,1,p:2.1.4.1.2.2
U4885,194,FUSE2,512866.3178,512866.3178,513519.0178,652.7,652.7,365.7,0.560288,1,p:1.1.1.1.2.2
U4886,194,FUSE2,512986.5178,512986.5178,513933.6178,947.1,947.1,365.7,0.386126,1,p:2.1.5.1.2.2
U4887,194,FUSE2,513181.3178,513181.3178,513914.0178,732.7,732.7,365.7,0.499113,1,p:1.1.3.1.2.2
U4888,194,FUSE2,513204.1178,513204.1178,513918.6178,714.5,714.5,365.7,0.511826,1,p:2.1.2.1.2.2
U588,24,FUSE0,513210.9178,513210.9178,515373.2178,2162.3,2162.3,271.3,0.125468,1,p:1.1.4.1.2.2
U589,24,FUSE0,513271.7178,513271.7178,513850.0178,578.3,578.3,271.3,0.469134,1,p:2.1.1.1.2.2
U590,24,FUSE0,513292.1178,513292.1178,514177.8178,885.7,885.7,271.3,0.306311,1,p:1.2.5.1.2.2
U591,24,FUSE0,513550.3178,513550.3178,514214.0178,663.7,663.7,271.3,0.408769,1,p:2.1.3.1.2.2
U592,24,FUSE0,513565.3178,513565.3178,515616.8178,2051.5,2051.5,271.3,0.132245,1,p:1.1.4.1.2.2
U593,24,FUSE0,513594.9178,513594.9178,514173.2178,578.3,578.3,271.3,0.469134,1,p:2.1.1.1.2.2
U594,24,FUSE0,513626.9178,513626.9178,514225.2178,598.3,598.3,271.3,0.453451,1,p:1.1.2.1.2.2
U595,24,FUSE0,513631.5178,513631.5178,514420.8178,789.3,789.3,271.3,0.343722,1,p:2.1.5.1.2.2
U596,24,FUSE0,513881.3178,513881.3178,514519.6178,638.3,638.3,271.3,0.425035,1,p:1.1.3.1.2.2
U597,24,FUSE1,513945.3178,513945.3178,515922.4178,1977.1,1977.1,333.3,0.16858,1,p:2.1.4.1.2.2
U598,24,FUSE1,513949.9178,513949.9178,514570.2178,620.3,620.3,333.3,0.537321,1,p:1.1.1.1.2.2
U599,24,FUSE1,513964.9178,513964.9178,514645.2178,680.3,680.3,333.3,0.489931,1,p:2.1.2.1.2.2
U600,24,FUSE1,513969.5178,513969.5178,514789.8178,820.3,820.3,333.3,0.406315,1,p:1.2.5.1.2.2
U601,24,FUSE1,514204.5178,514204.5178,514924.8178,720.3,720.3,333.3,0.462724,1,p:2.1.3.1.2.2
U602,24,FUSE1,514209.1178,514209.1178,516228.0178,2018.9,2018.9,333.3,0.16509,1,p:1.1.4.1.2.2
U603,24,FUSE1,514213.7178,514213.7178,514875.8178,662.1,662.1,333.3,0.503398,1,p:2.1.1.1.2.2
U604,24,FUSE1,514245.3178,514245.3178,514950.8178,705.5,705.5,333.3,0.472431,1,p:1.2.2.1.2.2
U605,24,FUSE2,514256.5178,514256.5178,515127.8178,871.3,871.3,365.7,0.419718,1,p:2.1.5.1.2.2
U606,24,FUSE2,514452.1178,514452.1178,515262.8178,810.7,810.7,365.7,0.451092,1,p:1.1.3.1.2.2
U607,24,FUSE2,514517.3178,514517.3178,516566.0178,2048.7,2048.7,365.7,0.178503,1,p:2.1.4.1.2.2
U608,24,FUSE2,514550.9178,514550.9178,515213.8178,662.9,662.9,365.7,0.551667,1,p:1.1.1.1.2.2
U609,24,FUSE2,514601.5178,514601.5178,515314.2178,712.7,712.7,365.7,0.513119,1,p:2.1.2.1.2.2
U610,24,FUSE2,514676.5178,514676.5178,515489.2178,812.7,812.7,365.7,0.449982,1,p:1.1.5.1.2.2
U611,24,FUSE2,514821.1178,514821.1178,515600.8178,779.7,779.7,365.7,0.469027,1,p:2.1.3.1.2.2
U612,24,FUSE2,514825.7178,514825.7178,516904.0178,2078.3,2078.3,365.7,0.175961,1,p:1.1.4.1.2.2
U613,24,FUSE2,514907.1178,514907.1178,515579.8178,672.7,672.7,365.7,0.54363,1,p:2.1.1.2.2.2
U1692,68,FUSE0,514956.1178,514956.1178,515594.4178,638.3,638.3,271.3,0.425035,1,p:1.2.2.1.2.2
U1693,68,FUSE0,514982.1178,514982.1178,515732.8178,750.7,750.7,271.3,0.361396,1,p:2.1.5.1.2.2
U1694,68,FUSE0,515159.1178,515159.1178,515844.4178,685.3,685.3,271.3,0.395885,1,p:1.1.3.1.2.2
U1695,68,FUSE0,515163.7178,515163.7178,515838.0178,674.3,674.3,271.3,0.402343,1,p:2.1.2.1.2.2
U1696,68,FUSE0,515245.1178,515245.1178,517147.6178,1902.5,1902.5,271.3,0.142602,1,p:1.1.4.1.2.2
U1697,68,FUSE0,515294.1178,515294.1178,516032.4178,738.3,738.3,271.3,0.367466,1,p:2.1.5.1.2.2
U1698,68,FUSE0,515345.5178,515345.5178,515903.8178,558.3,558.3,271.3,0.485939,1,p:1.1.1.2.2.2
U1699,68,FUSE0,515404.5178,515404.5178,516088.0178,683.5,683.5,271.3,0.396928,1,p:2.1.3.1.2.2
U1700,68,FUSE0,515520.5178,515520.5178,516118.8178,598.3,598.3,271.3,0.453451,1,p:1.1.2.1.2.2
U1701,68,FUSE1,515611.1178,515611.1178,517453.2178,1842.1,1842.1,333.3,0.180935,1,p:2.1.4.1.2.2
U1702,68,FUSE1,515625.7178,515625.7178,516449.0178,823.3,823.3,333.3,0.404834,1,p:1.2.5.1.2.2
U1703,68,FUSE1,515632.1178,515632.1178,516278.8178,646.7,646.7,333.3,0.515386,1,p:2.1.1.2.2.2
U1704,68,FUSE1,515648.1178,515648.1178,516393.6178,745.5,745.5,333.3,0.447082,1,p:1.1.3.1.2.2
U1705,68,FUSE1,515764.1178,515764.1178,516444.4178,680.3,680.3,333.3,0.489931,1,p:2.1.2.1.2.2
U1706,68,FUSE1,515869.3178,515869.3178,517758.8178,1889.5,1889.5,333.3,0.176396,1,p:1.1.4.1.2.2
U1707,68,FUSE1,515875.7178,515875.7178,516751.6178,875.9,875.9,333.3,0.380523,1,p:2.1.5.1.2.2
U1708,68,FUSE1,515935.1178,515935.1178,516595.4178,660.3,660.3,333.3,0.504771,1,p:1.2.1.2.2.2
U1709,68,FUSE1,515953.7178,515953.7178,516699.2178,745.5,745.5,333.3,0.447082,1,p:2.1.3.1.2.2
U1710,68,FUSE2,516063.7178,516063.7178,516782.4178,718.7,718.7,365.7,0.508835,1,p:1.1.2.1.2.2
U1711,68,FUSE2,516119.3178,516119.3178,518096.8178,1977.5,1977.5,365.7,0.18493,1,p:2.1.4.1.2.2
U1712,68,FUSE2,516150.1178,516150.1178,517089.6178,939.5,939.5,365.7,0.38925,1,p:1.1.5.1.2.2
U1713,68,FUSE2,516259.3178,516259.3178,516933.4178,674.1,674.1,365.7,0.542501,1,p:2.1.1.2.2.2
U1714,68,FUSE2,516310.1178,516310.1178,517042.8178,732.7,732.7,365.7,0.499113,1,p:1.1.3.1.2.2
U1715,68,FUSE2,516424.9178,516424.9178,517137.6178,712.7,712.7,365.7,0.513119,1,p:2.1.2.1.2.2
U1716,68,FUSE2,516475.7178,516475.7178,518434.8178,1959.1,1959.1,365.7,0.186667,1,p:1.1.4.1.2.2
U1717,68,FUSE2,516480.3178,516480.3178,517427.6178,947.3,947.3,365.7,0.386045,1,p:2.1.5.1.2.2
U6305,252,FUSE0,516597.3178,516597.3178,517195.6178,598.3,598.3,271.3,0.453451,1,p:1.2.1.1.2.2
U6306,252,FUSE0,516626.7178,516626.7178,517286.4178,659.7,659.7,271.3,0.411248,1,p:2.1.3.1.2.2
U6307,252,FUSE0,516730.5178,516730.5178,517381.2178,650.7,650.7,271.3,0.416936,1,p:1.1.2.1.2.2
U6308,252,FUSE0,516782.9178,516782.9178,517439.2178,656.3,656.3,271.3,0.413378,1,p:2.1.1.1.2.2
U6309,252,FUSE0,516813.7178,516813.7178,518678.4178,1864.7,1864.7,271.3,0.145493,1,p:1.1.4.1.2.2
U6310,252,FUSE0,516935.3178,516935.3178,517593.6178,658.3,658.3,271.3,0.412122,1,p:2.1.3.1.2.2
U6311,252,FUSE0,516964.7178,516964.7178,517687.4178,722.7,722.7,271.3,0.375398,1,p:1.1.5.1.2.2
U6312,252,FUSE0,517074.1178,517074.1178,517692.4178,618.3,618.3,271.3,0.438784,1,p:2.1.2.1.2.2
U6313,252,FUSE0,517120.9178,517120.9178,517682.8178,561.9,561.9,271.3,0.482826,1,p:1.1.1.1.2.2
U6314,252,FUSE0,517168.9178,517168.9178,518922.0178,1753.1,1753.1,271.3,0.154754,1,p:2.1.4.1.2.2
U6315,252,FUSE1,517178.9178,517178.9178,517919.2178,740.3,740.3,333.3,0.450223,1,p:1.2.3.1.2.2
U6316,252,FUSE1,517226.9178,517226.9178,518027.2178,800.3,800.3,333.3,0.416469,1,p:2.1.5.1.2.2
U6317,252,FUSE1,517317.7178,517317.7178,517998.0178,680.3,680.3,333.3,0.489931,1,p:1.1.2.1.2.2
U6318,252,FUSE1,517412.5178,517412.5178,518052.8178,640.3,640.3,333.3,0.520537,1,p:2.1.1.1.2.2
U6319,252,FUSE1,517458.9178,517458.9178,519229.4178,1770.5,1770.5,333.3,0.188252,1,p:1.1.4.1.2.2
U6320,252,FUSE1,517470.5178,517470.5178,518224.8178,754.3,754.3,333.3,0.441867,1,p:2.1.3.1.2.2
U6321,252,FUSE1,517484.5178,517484.5178,518332.8178,848.3,848.3,333.3,0.392903,1,p:1.2.5.1.2.2
U6322,252,FUSE1,517624.9178,517624.9178,518305.2178,680.3,680.3,333.3,0.489931,1,p:2.1.2.1.2.2
U6323,252,FUSE1,517714.1178,517714.1178,518358.4178,644.3,644.3,333.3,0.517306,1,p:1.1.1.1.2.2
U6324,252,FUSE1,517718.7178,517718.7178,519533.2178,1814.5,1814.5,333.3,0.183687,1,p:2.1.4.1.2.2
U6325,252,FUSE2,517723.7178,517723.7178,518562.8178,839.1,839.1,365.7,0.435824,1,p:1.1.3.1.2.2
U6326,252,FUSE2,517790.1178,517790.1178,518670.8178,880.7,880.7,365.7,0.415238,1,p:2.1.5.1.2.2
U6327,252,FUSE2,517950.5178,517950.5178,518643.2178,692.7,692.7,365.7,0.527934,1,p:1.1.2.1.2.2
U6328,252,FUSE2,518029.3178,518029.3178,518702.0178,672.7,672.7,365.7,0.54363,1,p:2.1.1.1.2.2
U6329,252,FUSE2,518058.5178,518058.5178,519871.2178,1812.7,1812.7,365.7,0.201743,1,p:1.1.4.1.2.2
U6330,252,FUSE2,518084.1178,518084.1178,518900.8178,816.7,816.7,365.7,0.447778,1,p:2.1.3.1.2.2
U6331,252,FUSE2,518128.1178,518128.1178,519008.8178,880.7,880.7,365.7,0.415238,1,p:1.1.5.1.2.2
U6332,252,FUSE2,518256.1178,518256.1178,518981.2178,725.1,725.1,365.7,0.504344,1,p:2.1.2.1.2.2
U6333,252,FUSE2,518336.5178,518336.5178,519040.0178,703.5,703.5,365.7,0.519829,1,p:1.1.1.1.2.2
U6334,252,FUSE2,518364.1178,518364.1178,520209.2178,1845.1,1845.1,365.7,0.198201,1,p:2.1.4.1.2.2
U8123,325,FUSE0,518389.7178,518389.7178,519144.4178,754.7,754.7,271.3,0.359481,1,p:1.1.3.1.2.2
U8124,325,FUSE0,518466.1178,518466.1178,519252.4178,786.3,786.3,271.3,0.345034,1,p:2.1.5.1.2.2
U8125,325,FUSE0,518594.1178,518594.1178,519224.8178,630.7,630.7,271.3,0.430157,1,p:1.1.2.1.2.2
U8126,325,FUSE0,518674.5178,518674.5178,519283.6178,609.1,609.1,271.3,0.445411,1,p:2.1.1.1.2.2
U8127,325,FUSE0,518702.1178,518702.1178,520452.8178,1750.7,1750.7,271.3,0.154967,1,p:1.1.4.1.2.2
U8128,325,FUSE0,518709.7178,518709.7178,519388.0178,678.3,678.3,271.3,0.399971,1,p:2.1.3.1.2.2
U8129,325,FUSE0,518733.3178,518733.3178,519496.0178,762.7,762.7,271.3,0.35571,1,p:1.1.5.1.2.2
U8130,325,FUSE0,518932.1178,518932.1178,519550.4178,618.3,618.3,271.3,0.438784,1,p:2.1.2.1.2.2
U8131,325,FUSE1,518953.3178,518953.3178,519589.2178,635.9,635.9,333.3,0.524139,1,p:1.1.1.1.2.2
U8132,325,FUSE1,519012.5178,519012.5178,520758.4178,1745.9,1745.9,333.3,0.190904,1,p:2.1.4.1.2.2
U8133,325,FUSE1,519040.1178,519040.1178,519743.2178,703.1,703.1,333.3,0.474044,1,p:1.1.3.1.2.2
U8134,325,FUSE1,519071.3178,519071.3178,519875.8178,804.5,804.5,333.3,0.414295,1,p:2.1.5.1.2.2
U8135,325,FUSE1,519175.7178,519175.7178,519856.0178,680.3,680.3,333.3,0.489931,1,p:1.1.2.1.2.2
U8136,325,FUSE1,519256.1178,519256.1178,519896.4178,640.3,640.3,333.3,0.520537,1,p:2.1.1.1.2.2
U8137,325,FUSE1,519260.7178,519260.7178,521064.0178,1803.3,1803.3,333.3,0.184828,1,p:1.1.4.1.2.2
U8138,325,FUSE1,519283.7178,519283.7178,520048.8178,765.1,765.1,333.3,0.435629,1,p:2.1.3.1.2.2
U8139,325,FUSE2,519314.9178,519314.9178,520213.8178,898.9,898.9,365.7,0.406831,1,p:1.2.5.1.2.2
U8140,325,FUSE2,519419.3178,519419.3178,520194.0178,774.7,774.7,365.7,0.472054,1,p:2.1.2.1.2.2
U8141,325,FUSE2,519527.3178,519527.3178,520234.4178,707.1,707.1,365.7,0.517183,1,p:1.1.1.1.2.2
U8142,325,FUSE2,519564.5178,519564.5178,521402.0178,1837.5,1837.5,365.7,0.19902,1,p:2.1.4.1.2.2
U8143,325,FUSE2,519581.7178,519581.7178,520386.8178,805.1,805.1,365.7,0.454229,1,p:1.1.3.1.2.2
U8144,325,FUSE2,519620.5178,519620.5178,520547.6178,927.1,927.1,365.7,0.394456,1,p:2.1.5.1.2.2
U8145,325,FUSE2,519774.5178,519774.5178,520532.0178,757.5,757.5,365.7,0.482772,1,p:1.1.2.1.2.2
U8146,325,FUSE2,519887.3178,519887.3178,520572.4178,685.1,685.1,365.7,0.533791,1,p:2.1.1.1.2.2
U8147,325,FUSE2,519902.5178,519902.5178,521740.0178,1837.5,1837.5,365.7,0.19902,1,p:1.1.4.1.2.2
U1585,64,FUSE0,519907.1178,519907.1178,520630.4178,723.3,723.3,271.3,0.375086,1,p:2.1.3.1.2.2
U1586,64,FUSE0,519927.7178,519927.7178,520791.2178,863.5,863.5,271.3,0.314186,1,p:1.2.5.1.2.2
U1587,64,FUSE0,520080.1178,520080.1178,520775.6178,695.5,695.5,271.3,0.390079,1,p:2.1.2.1.2.2
U1588,64,FUSE0,520225.3178,520225.3178,520874.0178,648.7,648.7,271.3,0.418221,1,p:1.1.3.1.2.2
U1589,64,FUSE0,520240.5178,520240.5178,520818.8178,578.3,578.3,271.3,0.469134,1,p:2.1.1.1.2.2
U1590,64,FUSE0,520245.1178,520245.1178,521034.8178,789.7,789.7,271.3,0.343548,1,p:1.1.5.1.2.2
U1591,64,FUSE0,520265.7178,520265.7178,521983.6178,1717.9,1717.9,271.3,0.157925,1,p:2.1.4.1.2.2
U1592,64,FUSE0,520418.1178,520418.1178,521019.2178,601.1,601.1,271.3,0.451339,1,p:1.1.2.1.2.2
U1593,64,FUSE0,520484.1178,520484.1178,521142.4178,658.3,658.3,271.3,0.412122,1,p:2.1.3.1.2.2
U1594,64,FUSE1,520563.3178,520563.3178,521183.6178,620.3,620.3,333.3,0.537321,1,p:1.1.1.1.2.2
U1595,64,FUSE1,520578.9178,520578.9178,521379.2178,800.3,800.3,333.3,0.416469,1,p:2.1.5.1.2.2
U1596,64,FUSE1,520603.7178,520603.7178,522289.2178,1685.5,1685.5,333.3,0.197745,1,p:1.2.4.1.2.2
U1597,64,FUSE1,520661.7178,520661.7178,521342.0178,680.3,680.3,333.3,0.489931,1,p:2.1.2.1.2.2
U1598,64,FUSE1,520789.7178,520789.7178,521493.8178,704.1,704.1,333.3,0.47337,1,p:1.1.3.1.2.2
U1599,64,FUSE1,520806.9178,520806.9178,521489.2178,682.3,682.3,333.3,0.488495,1,p:2.1.1.1.2.2
U1600,64,FUSE1,520822.5178,520822.5178,521684.8178,862.3,862.3,333.3,0.386524,1,p:1.2.5.1.2.2
U1601,64,FUSE1,520850.1178,520850.1178,522594.8178,1744.7,1744.7,333.3,0.191036,1,p:2.1.4.1.2.2
U1602,64,FUSE1,520905.3178,520905.3178,521647.6178,742.3,742.3,333.3,0.44901,1,p:1.2.2.1.2.2
U1603,64,FUSE2,521050.5178,521050.5178,521831.8178,781.3,781.3,365.7,0.468066,1,p:2.1.3.1.2.2
U1604,64,FUSE2,521066.1178,521066.1178,521827.2178,761.1,761.1,365.7,0.480489,1,p:1.1.1.1.2.2
U1605,64,FUSE2,521095.3178,521095.3178,522022.8178,927.5,927.5,365.7,0.394286,1,p:2.1.5.1.2.2
U1606,64,FUSE2,521173.7178,521173.7178,522932.8178,1759.1,1759.1,365.7,0.20789,1,p:1.1.4.1.2.2
U1607,64,FUSE2,521214.9178,521214.9178,521988.2178,773.3,773.3,365.7,0.472908,1,p:2.1.2.1.2.2
U1608,64,FUSE2,521373.3178,521373.3178,522169.8178,796.5,796.5,365.7,0.459134,1,p:1.1.3.1.2.2
U1609,64,FUSE2,521410.5178,521410.5178,522165.2178,754.7,754.7,365.7,0.484563,1,p:2.1.1.1.2.2
U1610,64,FUSE2,521433.3178,521433.3178,522360.8178,927.5,927.5,365.7,0.394286,1,p:1.1.5.1.2.2
U1611,64,FUSE2,521520.5178,521520.5178,523270.8178,1750.3,1750.3,365.7,0.208936,1,p:2.1.4.1.2.2
U1612,64,FUSE2,521525.1178,521525.1178,522323.6178,798.5,798.5,365.7,0.457984,1,p:1.2.2.1.2.2
U3015,121,FUSE0,521678.9178,521678.9178,522413.4178,734.5,734.5,271.3,0.369367,1,p:2.1.3.1.2.2
U3016,121,FUSE0,521716.1178,521716.1178,522408.8178,692.7,692.7,271.3,0.391656,1,p:1.1.1.1.2.2
U3017,121,FUSE0,521771.3178,521771.3178,522604.4178,833.1,833.1,271.3,0.325651,1,p:2.1.5.1.2.2
U3018,121,FUSE0,521858.5178,521858.5178,523514.4178,1655.9,1655.9,271.3,0.163838,1,p:1.1.4.1.2.2
U3019,121,FUSE0,521863.1178,521863.1178,522567.2178,704.1,704.1,271.3,0.385315,1,p:2.1.2.1.2.2
U3020,121,FUSE0,522014.9178,522014.9178,522657.0178,642.1,642.1,271.3,0.42252,1,p:1.1.3.1.2.2
U3021,121,FUSE0,522019.5178,522019.5178,522652.4178,632.9,632.9,271.3,0.428662,1,p:2.1.1.1.2.2
U3022,121,FUSE1,522054.1178,522054.1178,522910.0178,855.9,855.9,333.3,0.389415,1,p:1.1.5.1.2.2
U3023,121,FUSE1,522196.5178,522196.5178,523820.0178,1623.5,1623.5,333.3,0.205297,1,p:2.1.4.1.2.2
U3024,121,FUSE1,522201.1178,522201.1178,522901.4178,700.3,700.3,333.3,0.475939,1,p:1.2.2.1.2.2
U3025,121,FUSE1,522320.5178,522320.5178,523040.8178,720.3,720.3,333.3,0.462724,1,p:2.1.3.1.2.2
U3026,121,FUSE1,522354.9178,522354.9178,522975.2178,620.3,620.3,333.3,0.537321,1,p:1.1.1.1.2.2
U3027,121,FUSE1,522392.1178,522392.1178,523215.6178,823.5,823.5,333.3,0.404736,1,p:2.1.5.1.2.2
U3028,121,FUSE1,522440.1178,522440.1178,524125.6178,1685.5,1685.5,333.3,0.197745,1,p:1.1.4.1.2.2
U3029,121,FUSE2,522444.7178,522444.7178,523239.4178,794.7,794.7,365.7,0.460174,1,p:2.1.2.1.2.2
U3030,121,FUSE2,522598.5178,522598.5178,523378.8178,780.3,780.3,365.7,0.468666,1,p:1.1.3.1.2.2
U3031,121,FUSE2,522626.1178,522626.1178,523313.2178,687.1,687.1,365.7,0.532237,1,p:2.1.1.1.2.2
U3032,121,FUSE2,522635.7178,522635.7178,523553.6178,917.9,917.9,365.7,0.398409,1,p:1.1.5.1.2.2
U3033,121,FUSE2,522683.7178,522683.7178,524463.6178,1779.9,1779.9,365.7,0.205461,1,p:2.1.4.1.2.2
U3034,121,FUSE2,522688.3178,522688.3178,523577.4178,889.1,889.1,365.7,0.411315,1,p:1.2.2.1.2.2
U3035,121,FUSE2,522932.7178,522932.7178,523716.8178,784.1,784.1,365.7,0.466395,1,p:2.1.3.1.2.2
U3479,140,FUSE0,522941.3178,522941.3178,523558.2178,616.9,616.9,271.3,0.43978,1,p:1.1.1.2.2.2
U3480,140,FUSE0,522964.1178,522964.1178,523797.2178,833.1,833.1,271.3,0.325651,1,p:2.1.5.1.2.2
U3481,140,FUSE0,523006.5178,523006.5178,524707.2178,1700.7,1700.7,271.3,0.159523,1,p:1.1.4.1.2.2
U3482,140,FUSE0,523072.1178,523072.1178,523824.6178,752.5,752.5,271.3,0.360532,1,p:2.1.2.1.2.2
U3483,140,FUSE0,523246.9178,523246.9178,523960.4178,713.5,713.5,271.3,0.380238,1,p:1.1.3.1.2.2
U3484,140,FUSE0,523270.7178,523270.7178,523849.0178,578.3,578.3,271.3,0.469134,1,p:2.1.1.2.2.2
U3485,140,FUSE0,523302.1178,523302.1178,524040.8178,738.7,738.7,271.3,0.367267,1,p:1.1.5.1.2.2
U3486,140,FUSE0,523344.5178,523344.5178,524950.8178,1606.3,1606.3,271.3,0.168897,1,p:2.1.4.1.2.2
U3487,140,FUSE1,523410.1178,523410.1178,524130.2178,720.1,720.1,333.3,0.462852,1,p:1.2.2.1.2.2
U3488,140,FUSE1,523545.7178,523545.7178,524266.0178,720.3,720.3,333.3,0.462724,1,p:2.1.3.1.2.2
U3489,140,FUSE1,523584.9178,523584.9178,524205.2178,620.3,620.3,333.3,0.537321,1,p:1.1.1.2.2.2
U3490,140,FUSE1,523589.5178,523589.5178,524399.4178,809.9,809.9,333.3,0.411532,1,p:2.1.5.1.2.2
U3491,140,FUSE1,523608.7178,523608.7178,525256.4178,1647.7,1647.7,333.3,0.202282,1,p:1.1.4.1.2.2
U3492,140,FUSE1,523748.1178,523748.1178,524432.2178,684.1,684.1,333.3,0.487209,1,p:2.1.2.1.2.2
U3493,140,FUSE1,523828.5178,523828.5178,524571.6178,743.1,743.1,333.3,0.448526,1,p:1.1.3.1.2.2
U3494,140,FUSE1,523851.3178,523851.3178,524510.8178,659.5,659.5,333.3,0.505383,1,p:2.1.1.2.2.2
U3495,140,FUSE2,523855.9178,523855.9178,524737.4178,881.5,881.5,365.7,0.414861,1,p:1.1.5.1.2.2
U3496,140,FUSE2,523880.3178,523880.3178,525594.4178,1714.1,1714.1,365.7,0.213348,1,p:2.1.4.1.2.2
U3497,140,FUSE2,523991.7178,523991.7178,524770.2178,778.5,778.5,365.7,0.46975,1,p:1.2.2.1.2.2
U3498,140,FUSE2,524072.1178,524072.1178,524909.6178,837.5,837.5,365.7,0.436657,1,p:2.1.3.1.2.2
U3499,140,FUSE2,524156.9178,524156.9178,524849.6178,692.7,692.7,365.7,0.527934,1,p:1.2.1.2.2.2
U3500,140,FUSE2,524161.5178,524161.5178,525075.4178,913.9,913.9,365.7,0.400153,1,p:2.1.5.1.2.2
U3501,140,FUSE2,524236.5178,524236.5178,525932.4178,1695.9,1695.9,365.7,0.215638,1,p:1.1.4.1.2.2
U8404,336,FUSE0,524297.3178,524297.3178,525013.8178,716.5,716.5,271.3,0.378646,1,p:2.1.2.1.2.2
U8405,336,FUSE0,524430.7178,524430.7178,525153.2178,722.5,722.5,271.3,0.375502,1,p:1.1.3.1.2.2
U8406,336,FUSE0,524463.5178,524463.5178,531600.7729,7137.2551,7137.2551,271.3,0.038012,1,p:2.1.1.2.2.2
U8407,336,FUSE0,524494.9178,524494.9178,525319.0178,824.1,824.1,271.3,0.329208,1,p:1.1.5.1.2.2
U8408,336,FUSE0,524542.1178,524542.1178,526176.0178,1633.9,1633.9,271.3,0.166044,1,p:2.1.4.1.2.2
U8409,336,FUSE0,524602.9178,524602.9178,525261.0178,658.1,658.1,271.3,0.412247,1,p:1.2.2.1.2.2
U8410,336,FUSE0,524738.5178,524738.5178,525396.8178,658.3,658.3,271.3,0.412122,1,p:2.1.3.1.2.2
U8411,336,FUSE0,524768.7178,524768.7178,531844.3729,7075.6551,7075.6551,271.3,0.038343,1,p:1.2.1.2.2.2
U8412,336,FUSE0,524801.5178,524801.5178,525562.6178,761.1,761.1,271.3,0.356458,1,p:2.1.5.1.2.2
U8413,336,FUSE1,524880.9178,524880.9178,526481.6178,1600.7,1600.7,333.3,0.208221,1,p:1.1.4.1.2.2
U8414,336,FUSE1,524940.9178,524940.9178,525621.2178,680.3,680.3,333.3,0.489931,1,p:2.1.2.1.2.2
U8415,336,FUSE1,524982.1178,524982.1178,525702.4178,720.3,720.3,333.3,0.462724,1,p:1.1.3.1.2.2
U8416,336,FUSE1,525045.1178,525045.1178,532149.9729,7104.8551,7104.8551,333.3,0.046912,1,p:2.1.1.2.2.2
U8417,336,FUSE1,525106.7178,525106.7178,525887.0178,780.3,780.3,333.3,0.427143,1,p:1.1.5.1.2.2
U8418,336,FUSE1,525184.5178,525184.5178,526787.2178,1602.7,1602.7,333.3,0.207962,1,p:2.1.4.1.2.2
U8419,336,FUSE1,525287.7178,525287.7178,525988.0178,700.3,700.3,333.3,0.475939,1,p:1.2.2.1.2.2
U8420,336,FUSE1,525292.3178,525292.3178,526012.6178,720.3,720.3,333.3,0.462724,1,p:2.1.3.1.2.2
U8421,336,FUSE1,525350.3178,525350.3178,532455.5729,7105.2551,7105.2551,333.3,0.046909,1,p:1.2.1.2.2.2
U8422,336,FUSE2,525428.1178,525428.1178,526260.8178,832.7,832.7,365.7,0.439174,1,p:2.1.5.1.2.2
U8423,336,FUSE2,525593.9178,525593.9178,527125.2178,1531.3,1531.3,365.7,0.238817,1,p:1.1.4.1.2.2
U8424,336,FUSE2,525625.7178,525625.7178,526338.4178,712.7,712.7,365.7,0.513119,1,p:2.1.2.1.2.2
U8425,336,FUSE2,525652.5178,525652.5178,526388.8178,736.3,736.3,365.7,0.496673,1,p:1.1.3.1.2.2
U8426,336,FUSE2,525733.7178,525733.7178,532793.5729,7059.8551,7059.8551,365.7,0.0518,1,p:2.1.1.2.2.2
U8427,336,FUSE2,525918.3178,525918.3178,526731.0178,812.7,812.7,365.7,0.449982,1,p:1.1.5.1.2.2
U8428,336,FUSE2,525963.7178,525963.7178,527466.2178,1502.5,1502.5,365.7,0.243394,1,p:2.1.4.1.2.2
U8429,336,FUSE2,526019.3178,526019.3178,526712.0178,692.7,692.7,365.7,0.527934,1,p:1.1.2.1.2.2
U4103,165,FUSE0,526043.9178,526043.9178,526702.2178,658.3,658.3,271.3,0.412122,1,p:2.1.3.1.2.2
U4104,165,FUSE0,526207.3178,526207.3178,533037.1729,6829.8551,6829.8551,271.3,0.039723,1,p:1.2.1.2.2.2
U4105,165,FUSE0,526292.1178,526292.1178,527030.4178,738.3,738.3,271.3,0.367466,1,p:2.1.5.1.2.2
U4106,165,FUSE0,526369.7178,526369.7178,527706.8178,1337.1,1337.1,271.3,0.202902,1,p:1.1.4.1.2.2
U4107,165,FUSE0,526420.1178,526420.1178,527078.4178,658.3,658.3,271.3,0.412122,1,p:2.1.3.1.2.2
U4108,165,FUSE0,526512.9178,526512.9178,533280.7729,6767.8551,6767.8551,271.3,0.040087,1,p:1.1.1.2.2.2
U4109,165,FUSE0,526733.5178,526733.5178,527352.0178,618.5,618.5,271.3,0.438642,1,p:2.1.2.1.2.2
U4110,165,FUSE0,526743.3178,526743.3178,527461.6178,718.3,718.3,271.3,0.377697,1,p:1.1.5.1.2.2
U4111,165,FUSE0,526762.3178,526762.3178,529805.0114,3042.6935,3042.6935,271.3,0.089164,1,p:2.1.4.1.2.2
U4112,165,FUSE0,526818.5178,526818.5178,527456.8178,638.3,638.3,271.3,0.425035,1,p:1.1.3.1.2.2
U4113,165,FUSE1,527061.7178,527061.7178,533586.3729,6524.6551,6524.6551,333.3,0.051083,1,p:2.1.1.1.2.2
U4114,165,FUSE1,527109.7178,527109.7178,527810.0178,700.3,700.3,333.3,0.475939,1,p:1.2.2.1.2.2
U4115,165,FUSE1,527156.5178,527156.5178,529809.6114,2653.0935,2653.0935,333.3,0.125627,1,p:2.1.5.1.2.2
U4116,165,FUSE1,527383.3178,527383.3178,529823.4114,2440.0935,2440.0935,333.3,0.136593,1,p:1.1.4.1.2.2
U4117,165,FUSE1,527488.1178,527488.1178,529818.8114,2330.6935,2330.6935,333.3,0.143005,1,p:2.1.3.1.2.2
U4118,165,FUSE1,527492.9178,527492.9178,533891.9729,6399.0551,6399.0551,333.3,0.052086,1,p:1.1.1.1.2.2
U4119,165,FUSE1,527497.5178,527497.5178,529814.2114,2316.6935,2316.6935,333.3,0.143869,1,p:2.1.2.1.2.2
U4120,165,FUSE1,527738.1178,527738.1178,529828.0114,2089.8935,2089.8935,333.3,0.159482,1,p:1.1.5.1.2.2
U4121,165,FUSE1,527841.3178,527841.3178,529832.6114,1991.2935,1991.2935,333.3,0.167379,1,p:2.1.3.1.2.2
U4122,165,FUSE2,529836.3114,529836.3114,530609.0114,772.7,772.7,365.7,0.473276,1,p:1.1.4.1.2.2
U4123,165,FUSE2,529840.9114,529840.9114,534229.9729,4389.0616,4389.0616,365.7,0.083321,1,p:2.1.1.1.2.2
U4124,165,FUSE2,529845.5114,529845.5114,530578.2114,732.7,732.7,365.7,0.499113,1,p:1.2.2.1.2.2
U4125,165,FUSE2,529850.1114,529850.1114,530688.2114,838.1,838.1,365.7,0.436344,1,p:2.1.5.1.2.2
U4126,165,FUSE2,529854.7114,529854.7114,530587.4114,732.7,732.7,365.7,0.499113,1,p:1.1.3.1.2.2
U4127,165,FUSE2,529859.3114,529859.3114,530947.0114,1087.7,1087.7,365.7,0.336214,1,p:2.1.4.1.2.2
U4128,165,FUSE2,529863.9114,529863.9114,534567.9729,4704.0616,4704.0616,365.7,0.077741,1,p:1.2.1.1.2.2
U4129,165,FUSE2,530609.5114,530609.5114,531322.2114,712.7,712.7,365.7,0.513119,1,p:2.1.2.1.2.2
U4130,165,FUSE2,530618.7114,530618.7114,531431.4114,812.7,812.7,365.7,0.449982,1,p:1.1.5.1.2.2
U4131,165,FUSE2,530640.3114,530640.3114,531393.0114,752.7,752.7,365.7,0.485851,1,p:2.1.3.1.2.2
U1294,52,FUSE0,530719.5114,530719.5114,531397.8114,678.3,678.3,271.3,0.399971,1,p:1.1.4.1.2.2
U1295,52,FUSE0,530978.3114,530978.3114,534811.5729,3833.2616,3833.2616,271.3,0.070775,1,p:2.1.1.2.2.2
U1296,52,FUSE0,531353.5114,531353.5114,531951.8114,598.3,598.3,271.3,0.453451,1,p:1.1.2.1.2.2
U1297,52,FUSE0,531424.3114,531424.3114,532162.6114,738.3,738.3,271.3,0.367466,1,p:2.1.5.1.2.2
U1298,52,FUSE0,531429.1114,531429.1114,532107.4114,678.3,678.3,271.3,0.399971,1,p:1.1.4.1.2.2
U1299,52,FUSE0,531462.7114,531462.7114,532121.0114,658.3,658.3,271.3,0.412122,1,p:2.1.3.1.2.2
U1300,52,FUSE0,531632.0729,531632.0729,535055.1729,3423.1,3423.1,271.3,0.079256,1,p:1.1.1.2.2.2
U1301,52,FUSE1,531875.6729,531875.6729,532555.9729,680.3,680.3,333.3,0.489931,1,p:2.1.2.1.2.2
U1302,52,FUSE1,531983.1114,531983.1114,532763.4114,780.3,780.3,333.3,0.427143,1,p:1.1.5.1.2.2
U1303,52,FUSE1,532138.7114,532138.7114,532903.0114,764.3,764.3,333.3,0.436085,1,p:2.1.4.1.2.2
U1304,52,FUSE1,532152.3114,532152.3114,532852.6114,700.3,700.3,333.3,0.475939,1,p:1.1.3.1.2.2
U1305,52,FUSE1,532181.2729,532181.2729,535360.7729,3179.5,3179.5,333.3,0.104828,1,p:2.1.1.2.2.2
U1306,52,FUSE1,532193.9114,532193.9114,532861.5729,667.6616,667.6616,333.3,0.499205,1,p:1.1.2.1.2.2
U1307,52,FUSE1,532486.8729,532486.8729,533287.1729,800.3,800.3,333.3,0.416469,1,p:2.1.5.1.2.2
U1308,52,FUSE2,532587.2729,532587.2729,533359.9729,772.7,772.7,365.7,0.473276,1,p:1.1.4.1.2.2
U1309,52,FUSE2,532794.7114,532794.7114,535698.7729,2904.0616,2904.0616,365.7,0.125927,1,p:2.1.1.2.2.2
U1310,52,FUSE2,532824.8729,532824.8729,533557.8114,732.9384,732.9384,365.7,0.49895,1,p:1.1.3.1.2.2
U1311,52,FUSE2,532883.9114,532883.9114,533596.6114,712.7,712.7,365.7,0.513119,1,p:2.1.2.1.2.2
U1312,52,FUSE2,532892.8729,532892.8729,533705.5729,812.7,812.7,365.7,0.449982,1,p:1.1.5.1.2.2
U1313,52,FUSE2,532934.3114,532934.3114,533727.0114,792.7,792.7,365.7,0.461335,1,p:2.1.4.1.2.2
U1314,52,FUSE2,533068.4729,533068.4729,533896.5729,828.1,828.1,365.7,0.441613,1,p:1.2.3.1.2.2
U1315,52,FUSE2,533312.0729,533312.0729,536036.7729,2724.7,2724.7,365.7,0.134217,1,p:2.1.1.2.2.2
U8226,329,FUSE0,533318.4729,533318.4729,533916.7729,598.3,598.3,271.3,0.453451,1,p:1.1.2.1.2.2
U8227,329,FUSE0,533391.2729,533391.2729,534129.5729,738.3,738.3,271.3,0.367466,1,p:2.1.5.1.2.2
U8228,329,FUSE0,533589.1114,533589.1114,534270.8114,681.7,681.7,271.3,0.397976,1,p:1.1.4.1.2.2
U8229,329,FUSE0,533617.6729,533617.6729,536280.3729,2662.7,2662.7,271.3,0.101889,1,p:2.1.1.2.2.2
U8230,329,FUSE0,533627.9114,533627.9114,534266.2114,638.3,638.3,271.3,0.425035,1,p:1.1.3.1.2.2
U8231,329,FUSE0,533736.8729,533736.8729,534355.1729,618.3,618.3,271.3,0.438784,1,p:2.1.2.1.2.2
U8232,329,FUSE0,533758.3114,533758.3114,534485.5729,727.2616,727.2616,271.3,0.373043,1,p:1.1.5.1.2.2
U8233,329,FUSE0,533923.2729,533923.2729,534621.5729,698.3,698.3,271.3,0.388515,1,p:2.1.4.1.2.2
U8234,329,FUSE1,533927.8729,533927.8729,534628.1729,700.3,700.3,333.3,0.475939,1,p:1.1.3.1.2.2
U8235,329,FUSE1,533948.0729,533948.0729,536585.9729,2637.9,2637.9,333.3,0.126351,1,p:2.1.1.2.2.2
U8236,329,FUSE1,534160.8729,534160.8729,534821.1729,660.3,660.3,333.3,0.504771,1,p:1.1.2.1.2.2
U8237,329,FUSE1,534261.2729,534261.2729,535061.5729,800.3,800.3,333.3,0.416469,1,p:2.1.5.1.2.2
U8238,329,FUSE1,534297.5114,534297.5114,535037.8114,740.3,740.3,333.3,0.450223,1,p:1.1.4.1.2.2
U8239,329,FUSE1,534302.1114,534302.1114,535022.4114,720.3,720.3,333.3,0.462724,1,p:2.1.3.1.2.2
U8240,329,FUSE1,534386.4729,534386.4729,536891.5729,2505.1,2505.1,333.3,0.133049,1,p:1.1.1.2.2.2
U8241,329,FUSE1,534516.8729,534516.8729,535197.1729,680.3,680.3,333.3,0.489931,1,p:2.1.2.1.2.2
U8242,329,FUSE2,534599.2729,534599.2729,535411.9729,812.7,812.7,365.7,0.449982,1,p:1.1.5.1.2.2
U8243,329,FUSE2,534652.8729,534652.8729,535445.5729,792.7,792.7,365.7,0.461335,1,p:2.1.4.1.2.2
U8244,329,FUSE2,534659.4729,534659.4729,535392.1729,732.7,732.7,365.7,0.499113,1,p:1.1.3.1.2.2
U8245,329,FUSE2,534842.8729,534842.8729,537229.5729,2386.7,2386.7,365.7,0.153224,1,p:2.1.1.2.2.2
U8246,329,FUSE2,534852.4729,534852.4729,535545.1729,692.7,692.7,365.7,0.527934,1,p:1.1.2.1.2.2
U8247,329,FUSE2,535053.7114,535053.7114,535892.2114,838.5,838.5,365.7,0.436136,1,p:2.1.5.1.2.2
U8248,329,FUSE2,535069.1114,535069.1114,535843.7729,774.6616,774.6616,365.7,0.472077,1,p:1.1.4.1.2.2
U8249,329,FUSE2,535086.4729,535086.4729,535839.1729,752.7,752.7,365.7,0.485851,1,p:2.1.3.1.2.2
U2030,82,FUSE0,535092.8729,535092.8729,537473.1729,2380.3,2380.3,271.3,0.113977,1,p:1.1.1.1.2.2
U2031,82,FUSE0,535228.4729,535228.4729,535848.3729,619.9,619.9,271.3,0.437651,1,p:2.1.2.1.2.2
U2032,82,FUSE0,535392.0729,535392.0729,536136.5729,744.5,744.5,271.3,0.364406,1,p:1.1.5.1.2.2
U2033,82,FUSE0,535423.4729,535423.4729,536131.9729,708.5,708.5,271.3,0.382922,1,p:2.1.4.1.2.2
U2034,82,FUSE0,535443.2729,535443.2729,537716.7729,2273.5,2273.5,271.3,0.119331,1,p:1.1.1.1.2.2
U2035,82,FUSE0,535476.8729,535476.8729,536095.1729,618.3,618.3,271.3,0.438784,1,p:2.1.2.1.2.2
U2036,82,FUSE0,535576.4729,535576.4729,536214.7729,638.3,638.3,271.3,0.425035,1,p:1.1.3.1.2.2
U2037,82,FUSE0,535730.0729,535730.0729,536468.3729,738.3,738.3,271.3,0.367466,1,p:2.1.5.1.2.2
U2038,82,FUSE0,535870.4729,535870.4729,536548.7729,678.3,678.3,271.3,0.399971,1,p:1.1.4.1.2.2
U2039,82,FUSE1,535875.0729,535875.0729,538022.3729,2147.3,2147.3,333.3,0.155218,1,p:2.1.1.1.2.2
U2040,82,FUSE1,535879.6729,535879.6729,536541.1729,661.5,661.5,333.3,0.503855,1,p:1.1.2.1.2.2
U2041,82,FUSE1,535923.5114,535923.5114,536643.8114,720.3,720.3,333.3,0.462724,1,p:2.1.3.1.2.2
U2042,82,FUSE1,536068.0729,536068.0729,536852.7729,784.7,784.7,333.3,0.424748,1,p:1.1.5.1.2.2
U2043,82,FUSE1,536126.4729,536126.4729,538327.9729,2201.5,2201.5,333.3,0.151397,1,p:2.1.1.1.2.2
U2044,82,FUSE1,536163.2729,536163.2729,536903.5729,740.3,740.3,333.3,0.450223,1,p:1.1.4.1.2.2
U2045,82,FUSE1,536167.8729,536167.8729,536848.1729,680.3,680.3,333.3,0.489931,1,p:2.1.2.1.2.2
U2046,82,FUSE1,536246.0729,536246.0729,536949.4114,703.3384,703.3384,333.3,0.473883,1,p:1.1.3.1.2.2
U2047,82,FUSE1,536311.6729,536311.6729,537153.9729,842.3,842.3,333.3,0.395702,1,p:2.1.5.1.2.2
U2048,82,FUSE2,536499.6729,536499.6729,537272.3729,772.7,772.7,365.7,0.473276,1,p:1.1.4.1.2.2
U2049,82,FUSE2,536572.4729,536572.4729,538665.9729,2093.5,2093.5,365.7,0.174684,1,p:2.1.1.1.2.2
U2050,82,FUSE2,536580.0729,536580.0729,537312.7729,732.7,732.7,365.7,0.499113,1,p:1.2.2.1.2.2
U2051,82,FUSE2,536617.2729,536617.2729,537369.9729,752.7,752.7,365.7,0.485851,1,p:2.1.3.1.2.2
U2052,82,FUSE2,536675.1114,536675.1114,537491.9729,816.8616,816.8616,365.7,0.447689,1,p:1.1.5.1.2.2
U2053,82,FUSE2,536879.4729,536879.4729,537672.1729,792.7,792.7,365.7,0.461335,1,p:2.1.4.1.2.2
U2054,82,FUSE2,536884.0729,536884.0729,539003.9729,2119.9,2119.9,365.7,0.172508,1,p:1.1.1.1.2.2
U2055,82,FUSE2,536922.8729,536922.8729,537650.7729,727.9,727.9,365.7,0.502404,1,p:2.1.2.1.2.2
U2056,82,FUSE2,536934.8729,536934.8729,537707.9729,773.1,773.1,365.7,0.473031,1,p:1.1.3.1.2.2
U818,33,FUSE0,536980.7114,536980.7114,537735.5729,754.8616,754.8616,271.3,0.359404,1,p:2.1.5.1.2.2
U819,33,FUSE0,537185.2729,537185.2729,537915.7729,730.5,730.5,271.3,0.371389,1,p:1.1.4.1.2.2
U820,33,FUSE0,537260.8729,537260.8729,539247.5729,1986.7,1986.7,271.3,0.136558,1,p:2.1.1.1.2.2
U821,33,FUSE0,537303.6729,537303.6729,537901.9729,598.3,598.3,271.3,0.453451,1,p:1.1.2.1.2.2
U822,33,FUSE0,537344.0729,537344.0729,538082.3729,738.3,738.3,271.3,0.367466,1,p:2.1.5.1.2.2
U823,33,FUSE0,537401.2729,537401.2729,538039.5729,638.3,638.3,271.3,0.425035,1,p:1.1.3.1.2.2
U824,33,FUSE0,537504.4729,537504.4729,538211.9729,707.5,707.5,271.3,0.383463,1,p:2.1.4.1.2.2
U825,33,FUSE1,537523.2729,537523.2729,539553.1729,2029.9,2029.9,333.3,0.164195,1,p:1.1.1.1.2.2
U826,33,FUSE1,537682.0729,537682.0729,538362.3729,680.3,680.3,333.3,0.489931,1,p:2.1.2.1.2.2
U827,33,FUSE1,537703.4729,537703.4729,538492.7729,789.3,789.3,333.3,0.422273,1,p:1.1.5.1.2.2
U828,33,FUSE1,537739.2729,537739.2729,538459.5729,720.3,720.3,333.3,0.462724,1,p:2.1.3.1.2.2
U829,33,FUSE1,537748.0729,537748.0729,538517.5729,769.5,769.5,333.3,0.433138,1,p:1.1.4.1.2.2
U830,33,FUSE1,537766.8729,537766.8729,539858.7729,2091.9,2091.9,333.3,0.159329,1,p:2.1.1.1.2.2
U831,33,FUSE1,537933.2729,537933.2729,538670.5729,737.3,737.3,333.3,0.452055,1,p:1.1.2.1.2.2
U832,33,FUSE2,537947.0729,537947.0729,538830.7729,883.7,883.7,365.7,0.413828,1,p:2.1.5.1.2.2
U833,33,FUSE2,538053.6729,538053.6729,538797.5729,743.9,743.9,365.7,0.491598,1,p:1.1.3.1.2.2
U834,33,FUSE2,538070.8729,538070.8729,538863.5729,792.7,792.7,365.7,0.461335,1,p:2.1.4.1.2.2
U835,33,FUSE2,538113.6729,538113.6729,540196.7729,2083.1,2083.1,365.7,0.175556,1,p:1.1.1.1.2.2
U836,33,FUSE2,538243.2729,538243.2729,539008.5729,765.3,765.3,365.7,0.477852,1,p:2.1.2.1.2.2
U837,33,FUSE2,538359.2729,538359.2729,539171.9729,812.7,812.7,365.7,0.449982,1,p:1.1.5.1.2.2
U838,33,FUSE2,538393.6729,538393.6729,539146.3729,752.7,752.7,365.7,0.485851,1,p:2.1.3.1.2.2
U7854,314,FUSE0,538490.8729,538490.8729,539209.1729,718.3,718.3,271.3,0.377697,1,p:1.2.4.1.2.2
U7855,314,FUSE0,538524.0729,538524.0729,540440.3729,1916.3,1916.3,271.3,0.141575,1,p:2.1.1.1.2.2
U7856,314,FUSE0,538548.8729,538548.8729,539252.1729,703.3,703.3,271.3,0.385753,1,p:1.1.2.1.2.2
U7857,314,FUSE0,538697.2729,538697.2729,539452.7729,755.5,755.5,271.3,0.3591,1,p:2.1.4.1.2.2
U7858,314,FUSE0,538701.8729,538701.8729,539420.1729,718.3,718.3,271.3,0.377697,1,p:1.1.5.1.2.2
U7859,314,FUSE0,538828.8729,538828.8729,539487.1729,658.3,658.3,271.3,0.412122,1,p:2.1.3.1.2.2
U7860,314,FUSE1,538862.0729,538862.0729,540747.7729,1885.7,1885.7,333.3,0.176751,1,p:1.1.1.1.2.2
U7861,314,FUSE1,538894.8729,538894.8729,539575.1729,680.3,680.3,333.3,0.489931,1,p:2.1.2.1.2.2
U7862,314,FUSE1,539035.2729,539035.2729,539775.5729,740.3,740.3,333.3,0.450223,1,p:1.1.4.1.2.2
U7863,314,FUSE1,539039.8729,539039.8729,539840.1729,800.3,800.3,333.3,0.416469,1,p:2.1.5.1.2.2
U7864,314,FUSE1,539177.6729,539177.6729,539917.9729,740.3,740.3,333.3,0.450223,1,p:1.2.3.1.2.2
U7865,314,FUSE1,539203.2729,539203.2729,541051.5729,1848.3,1848.3,333.3,0.180328,1,p:2.1.1.1.2.2
U7866,314,FUSE2,539240.4729,539240.4729,539933.1729,692.7,692.7,365.7,0.527934,1,p:1.1.2.1.2.2
U7867,314,FUSE2,539278.8729,539278.8729,540113.5729,834.7,834.7,365.7,0.438121,1,p:2.1.4.1.2.2
U7868,314,FUSE2,539283.4729,539283.4729,540178.1729,894.7,894.7,365.7,0.40874,1,p:1.1.5.1.2.2
U7869,314,FUSE2,539451.4729,539451.4729,540255.9729,804.5,804.5,365.7,0.454568,1,p:2.1.3.1.2.2
U7870,314,FUSE2,539484.0729,539484.0729,541389.5729,1905.5,1905.5,365.7,0.191918,1,p:1.2.1.1.2.2
U7871,314,FUSE2,539518.4729,539518.4729,540271.1729,752.7,752.7,365.7,0.485851,1,p:2.1.2.1.2.2
U7872,314,FUSE2,539584.4729,539584.4729,540451.5729,867.1,867.1,365.7,0.421751,1,p:1.1.4.1.2.2
U7873,314,FUSE2,539606.4729,539606.4729,540516.1729,909.7,909.7,365.7,0.402001,1,p:2.1.5.1.2.2
U4314,173,FUSE0,539806.8729,539806.8729,540499.5729,692.7,692.7,271.3,0.391656,1,p:1.1.3.1.2.2
U4315,173,FUSE0,539871.4729,539871.4729,541633.1729,1761.7,1761.7,271.3,0.153999,1,p:2.1.1.1.2.2
U4316,173,FUSE0,539890.0729,539890.0729,540743.1729,853.1,853.1,271.3,0.318017,1,p:1.1.3.1.2.2
U4317,173,FUSE0,539949.2729,539949.2729,540573.1729,623.9,623.9,271.3,0.434845,1,p:2.1.2.1.2.2
U4318,173,FUSE0,539964.4729,539964.4729,540695.1729,730.7,730.7,271.3,0.371288,1,p:1.1.4.1.2.2
U4319,173,FUSE0,540144.8729,540144.8729,540883.1729,738.3,738.3,271.3,0.367466,1,p:2.1.5.1.2.2
U4320,173,FUSE0,540209.4729,540209.4729,541876.7729,1667.3,1667.3,271.3,0.162718,1,p:1.2.1.1.2.2
U4321,173,FUSE0,540228.0729,540228.0729,540986.7729,758.7,758.7,271.3,0.357585,1,p:2.1.3.1.2.2
U4322,173,FUSE0,540287.2729,540287.2729,540887.7729,600.5,600.5,271.3,0.45179,1,p:1.1.2.1.2.2
U4323,173,FUSE1,540302.4729,540302.4729,541062.7729,760.3,760.3,333.3,0.43838,1,p:2.1.4.1.2.2
U4324,173,FUSE1,540471.6729,540471.6729,541251.9729,780.3,780.3,333.3,0.427143,1,p:1.1.5.1.2.2
U4325,173,FUSE1,540482.8729,540482.8729,542184.1729,1701.3,1701.3,333.3,0.195909,1,p:2.1.1.1.2.2
U4326,173,FUSE1,540530.8729,540530.8729,541292.3729,761.5,761.5,333.3,0.437689,1,p:1.1.3.1.2.2
U4327,173,FUSE1,540547.4729,540547.4729,541368.3729,820.9,820.9,333.3,0.406018,1,p:2.1.4.1.2.2
U4328,173,FUSE1,540604.4729,540604.4729,541264.7729,660.3,660.3,333.3,0.504771,1,p:1.1.2.1.2.2
U4329,173,FUSE1,540726.4729,540726.4729,541557.5729,831.1,831.1,333.3,0.401035,1,p:2.1.5.1.2.2
U4330,173,FUSE1,540774.4729,540774.4729,542487.9729,1713.5,1713.5,333.3,0.194514,1,p:1.1.1.1.2.2
U4331,173,FUSE1,540779.0729,540779.0729,541597.9729,818.9,818.9,333.3,0.407009,1,p:2.1.3.1.2.2
U4332,173,FUSE2,540914.4729,540914.4729,541607.1729,692.7,692.7,365.7,0.527934,1,p:1.1.2.1.2.2
U4333,173,FUSE2,540919.0729,540919.0729,541711.7729,792.7,792.7,365.7,0.461335,1,p:2.1.4.1.2.2
U4334,173,FUSE2,541018.0729,541018.0729,541895.5729,877.5,877.5,365.7,0.416752,1,p:1.1.5.1.2.2
U4335,173,FUSE2,541082.8729,541082.8729,542825.9729,1743.1,1743.1,365.7,0.209799,1,p:2.1.1.1.2.2
U4336,173,FUSE2,541094.0729,541094.0729,541935.9729,841.9,841.9,365.7,0.434375,1,p:1.1.3.1.2.2
U4337,173,FUSE2,541283.2729,541283.2729,542079.1729,795.9,795.9,365.7,0.45948,1,p:2.1.4.1.2.2
U4338,173,FUSE2,541296.0729,541296.0729,541988.7729,692.7,692.7,365.7,0.527934,1,p:1.1.2.1.2.2
U4339,173,FUSE2,541323.6729,541323.6729,542236.9729,913.3,913.3,365.7,0.400416,1,p:2.1.5.1.2.2
U6234,249,FUSE0,541399.6729,541399.6729,543069.5729,1669.9,1669.9,271.3,0.162465,1,p:1.1.1.2.2.2
U6235,249,FUSE0,541420.8729,541420.8729,542179.5729,758.7,758.7,271.3,0.357585,1,p:2.1.3.1.2.2
U6236,249,FUSE0,541588.8729,541588.8729,542232.3729,643.5,643.5,271.3,0.421601,1,p:1.1.2.1.2.2
U6237,249,FUSE0,541629.2729,541629.2729,542327.5729,698.3,698.3,271.3,0.388515,1,p:2.1.4.1.2.2
U6238,249,FUSE0,541638.4729,541638.4729,542477.1729,838.7,838.7,271.3,0.323477,1,p:1.1.5.1.2.2
U6239,249,FUSE0,541664.4729,541664.4729,543313.1729,1648.7,1648.7,271.3,0.164554,1,p:2.1.1.2.2.2
U6240,249,FUSE0,541743.0729,541743.0729,542423.1729,680.1,680.1,271.3,0.398912,1,p:1.1.3.1.2.2
U6241,249,FUSE0,541908.0729,541908.0729,542535.5729,627.5,627.5,271.3,0.432351,1,p:2.1.2.1.2.2
U6242,249,FUSE1,541926.8729,541926.8729,542667.1729,740.3,740.3,333.3,0.450223,1,p:1.1.4.1.2.2
U6243,249,FUSE1,541967.2729,541967.2729,542782.7729,815.5,815.5,333.3,0.408706,1,p:2.1.5.1.2.2
U6244,249,FUSE1,542020.0729,542020.0729,543618.7729,1598.7,1598.7,333.3,0.208482,1,p:1.1.1.2.2.2
U6245,249,FUSE1,542110.4729,542110.4729,542830.7729,720.3,720.3,333.3,0.462724,1,p:2.1.3.1.2.2
U6246,249,FUSE1,542210.8729,542210.8729,542871.1729,660.3,660.3,333.3,0.504771,1,p:1.1.2.1.2.2
U6247,249,FUSE1,542215.4729,542215.4729,542975.7729,760.3,760.3,333.3,0.43838,1,p:2.1.4.1.2.2
U6248,249,FUSE1,542263.6729,542263.6729,543088.3729,824.7,824.7,333.3,0.404147,1,p:1.1.5.1.2.2
U6249,249,FUSE1,542268.2729,542268.2729,543924.3729,1656.1,1656.1,333.3,0.201256,1,p:2.1.1.2.2.2
U6250,249,FUSE2,542358.8729,542358.8729,543168.7729,809.9,809.9,365.7,0.451537,1,p:1.1.3.1.2.2
U6251,249,FUSE2,542454.4729,542454.4729,543209.1729,754.7,754.7,365.7,0.484563,1,p:2.1.2.1.2.2
U6252,249,FUSE2,542508.4729,542508.4729,543317.7729,809.3,809.3,365.7,0.451872,1,p:1.1.4.1.2.2
U6253,249,FUSE2,542519.2729,542519.2729,544262.3729,1743.1,1743.1,365.7,0.209799,1,p:2.1.1.2.2.2
U6254,249,FUSE2,542566.8729,542566.8729,543426.3729,859.5,859.5,365.7,0.42548,1,p:1.1.5.1.2.2
U6255,249,FUSE2,542698.4729,542698.4729,543506.7729,808.3,808.3,365.7,0.452431,1,p:2.1.3.1.2.2
U6256,249,FUSE2,542814.0729,542814.0729,543547.1729,733.1,733.1,365.7,0.498841,1,p:1.1.2.1.2.2
U3931,158,FUSE0,542857.2729,542857.2729,543557.3729,700.1,700.1,271.3,0.387516,1,p:2.1.4.1.2.2
U3932,158,FUSE0,542862.0729,542862.0729,543669.9729,807.9,807.9,271.3,0.335809,1,p:1.1.5.1.2.2
U3933,158,FUSE0,542902.4729,542902.4729,544505.9729,1603.5,1603.5,271.3,0.169192,1,p:2.1.1.2.2.2
U3934,158,FUSE0,543007.0729,543007.0729,543750.3729,743.3,743.3,271.3,0.364994,1,p:1.1.3.1.2.2
U3935,158,FUSE0,543100.8729,543100.8729,543790.7729,689.9,689.9,271.3,0.393245,1,p:2.1.2.1.2.2
U3936,158,FUSE0,543119.6729,543119.6729,543800.9729,681.3,681.3,271.3,0.398209,1,p:1.1.4.1.2.2
U3937,158,FUSE0,543200.0729,543200.0729,544749.5729,1549.5,1549.5,271.3,0.175089,1,p:2.1.1.2.2.2
U3938,158,FUSE0,543240.4729,543240.4729,543958.7729,718.3,718.3,271.3,0.377697,1,p:1.1.5.1.2.2
U3939,158,FUSE0,543344.4729,543344.4729,544002.7729,658.3,658.3,271.3,0.412122,1,p:2.1.3.1.2.2
U3940,158,FUSE0,543349.0729,543349.0729,544034.3729,685.3,685.3,271.3,0.395885,1,p:1.1.2.1.2.2
U3941,158,FUSE1,543457.6729,543457.6729,544217.9729,760.3,760.3,333.3,0.43838,1,p:2.1.4.1.2.2
U3942,158,FUSE1,543538.0729,543538.0729,544318.3729,780.3,780.3,333.3,0.427143,1,p:1.1.5.1.2.2
U3943,158,FUSE1,543578.4729,543578.4729,545055.1729,1476.7,1476.7,333.3,0.225706,1,p:2.1.1.2.2.2
U3944,158,FUSE1,543588.6729,543588.6729,544308.3729,719.7,719.7,333.3,0.46311,1,p:1.1.3.1.2.2
U3945,158,FUSE1,543650.0729,543650.0729,544339.9729,689.9,689.9,333.3,0.483113,1,p:2.1.2.1.2.2
U3946,158,FUSE1,543701.2729,543701.2729,544523.5729,822.3,822.3,333.3,0.405327,1,p:1.1.4.1.2.2
U3947,158,FUSE1,543781.6729,543781.6729,545360.7729,1579.1,1579.1,333.3,0.21107,1,p:2.1.1.2.2.2
U3948,158,FUSE1,543822.0729,543822.0729,544623.9729,801.9,801.9,333.3,0.415638,1,p:1.1.5.1.2.2
U3949,158,FUSE1,543832.2729,543832.2729,544613.9729,781.7,781.7,333.3,0.426378,1,p:2.1.3.1.2.2
U3950,158,FUSE1,543955.6729,543955.6729,544645.5729,689.9,689.9,333.3,0.483113,1,p:1.1.2.1.2.2
U3951,158,FUSE2,543990.0729,543990.0729,544861.5729,871.5,871.5,365.7,0.419621,1,p:2.1.4.1.2.2
U3952,158,FUSE2,544034.0729,544034.0729,544961.9729,927.9,927.9,365.7,0.394116,1,p:1.1.5.1.2.2
U3953,158,FUSE2,544065.6729,544065.6729,545698.7729,1633.1,1633.1,365.7,0.22393,1,p:2.1.1.2.2.2
U3954,158,FUSE2,544249.2729,544249.2729,544981.9729,732.7,732.7,365.7,0.499113,1,p:1.1.3.1.2.2
U3955,158,FUSE2,544293.6729,544293.6729,545006.3729,712.7,712.7,365.7,0.513119,1,p:2.1.2.1.2.2
U3956,158,FUSE2,544339.6729,544339.6729,545199.5729,859.9,859.9,365.7,0.425282,1,p:1.1.4.1.2.2
U3957,158,FUSE2,544349.6729,544349.6729,546036.7729,1687.1,1687.1,365.7,0.216762,1,p:2.1.1.2.2.2
U3958,158,FUSE2,544371.2729,544371.2729,545299.9729,928.7,928.7,365.7,0.393776,1,p:1.1.5.1.2.2
U3959,158,FUSE2,544537.2729,544537.2729,545319.9729,782.7,782.7,365.7,0.467229,1,p:2.1.3.1.2.2
U3960,158,FUSE2,544554.8729,544554.8729,545344.3729,789.5,789.5,365.7,0.463205,1,p:1.1.2.1.2.2
U6552,262,FUSE0,544645.2729,544645.2729,545443.1729,797.9,797.9,271.3,0.340018,1,p:2.1.4.1.2.2
U6553,262,FUSE0,544655.2729,544655.2729,545543.5729,888.3,888.3,271.3,0.305415,1,p:1.1.5.1.2.2
U6554,262,FUSE0,544676.8729,544676.8729,546280.3729,1603.5,1603.5,271.3,0.169192,1,p:2.1.1.2.2.2
U6555,262,FUSE0,544780.8729,544780.8729,545563.5729,782.7,782.7,271.3,0.346621,1,p:1.1.3.1.2.2
U6556,262,FUSE0,544892.8729,544892.8729,545587.9729,695.1,695.1,271.3,0.390304,1,p:2.1.2.1.2.2
U6557,262,FUSE0,544993.2729,544993.2729,545686.7729,693.5,693.5,271.3,0.391204,1,p:1.1.4.1.2.2
U6558,262,FUSE0,545013.2729,545013.2729,546523.9729,1510.7,1510.7,271.3,0.179586,1,p:2.1.1.2.2.2
U6559,262,FUSE0,545037.6729,545037.6729,545787.1729,749.5,749.5,271.3,0.361975,1,p:1.1.5.1.2.2
U6560,262,FUSE0,545086.4729,545086.4729,545807.1729,720.7,720.7,271.3,0.37644,1,p:2.1.3.1.2.2
U6561,262,FUSE1,545230.8729,545230.8729,545893.5729,662.7,662.7,333.3,0.502943,1,p:1.1.2.1.2.2
U6562,262,FUSE1,545331.2729,545331.2729,546101.9729,770.7,770.7,333.3,0.432464,1,p:2.1.4.1.2.2
U6563,262,FUSE1,545351.2729,545351.2729,546131.5729,780.3,780.3,333.3,0.427143,1,p:1.1.5.1.2.2
U6564,262,FUSE1,545375.6729,545375.6729,546829.5729,1453.9,1453.9,333.3,0.229245,1,p:2.1.1.2.2.2
U6565,262,FUSE1,545392.0729,545392.0729,546112.7729,720.7,720.7,333.3,0.462467,1,p:1.1.3.1.2.2
U6566,262,FUSE1,545474.4729,545474.4729,546199.1729,724.7,724.7,333.3,0.459914,1,p:2.1.2.1.2.2
U6567,262,FUSE1,545574.8729,545574.8729,546407.5729,832.7,832.7,333.3,0.400264,1,p:1.1.4.1.2.2
U6568,262,FUSE1,545594.8729,545594.8729,547135.1729,1540.3,1540.3,333.3,0.216386,1,p:2.1.1.2.2.2
U6569,262,FUSE1,545619.2729,545619.2729,546437.1729,817.9,817.9,333.3,0.407507,1,p:1.1.5.1.2.2
U6570,262,FUSE2,545718.0729,545718.0729,546473.1729,755.1,755.1,365.7,0.484307,1,p:2.1.3.1.2.2
U6571,262,FUSE2,545730.0729,545730.0729,546537.1729,807.1,807.1,365.7,0.453104,1,p:1.1.2.1.2.2
U6572,262,FUSE2,545818.4729,545818.4729,546745.5729,927.1,927.1,365.7,0.394456,1,p:2.1.4.1.2.2
U6573,262,FUSE2,545838.4729,545838.4729,546775.1729,936.7,936.7,365.7,0.390413,1,p:1.1.5.1.2.2
U6574,262,FUSE2,545924.8729,545924.8729,547473.1729,1548.3,1548.3,365.7,0.236195,1,p:2.1.1.2.2.2
U6575,262,FUSE2,546068.0729,546068.0729,546811.1729,743.1,743.1,365.7,0.492128,1,p:1.1.3.1.2.2
U6576,262,FUSE2,546133.2729,546133.2729,546875.1729,741.9,741.9,365.7,0.492924,1,p:2.1.2.2.2.2
U6577,262,FUSE2,546144.0729,546144.0729,547083.5729,939.5,939.5,365.7,0.38925,1,p:1.1.4.1.2.2
U6578,262,FUSE2,546162.8729,546162.8729,547811.1729,1648.3,1648.3,365.7,0.221865,1,p:2.1.1.1.2.2
U6825,273,FUSE0,546230.4729,546230.4729,547018.7729,788.3,788.3,271.3,0.344158,1,p:1.1.5.1.2.2
U6826,273,FUSE0,546311.6729,546311.6729,547054.7729,743.1,743.1,271.3,0.365092,1,p:2.1.3.1.2.2
U6827,273,FUSE0,546438.8729,546438.8729,547262.3729,823.5,823.5,271.3,0.329447,1,p:1.1.5.1.2.2
U6828,273,FUSE0,546468.4729,546468.4729,547118.7729,650.3,650.3,271.3,0.417192,1,p:2.1.2.2.2.2
U6829,273,FUSE0,546504.4729,546504.4729,547327.1729,822.7,822.7,271.3,0.329768,1,p:1.1.4.1.2.2
U6830,273,FUSE0,546555.2729,546555.2729,548054.7729,1499.5,1499.5,271.3,0.180927,1,p:2.1.1.1.2.2
U6831,273,FUSE0,546568.4729,546568.4729,547298.3729,729.9,729.9,271.3,0.371695,1,p:1.1.3.1.2.2
U6832,273,FUSE0,546776.8729,546776.8729,547515.1729,738.3,738.3,271.3,0.367466,1,p:2.1.5.1.2.2
U6833,273,FUSE1,546806.4729,546806.4729,547467.5729,661.1,661.1,333.3,0.50416,1,p:1.1.2.1.2.2
U6834,273,FUSE1,546842.4729,546842.4729,548360.3729,1517.9,1517.9,333.3,0.21958,1,p:2.1.1.1.2.2
U6835,273,FUSE1,546860.8729,546860.8729,547632.7729,771.9,771.9,333.3,0.431792,1,p:1.1.4.1.2.2
U6836,273,FUSE1,546906.4729,546906.4729,547626.7729,720.3,720.3,333.3,0.462724,1,p:2.1.3.1.2.2
U6837,273,FUSE1,547050.0729,547050.0729,547830.3729,780.3,780.3,333.3,0.427143,1,p:1.1.5.1.2.2
U6838,273,FUSE1,547086.0729,547086.0729,547773.1729,687.1,687.1,333.3,0.485082,1,p:2.1.2.1.2.2
U6839,273,FUSE1,547114.8729,547114.8729,547938.3729,823.5,823.5,333.3,0.404736,1,p:1.1.4.1.2.2
U6840,273,FUSE1,547150.0729,547150.0729,547932.3729,782.3,782.3,333.3,0.426051,1,p:2.1.3.1.2.2
U6841,273,FUSE2,547166.4729,547166.4729,548698.3729,1531.9,1531.9,365.7,0.238723,1,p:1.1.1.2.2.2
U6842,273,FUSE2,547293.6729,547293.6729,548168.3729,874.7,874.7,365.7,0.418086,1,p:2.1.5.1.2.2
U6843,273,FUSE2,547329.6729,547329.6729,548111.1729,781.5,781.5,365.7,0.467946,1,p:1.1.2.1.2.2
U6844,273,FUSE2,547358.4729,547358.4729,548276.3729,917.9,917.9,365.7,0.398409,1,p:2.1.4.1.2.2
U6845,273,FUSE2,547498.8729,547498.8729,548270.3729,771.5,771.5,365.7,0.474012,1,p:1.1.3.1.2.2
U6846,273,FUSE2,547504.4729,547504.4729,549036.3729,1531.9,1531.9,365.7,0.238723,1,p:2.1.1.2.2.2
U6847,273,FUSE2,547546.4729,547546.4729,548506.3729,959.9,959.9,365.7,0.380977,1,p:1.1.5.1.2.2
U1340,54,FUSE0,547658.0729,547658.0729,548354.7729,696.7,696.7,271.3,0.389407,1,p:2.1.2.1.2.2
U1341,54,FUSE0,547664.0729,547664.0729,548519.9729,855.9,855.9,271.3,0.316976,1,p:1.1.4.1.2.2
U1342,54,FUSE0,547804.4729,547804.4729,549279.9729,1475.5,1475.5,271.3,0.18387,1,p:2.1.1.2.2.2
U1343,54,FUSE0,547842.4729,547842.4729,548513.9729,671.5,671.5,271.3,0.404021,1,p:1.1.3.1.2.2
U1344,54,FUSE0,547861.6729,547861.6729,548598.3729,736.7,736.7,271.3,0.368264,1,p:2.1.2.1.2.2
U1345,54,FUSE0,547963.6729,547963.6729,548749.9729,786.3,786.3,271.3,0.345034,1,p:1.1.5.1.2.2
U1346,54,FUSE0,547969.6729,547969.6729,548763.5729,793.9,793.9,271.3,0.341731,1,p:2.1.4.1.2.2
U1347,54,FUSE0,548086.0729,548086.0729,548757.5729,671.5,671.5,271.3,0.404021,1,p:1.1.3.1.2.2
U1348,54,FUSE0,548142.4729,548142.4729,549523.5729,1381.1,1381.1,271.3,0.196438,1,p:2.1.1.2.2.2
U1349,54,FUSE1,548199.6729,548199.6729,548903.9729,704.3,704.3,333.3,0.473236,1,p:1.1.2.1.2.2
U1350,54,FUSE1,548301.6729,548301.6729,549101.9729,800.3,800.3,333.3,0.416469,1,p:2.1.5.1.2.2
U1351,54,FUSE1,548307.6729,548307.6729,549069.1729,761.5,761.5,333.3,0.437689,1,p:1.1.4.1.2.2
U1352,54,FUSE1,548386.0729,548386.0729,549106.5729,720.5,720.5,333.3,0.462595,1,p:2.1.3.1.2.2
U1353,54,FUSE1,548391.6729,548391.6729,549829.1729,1437.5,1437.5,333.3,0.231861,1,p:1.1.1.2.2.2
U1354,54,FUSE1,548537.6729,548537.6729,549217.9729,680.3,680.3,333.3,0.489931,1,p:2.1.2.1.2.2
U1355,54,FUSE1,548545.2729,548545.2729,549407.5729,862.3,862.3,333.3,0.386524,1,p:1.1.5.1.2.2
U1356,54,FUSE1,548551.2729,548551.2729,549374.7729,823.5,823.5,333.3,0.404736,1,p:2.1.4.1.2.2
U1357,54,FUSE1,548629.6729,548629.6729,549412.1729,782.5,782.5,333.3,0.425942,1,p:1.1.3.1.2.2
U1358,54,FUSE2,548729.6729,548729.6729,550167.1729,1437.5,1437.5,365.7,0.2544,1,p:2.1.1.1.2.2
U1359,54,FUSE2,548781.2729,548781.2729,549555.9729,774.7,774.7,365.7,0.472054,1,p:1.1.2.1.2.2
U1360,54,FUSE2,548788.8729,548788.8729,549745.5729,956.7,956.7,365.7,0.382251,1,p:2.1.5.1.2.2
U1361,54,FUSE2,548794.8729,548794.8729,549712.7729,917.9,917.9,365.7,0.398409,1,p:1.1.4.1.2.2
U1362,54,FUSE2,548935.2729,548935.2729,549750.1729,814.9,814.9,365.7,0.448767,1,p:2.1.3.1.2.2
U1363,54,FUSE2,549067.6729,549067.6729,550505.1729,1437.5,1437.5,365.7,0.2544,1,p:1.1.1.1.2.2
U1364,54,FUSE2,549100.4729,549100.4729,549893.9729,793.5,793.5,365.7,0.46087,1,p:2.1.2.1.2.2
U1365,54,FUSE2,549133.2729,549133.2729,550083.5729,950.3,950.3,365.7,0.384826,1,p:1.1.5.1.2.2
U2455,99,FUSE0,549137.8729,549137.8729,549956.3729,818.5,818.5,271.3,0.33146,1,p:2.1.4.1.2.2
U2456,99,FUSE0,549249.2729,549249.2729,549993.5729,744.3,744.3,271.3,0.364504,1,p:1.1.3.1.2.2
U2457,99,FUSE0,549311.2729,549311.2729,550753.3729,1442.1,1442.1,271.3,0.188128,1,p:2.1.1.1.2.2
U2458,99,FUSE0,549406.0729,549406.0729,550199.9729,793.9,793.9,271.3,0.341731,1,p:1.1.4.1.2.2
U2459,99,FUSE0,549438.8729,549438.8729,550137.5729,698.7,698.7,271.3,0.388293,1,p:2.1.2.1.2.2
U2460,99,FUSE0,549443.4729,549443.4729,550327.1729,883.7,883.7,271.3,0.307005,1,p:1.1.5.1.2.2
U2461,99,FUSE0,549554.8729,549554.8729,550237.1729,682.3,682.3,271.3,0.397626,1,p:2.1.3.1.2.2
U2462,99,FUSE0,549587.2729,549587.2729,550992.3729,1405.1,1405.1,271.3,0.193082,1,p:1.1.1.1.2.2
U2463,99,FUSE1,549744.0729,549744.0729,550509.7729,765.7,765.7,333.3,0.435288,1,p:2.1.4.1.2.2
U2464,99,FUSE1,549776.8729,549776.8729,550443.1729,666.3,666.3,333.3,0.500225,1,p:1.1.2.1.2.2
U2465,99,FUSE1,549781.4729,549781.4729,550632.7729,851.3,851.3,333.3,0.391519,1,p:2.1.5.1.2.2
U2466,99,FUSE1,549860.4729,549860.4729,550560.7729,700.3,700.3,333.3,0.475939,1,p:1.1.3.1.2.2
U2467,99,FUSE1,549925.2729,549925.2729,551297.9729,1372.7,1372.7,333.3,0.242806,1,p:2.1.1.1.2.2
U2468,99,FUSE1,549987.6729,549987.6729,550811.1729,823.5,823.5,333.3,0.404736,1,p:1.2.4.1.2.2
U2469,99,FUSE1,550024.8729,550024.8729,550748.7729,723.9,723.9,333.3,0.460423,1,p:2.1.2.1.2.2
U2470,99,FUSE1,550114.8729,550114.8729,550938.3729,823.5,823.5,333.3,0.404736,1,p:1.2.5.1.2.2
U2471,99,FUSE2,550168.8729,550168.8729,550921.5729,752.7,752.7,365.7,0.485851,1,p:2.1.3.1.2.2
U2472,99,FUSE2,550198.4729,550198.4729,551635.9729,1437.5,1437.5,365.7,0.2544,1,p:1.2.1.1.2.2
U2473,99,FUSE2,550231.2729,550231.2729,551149.1729,917.9,917.9,365.7,0.398409,1,p:2.1.4.1.2.2
U2474,99,FUSE2,550268.4729,550268.4729,551086.7729,818.3,818.3,365.7,0.446902,1,p:1.1.2.1.2.2
U2475,99,FUSE2,550358.4729,550358.4729,551276.3729,917.9,917.9,365.7,0.398409,1,p:2.1.5.1.2.2
U2476,99,FUSE2,550474.4729,550474.4729,551259.5729,785.1,785.1,365.7,0.465801,1,p:1.1.3.1.2.2
U2477,99,FUSE2,550536.4729,550536.4729,551973.9729,1437.5,1437.5,365.7,0.2544,1,p:2.1.1.1.2.2
U2478,99,FUSE2,550541.0729,550541.0729,551487.1729,946.1,946.1,365.7,0.386534,1,p:1.2.4.1.2.2
U2697,109,FUSE0,550592.0729,550592.0729,551330.3729,738.3,738.3,271.3,0.367466,1,p:2.1.2.1.2.2
U2698,109,FUSE0,550664.0729,550664.0729,551519.9729,855.9,855.9,271.3,0.316976,1,p:1.2.5.1.2.2
U2699,109,FUSE0,550780.0729,550780.0729,551503.1729,723.1,723.1,271.3,0.37519,1,p:2.1.3.1.2.2
U2700,109,FUSE0,550784.6729,550784.6729,552217.5729,1432.9,1432.9,271.3,0.189336,1,p:1.2.1.1.2.2
U2701,109,FUSE0,550842.4729,550842.4729,551573.9729,731.5,731.5,271.3,0.370882,1,p:2.1.2.1.2.2
U2702,109,FUSE0,550952.8729,550952.8729,551763.5729,810.7,810.7,271.3,0.334649,1,p:1.1.5.1.2.2
U2703,109,FUSE0,550969.6729,550969.6729,551730.7729,761.1,761.1,271.3,0.356458,1,p:2.1.4.1.2.2
U2704,109,FUSE0,551023.6729,551023.6729,551746.7729,723.1,723.1,271.3,0.37519,1,p:1.1.3.1.2.2
U2705,109,FUSE0,551118.0729,551118.0729,552461.1729,1343.1,1343.1,271.3,0.201995,1,p:2.1.1.1.2.2
U2706,109,FUSE1,551180.4729,551180.4729,551880.7729,700.3,700.3,333.3,0.475939,1,p:1.2.2.1.2.2
U2707,109,FUSE1,551290.8729,551290.8729,552092.5729,801.7,801.7,333.3,0.415742,1,p:2.1.5.1.2.2
U2708,109,FUSE1,551307.6729,551307.6729,552087.9729,780.3,780.3,333.3,0.427143,1,p:1.2.4.1.2.2
U2709,109,FUSE1,551329.2729,551329.2729,552766.7729,1437.5,1437.5,333.3,0.231861,1,p:2.1.1.1.2.2
U2710,109,FUSE1,551361.6729,551361.6729,552061.9729,700.3,700.3,333.3,0.475939,1,p:1.1.3.1.2.2
U2711,109,FUSE1,551518.4729,551518.4729,552205.1729,686.7,686.7,333.3,0.485365,1,p:2.1.2.1.2.2
U2712,109,FUSE1,551534.4729,551534.4729,552398.1729,863.7,863.7,333.3,0.385898,1,p:1.1.5.1.2.2
U2713,109,FUSE1,551551.2729,551551.2729,552367.5729,816.3,816.3,333.3,0.408306,1,p:2.1.3.1.2.2
U2714,109,FUSE1,551605.2729,551605.2729,552393.5729,788.3,788.3,333.3,0.422809,1,p:1.1.4.1.2.2
U2715,109,FUSE2,551667.2729,551667.2729,553104.7729,1437.5,1437.5,365.7,0.2544,1,p:2.1.1.1.2.2
U2716,109,FUSE2,551762.0729,551762.0729,552543.1729,781.1,781.1,365.7,0.468186,1,p:1.2.2.1.2.2
U2717,109,FUSE2,551778.0729,551778.0729,552736.1729,958.1,958.1,365.7,0.381693,1,p:2.1.5.1.2.2
U2718,109,FUSE2,551794.8729,551794.8729,552731.5729,936.7,936.7,365.7,0.390413,1,p:1.1.4.1.2.2
U2719,109,FUSE2,551912.0729,551912.0729,552705.5729,793.5,793.5,365.7,0.46087,1,p:2.1.3.1.2.2
U2720,109,FUSE2,552005.2729,552005.2729,553442.7729,1437.5,1437.5,365.7,0.2544,1,p:1.2.1.1.2.2
U2721,109,FUSE2,552093.2729,552093.2729,552881.1729,787.9,787.9,365.7,0.464145,1,p:2.1.2.1.2.2
U2722,109,FUSE2,552119.2729,552119.2729,553072.7729,953.5,953.5,365.7,0.383534,1,p:1.1.5.1.2.2
U6454,258,FUSE0,552123.8729,552123.8729,552949.1729,825.3,825.3,271.3,0.328729,1,p:2.1.3.1.2.2
U6455,258,FUSE0,552236.4729,552236.4729,552975.1729,738.7,738.7,271.3,0.367267,1,p:1.1.4.1.2.2
U6456,258,FUSE0,552248.8729,552248.8729,553686.3729,1437.5,1437.5,271.3,0.18873,1,p:2.1.1.2.2.2
U6457,258,FUSE0,552398.8729,552398.8729,553218.7729,819.9,819.9,271.3,0.330894,1,p:1.2.4.1.2.2
U6458,258,FUSE0,552424.8729,552424.8729,553192.7729,767.9,767.9,271.3,0.353301,1,p:2.1.3.1.2.2
U6459,258,FUSE0,552429.4729,552429.4729,553124.7729,695.3,695.3,271.3,0.390191,1,p:1.1.2.1.2.2
U6460,258,FUSE0,552492.4729,552492.4729,553316.3729,823.9,823.9,271.3,0.329288,1,p:2.1.5.1.2.2
U6461,258,FUSE0,552574.4729,552574.4729,553929.9729,1355.5,1355.5,271.3,0.200148,1,p:1.2.1.2.2.2
U6462,258,FUSE1,552736.8729,552736.8729,553524.3729,787.5,787.5,333.3,0.423238,1,p:2.1.4.1.2.2
U6463,258,FUSE1,552762.8729,552762.8729,553498.3729,735.5,735.5,333.3,0.453161,1,p:1.1.3.1.2.2
U6464,258,FUSE1,552767.4729,552767.4729,553447.7729,680.3,680.3,333.3,0.489931,1,p:2.1.2.1.2.2
U6465,258,FUSE1,552798.0729,552798.0729,553621.9729,823.9,823.9,333.3,0.404539,1,p:1.1.5.1.2.2
U6466,258,FUSE1,552912.4729,552912.4729,554235.5729,1323.1,1323.1,333.3,0.251908,1,p:2.1.1.2.2.2
U6467,258,FUSE1,552980.4729,552980.4729,553829.9729,849.5,849.5,333.3,0.392348,1,p:1.1.4.1.2.2
U6468,258,FUSE1,553006.4729,553006.4729,553803.9729,797.5,797.5,333.3,0.417931,1,p:2.1.3.1.2.2
U6469,258,FUSE1,553104.0729,553104.0729,553808.5729,704.5,704.5,333.3,0.473101,1,p:1.2.2.1.2.2
U6470,258,FUSE2,553136.0729,553136.0729,553968.7729,832.7,832.7,365.7,0.439174,1,p:2.1.5.1.2.2
U6471,258,FUSE2,553156.0729,553156.0729,554574.9729,1418.9,1418.9,365.7,0.257735,1,p:1.1.1.2.2.2
U6472,258,FUSE2,553224.0729,553224.0729,554167.9729,943.9,943.9,365.7,0.387435,1,p:2.1.4.1.2.2
U6473,258,FUSE2,553250.0729,553250.0729,554141.9729,891.9,891.9,365.7,0.410024,1,p:1.1.3.1.2.2
U6474,258,FUSE2,553347.6729,553347.6729,554146.5729,798.9,798.9,365.7,0.457754,1,p:2.1.2.1.2.2
U6475,258,FUSE2,553474.0729,553474.0729,554326.7729,852.7,852.7,365.7,0.428873,1,p:1.2.5.1.2.2
U6476,258,FUSE2,553479.0729,553479.0729,554911.5729,1432.5,1432.5,365.7,0.255288,1,p:2.1.1.2.2.2
U6477,258,FUSE2,553529.6729,553529.6729,554505.9729,976.3,976.3,365.7,0.374577,1,p:1.1.4.1.2.2
U6257,250,FUSE0,553555.6729,553555.6729,554385.5729,829.9,829.9,271.3,0.326907,1,p:2.1.3.1.2.2
U6258,250,FUSE0,553653.2729,553653.2729,554390.1729,736.9,736.9,271.3,0.368164,1,p:1.2.2.1.2.2
U6259,250,FUSE0,553717.6729,553717.6729,554570.3729,852.7,852.7,271.3,0.318166,1,p:2.1.5.1.2.2
U6260,250,FUSE0,553835.2729,553835.2729,555155.1729,1319.9,1319.9,271.3,0.205546,1,p:1.1.1.2.2.2
U6261,250,FUSE0,553839.8729,553839.8729,554629.1729,789.3,789.3,271.3,0.343722,1,p:2.1.3.1.2.2
U6262,250,FUSE0,553861.2729,553861.2729,554633.7729,772.5,772.5,271.3,0.351197,1,p:1.1.2.1.2.2
U6263,250,FUSE0,553961.2729,553961.2729,554813.9729,852.7,852.7,271.3,0.318166,1,p:2.1.5.1.2.2
U6264,250,FUSE0,554000.0729,554000.0729,554749.5729,749.5,749.5,271.3,0.361975,1,p:1.2.4.1.2.2
U6265,250,FUSE1,554173.2729,554173.2729,555465.5729,1292.3,1292.3,333.3,0.257912,1,p:2.1.1.1.2.2
U6266,250,FUSE1,554177.8729,554177.8729,554934.7729,756.9,756.9,333.3,0.440349,1,p:1.1.3.1.2.2
U6267,250,FUSE1,554199.2729,554199.2729,554939.3729,740.1,740.1,333.3,0.450345,1,p:2.1.2.1.2.2
U6268,250,FUSE1,554266.8729,554266.8729,555122.9729,856.1,856.1,333.3,0.389324,1,p:1.2.5.1.2.2
U6269,250,FUSE1,554358.0729,554358.0729,555118.3729,760.3,760.3,333.3,0.43838,1,p:2.1.4.1.2.2
U6270,250,FUSE1,554416.8729,554416.8729,555766.3729,1349.5,1349.5,333.3,0.24698,1,p:1.1.1.1.2.2
U6271,250,FUSE1,554421.4729,554421.4729,555240.3729,818.9,818.9,333.3,0.407009,1,p:2.1.3.1.2.2
U6272,250,FUSE1,554537.2729,554537.2729,555244.9729,707.7,707.7,333.3,0.470962,1,p:1.1.2.1.2.2
U6273,250,FUSE2,554601.6729,554601.6729,555460.9729,859.3,859.3,365.7,0.425579,1,p:2.1.5.1.2.2
U6274,250,FUSE2,554606.2729,554606.2729,555456.3729,850.1,850.1,365.7,0.430185,1,p:1.1.4.1.2.2
U6275,250,FUSE2,554660.4729,554660.4729,556104.3729,1443.9,1443.9,365.7,0.253272,1,p:2.1.1.1.2.2
U6276,250,FUSE2,554665.0729,554665.0729,555578.3729,913.3,913.3,365.7,0.400416,1,p:1.2.3.1.2.2
U6277,250,FUSE2,554780.8729,554780.8729,555582.9729,802.1,802.1,365.7,0.455928,1,p:2.1.2.1.2.2
U6278,250,FUSE2,554845.2729,554845.2729,555798.9729,953.7,953.7,365.7,0.383454,1,p:1.2.5.1.2.2
U6279,250,FUSE2,554942.8729,554942.8729,555794.3729,851.5,851.5,365.7,0.429477,1,p:2.1.4.1.2.2
U6280,250,FUSE2,554966.0729,554966.0729,556442.3729,1476.3,1476.3,365.7,0.247714,1,p:1.2.1.1.2.2
U6281,250,FUSE2,554970.6729,554970.6729,555916.3729,945.7,945.7,365.7,0.386698,1,p:2.1.3.1.2.2
U2132,86,FUSE0,555149.6729,555149.6729,555822.3729,672.7,672.7,271.3,0.4033,1,p:1.1.2.1.2.2
U2133,86,FUSE0,555154.2729,555154.2729,556042.5729,888.3,888.3,271.3,0.305415,1,p:2.1.5.1.2.2
U2134,86,FUSE0,555186.4729,555186.4729,556037.9729,851.5,851.5,271.3,0.318614,1,p:1.1.4.1.2.2
U2135,86,FUSE0,555271.6729,555271.6729,556065.9729,794.3,794.3,271.3,0.341559,1,p:2.1.2.1.2.2
U2136,86,FUSE0,555276.2729,555276.2729,556685.9729,1409.7,1409.7,271.3,0.192452,1,p:1.1.1.1.2.2
U2137,86,FUSE0,555487.6729,555487.6729,556159.9729,672.3,672.3,271.3,0.40354,1,p:2.1.3.1.2.2
U2138,86,FUSE0,555492.2729,555492.2729,556282.7729,790.5,790.5,271.3,0.343201,1,p:1.2.5.1.2.2
U2139,86,FUSE1,555496.8729,555496.8729,556343.5729,846.7,846.7,333.3,0.393646,1,p:2.1.4.1.2.2
U2140,86,FUSE1,555609.6729,555609.6729,556991.7729,1382.1,1382.1,333.3,0.241155,1,p:1.2.1.1.2.2
U2141,86,FUSE1,555614.2729,555614.2729,556371.5729,757.3,757.3,333.3,0.440116,1,p:2.1.2.1.2.2
U2142,86,FUSE1,555797.6729,555797.6729,556497.9729,700.3,700.3,333.3,0.475939,1,p:1.1.3.1.2.2
U2143,86,FUSE1,555825.6729,555825.6729,556625.9729,800.3,800.3,333.3,0.416469,1,p:2.1.5.1.2.2
U2144,86,FUSE1,555830.2729,555830.2729,556649.1729,818.9,818.9,333.3,0.407009,1,p:1.1.4.1.2.2
U2145,86,FUSE1,555853.6729,555853.6729,556677.1729,823.5,823.5,333.3,0.404736,1,p:2.1.2.1.2.2
U2146,86,FUSE2,555947.6729,555947.6729,557329.5729,1381.9,1381.9,365.7,0.264636,1,p:1.1.1.1.2.2
U2147,86,FUSE2,556069.2729,556069.2729,556835.9729,766.7,766.7,365.7,0.476979,1,p:2.1.3.1.2.2
U2148,86,FUSE2,556073.8729,556073.8729,556963.9729,890.1,890.1,365.7,0.410853,1,p:1.1.5.1.2.2
U2149,86,FUSE2,556097.2729,556097.2729,556987.1729,889.9,889.9,365.7,0.410945,1,p:2.1.4.1.2.2
U2150,86,FUSE2,556135.6729,556135.6729,557667.5729,1531.9,1531.9,365.7,0.238723,1,p:1.2.1.1.2.2
U2151,86,FUSE2,556191.2729,556191.2729,557015.1729,823.9,823.9,365.7,0.443865,1,p:2.1.2.1.2.2
U2152,86,FUSE2,556314.0729,556314.0729,557173.9729,859.9,859.9,365.7,0.425282,1,p:1.1.3.1.2.2
U2153,86,FUSE2,556374.8729,556374.8729,557301.9729,927.1,927.1,365.7,0.394456,1,p:2.1.5.1.2.2
U839,34,FUSE0,556402.8729,556402.8729,557230.7729,827.9,827.9,271.3,0.327697,1,p:1.1.4.1.2.2
U840,34,FUSE0,556473.6729,556473.6729,557911.1729,1437.5,1437.5,271.3,0.18873,1,p:2.1.1.1.2.2
U841,34,FUSE0,556529.2729,556529.2729,557258.7729,729.5,729.5,271.3,0.371899,1,p:1.1.2.1.2.2
U842,34,FUSE0,556657.2729,556657.2729,557474.3729,817.1,817.1,271.3,0.332028,1,p:2.1.4.1.2.2
U843,34,FUSE0,556680.4729,556680.4729,557417.5729,737.1,737.1,271.3,0.368064,1,p:1.1.3.1.2.2
U844,34,FUSE0,556708.4729,556708.4729,557545.5729,837.1,837.1,271.3,0.324095,1,p:2.1.5.1.2.2
U845,34,FUSE0,556717.2729,556717.2729,558154.7729,1437.5,1437.5,271.3,0.18873,1,p:1.1.1.1.2.2
U846,34,FUSE0,556867.2729,556867.2729,557502.3729,635.1,635.1,271.3,0.427177,1,p:2.1.2.1.2.2
U847,34,FUSE0,556995.2729,556995.2729,557717.9729,722.7,722.7,271.3,0.375398,1,p:1.1.4.1.2.2
U848,34,FUSE1,557018.4729,557018.4729,557738.7729,720.3,720.3,333.3,0.462724,1,p:2.1.3.1.2.2
U849,34,FUSE1,557023.0729,557023.0729,557851.1729,828.1,828.1,333.3,0.402488,1,p:1.1.5.1.2.2
U850,34,FUSE1,557046.4729,557046.4729,558460.3729,1413.9,1413.9,333.3,0.235731,1,p:2.1.1.1.2.2
U851,34,FUSE1,557205.2729,557205.2729,557865.5729,660.3,660.3,333.3,0.504771,1,p:1.1.2.1.2.2
U852,34,FUSE1,557262.0729,557262.0729,558023.5729,761.5,761.5,333.3,0.437689,1,p:2.1.4.1.2.2
U853,34,FUSE1,557290.0729,557290.0729,558044.3729,754.3,754.3,333.3,0.441867,1,p:1.1.3.1.2.2
U854,34,FUSE1,557333.2729,557333.2729,558159.3729,826.1,826.1,333.3,0.403462,1,p:2.1.5.1.2.2
U855,34,FUSE1,557360.8729,557360.8729,558765.9729,1405.1,1405.1,333.3,0.237207,1,p:1.1.1.1.2.2
U856,34,FUSE1,557448.8729,557448.8729,558171.1729,722.3,722.3,333.3,0.461443,1,p:2.1.2.1.2.2
U857,34,FUSE2,557505.6729,557505.6729,558361.5729,855.9,855.9,365.7,0.42727,1,p:1.1.4.1.2.2
U858,34,FUSE2,557533.6729,557533.6729,558382.3729,848.7,848.7,365.7,0.430894,1,p:2.1.3.1.2.2
U859,34,FUSE2,557576.8729,557576.8729,558494.7729,917.9,917.9,365.7,0.398409,1,p:1.2.5.1.2.2
U860,34,FUSE2,557698.8729,557698.8729,558509.1729,810.3,810.3,365.7,0.451314,1,p:2.1.2.1.2.2
U861,34,FUSE2,557749.2729,557749.2729,559103.9729,1354.7,1354.7,365.7,0.269949,1,p:1.1.1.1.2.2
U862,34,FUSE2,557770.0729,557770.0729,558699.5729,929.5,929.5,365.7,0.393437,1,p:2.1.4.1.2.2
U863,34,FUSE2,557882.4729,557882.4729,558720.3729,837.9,837.9,365.7,0.436448,1,p:1.1.3.1.2.2
U864,34,FUSE2,557896.8729,557896.8729,558832.7729,935.9,935.9,365.7,0.390747,1,p:2.1.5.1.2.2
U792,32,FUSE0,557942.4729,557942.4729,559347.5729,1405.1,1405.1,271.3,0.193082,1,p:1.1.1.2.2.2
U793,32,FUSE0,558054.8729,558054.8729,558752.7729,697.9,697.9,271.3,0.388738,1,p:2.1.2.2.2.2
U794,32,FUSE0,558075.6729,558075.6729,558943.1729,867.5,867.5,271.3,0.312738,1,p:1.1.4.1.2.2
U795,32,FUSE0,558186.0729,558186.0729,558963.9729,777.9,777.9,271.3,0.348759,1,p:2.1.3.1.2.2
U796,32,FUSE0,558190.6729,558190.6729,559076.3729,885.7,885.7,271.3,0.306311,1,p:1.1.5.1.2.2
U797,32,FUSE0,558202.4729,558202.4729,558996.3729,793.9,793.9,271.3,0.341731,1,p:2.1.2.2.2.2
U798,32,FUSE0,558392.8729,558392.8729,559591.1729,1198.3,1198.3,271.3,0.226404,1,p:1.1.1.2.2.2
U799,32,FUSE0,558413.6729,558413.6729,559186.7729,773.1,773.1,271.3,0.350925,1,p:2.1.4.1.2.2
U800,32,FUSE0,558491.6729,558491.6729,559207.5729,715.9,715.9,271.3,0.378964,1,p:1.1.3.1.2.2
U801,32,FUSE1,558526.0729,558526.0729,559381.9729,855.9,855.9,333.3,0.389415,1,p:2.1.5.1.2.2
U802,32,FUSE1,558540.4729,558540.4729,559896.7729,1356.3,1356.3,333.3,0.245742,1,p:1.1.1.2.2.2
U803,32,FUSE1,558730.8729,558730.8729,559411.1729,680.3,680.3,333.3,0.489931,1,p:2.1.2.2.2.2
U804,32,FUSE1,558751.6729,558751.6729,559501.5729,749.9,749.9,333.3,0.444459,1,p:1.1.4.1.2.2
U805,32,FUSE1,558784.0729,558784.0729,559513.1729,729.1,729.1,333.3,0.457139,1,p:2.1.3.1.2.2
U806,32,FUSE1,558797.2729,558797.2729,559687.5729,890.3,890.3,333.3,0.374368,1,p:1.1.5.1.2.2
U807,32,FUSE1,558864.0729,558864.0729,559716.7729,852.7,852.7,333.3,0.390876,1,p:2.1.2.2.2.2
U808,32,FUSE1,558974.4729,558974.4729,560202.3729,1227.9,1227.9,333.3,0.271439,1,p:1.1.1.2.2.2
U809,32,FUSE2,558995.2729,558995.2729,559839.5729,844.3,844.3,365.7,0.43314,1,p:2.1.4.1.2.2
U810,32,FUSE2,559027.6729,559027.6729,559851.1729,823.5,823.5,365.7,0.44408,1,p:1.1.3.1.2.2
U811,32,FUSE2,559107.6729,559107.6729,560025.5729,917.9,917.9,365.7,0.398409,1,p:2.1.5.1.2.2
U812,32,FUSE2,559135.2729,559135.2729,560540.3729,1405.1,1405.1,365.7,0.260266,1,p:1.1.1.2.2.2
U813,32,FUSE2,559218.0729,559218.0729,560054.7729,836.7,836.7,365.7,0.437074,1,p:2.1.2.2.2.2
U814,32,FUSE2,559238.8729,559238.8729,560177.5729,938.7,938.7,365.7,0.389581,1,p:1.1.4.1.2.2
U815,32,FUSE2,559378.8729,559378.8729,560189.1729,810.3,810.3,365.7,0.451314,1,p:2.1.3.1.2.2
U816,32,FUSE2,559413.2729,559413.2729,560363.5729,950.3,950.3,365.7,0.384826,1,p:1.1.5.1.2.2
U817,32,FUSE2,559442.4729,559442.4729,560878.3729,1435.9,1435.9,365.7,0.254683,1,p:2.1.1.2.2.2
U1761,71,FUSE0,559532.8729,559532.8729,560298.3729,765.5,765.5,271.3,0.354409,1,p:1.1.2.1.2.2
U1762,71,FUSE0,559544.4729,559544.4729,560421.1729,876.7,876.7,271.3,0.309456,1,p:2.1.4.1.2.2
U1763,71,FUSE0,559622.4729,559622.4729,560432.7729,810.3,810.3,271.3,0.334814,1,p:1.1.3.1.2.2
U1764,71,FUSE0,559718.8729,559718.8729,560544.9729,826.1,826.1,271.3,0.328411,1,p:2.1.2.1.2.2
U1765,71,FUSE0,559748.0729,559748.0729,560607.1729,859.1,859.1,271.3,0.315796,1,p:1.1.5.1.2.2
U1766,71,FUSE0,559870.8729,559870.8729,561121.9729,1251.1,1251.1,271.3,0.216849,1,p:2.1.1.2.2.2
U1767,71,FUSE0,559882.4729,559882.4729,560664.7729,782.3,782.3,271.3,0.346798,1,p:1.1.4.1.2.2
U1768,71,FUSE0,559928.0729,559928.0729,560676.3729,748.3,748.3,271.3,0.362555,1,p:2.1.3.1.2.2
U1769,71,FUSE1,560056.8729,560056.8729,560847.5729,790.7,790.7,333.3,0.421525,1,p:1.1.2.1.2.2
U1770,71,FUSE1,560086.0729,560086.0729,560912.7729,826.7,826.7,333.3,0.403169,1,p:2.1.5.1.2.2
U1771,71,FUSE1,560208.8729,560208.8729,561427.5729,1218.7,1218.7,333.3,0.273488,1,p:1.1.1.2.2.2
U1772,71,FUSE1,560220.4729,560220.4729,560986.5729,766.1,766.1,333.3,0.435061,1,p:2.1.4.1.2.2
U1773,71,FUSE1,560233.6729,560233.6729,560981.9729,748.3,748.3,333.3,0.44541,1,p:1.1.3.1.2.2
U1774,71,FUSE1,560329.6729,560329.6729,561218.3729,888.7,888.7,333.3,0.375042,1,p:2.1.5.1.2.2
U1775,71,FUSE1,560394.8729,560394.8729,561153.1729,758.3,758.3,333.3,0.439536,1,p:1.1.2.1.2.2
U1776,71,FUSE1,560452.4729,560452.4729,561733.1729,1280.7,1280.7,333.3,0.260248,1,p:2.1.1.2.2.2
U1777,71,FUSE2,560464.0729,560464.0729,561322.3729,858.3,858.3,365.7,0.426075,1,p:1.1.4.1.2.2
U1778,71,FUSE2,560571.6729,560571.6729,561326.9729,755.3,755.3,365.7,0.484178,1,p:2.1.3.1.2.2
U1779,71,FUSE2,560576.2729,560576.2729,561491.1729,914.9,914.9,365.7,0.399716,1,p:1.1.2.1.2.2
U1780,71,FUSE2,560638.4729,560638.4729,561556.3729,917.9,917.9,365.7,0.398409,1,p:2.1.5.1.2.2
U1781,71,FUSE2,560696.0729,560696.0729,562071.1729,1375.1,1375.1,365.7,0.265944,1,p:1.1.1.2.2.2
U1782,71,FUSE2,560707.6729,560707.6729,561660.3729,952.7,952.7,365.7,0.383856,1,p:2.1.4.1.2.2
U1783,71,FUSE2,560878.8729,560878.8729,561664.9729,786.1,786.1,365.7,0.465208,1,p:1.1.3.1.2.2
U1784,71,FUSE2,560909.6729,560909.6729,561829.1729,919.5,919.5,365.7,0.397716,1,p:2.1.2.2.2.2
U7156,286,FUSE0,560944.0729,560944.0729,561799.9729,855.9,855.9,271.3,0.316976,1,p:1.1.5.1.2.2
U7157,286,FUSE0,561013.2729,561013.2729,562314.7729,1301.5,1301.5,271.3,0.208452,1,p:2.1.1.2.2.2
U7158,286,FUSE0,561017.8729,561017.8729,561903.9729,886.1,886.1,271.3,0.306173,1,p:1.1.4.1.2.2
U7159,286,FUSE0,561153.2729,561153.2729,561908.5729,755.3,755.3,271.3,0.359195,1,p:2.1.3.1.2.2
U7160,286,FUSE0,561184.4729,561184.4729,562043.5729,859.1,859.1,271.3,0.315796,1,p:1.1.5.1.2.2
U7161,286,FUSE0,561249.6729,561249.6729,562558.3729,1308.7,1308.7,271.3,0.207305,1,p:2.1.1.2.2.2
U7162,286,FUSE0,561353.6729,561353.6729,562075.7729,722.1,722.1,271.3,0.37571,1,p:1.1.2.2.2.2
U7163,286,FUSE0,561358.2729,561358.2729,562147.5729,789.3,789.3,271.3,0.343722,1,p:2.1.4.1.2.2
U7164,286,FUSE0,561458.8729,561458.8729,562152.1729,693.3,693.3,271.3,0.391317,1,p:1.1.3.1.2.2
U7165,286,FUSE1,561522.4729,561522.4729,562349.1729,826.7,826.7,333.3,0.403169,1,p:2.1.5.1.2.2
U7166,286,FUSE1,561587.6729,561587.6729,562863.9729,1276.3,1276.3,333.3,0.261145,1,p:1.1.1.2.2.2
U7167,286,FUSE1,561691.6729,561691.6729,562378.3729,686.7,686.7,333.3,0.485365,1,p:2.1.2.2.2.2
U7168,286,FUSE1,561696.2729,561696.2729,562453.1729,756.9,756.9,333.3,0.440349,1,p:1.1.4.1.2.2
U7169,286,FUSE1,561764.4729,561764.4729,562484.7729,720.3,720.3,333.3,0.462724,1,p:2.1.3.1.2.2
U7170,286,FUSE1,561831.2729,561831.2729,562654.7729,823.5,823.5,333.3,0.404736,1,p:1.1.5.1.2.2
U7171,286,FUSE1,561860.4729,561860.4729,563169.5729,1309.1,1309.1,333.3,0.254602,1,p:2.1.1.2.2.2
U7172,286,FUSE1,561935.2729,561935.2729,562683.9729,748.7,748.7,333.3,0.445172,1,p:1.1.2.2.2.2
U7173,286,FUSE1,561939.8729,561939.8729,562758.7729,818.9,818.9,333.3,0.407009,1,p:2.1.4.1.2.2
U7174,286,FUSE2,562074.8729,562074.8729,562822.7729,747.9,747.9,365.7,0.488969,1,p:1.1.3.1.2.2
U7175,286,FUSE2,562102.4729,562102.4729,562992.7729,890.3,890.3,365.7,0.41076,1,p:2.1.5.1.2.2
U7176,286,FUSE2,562107.0729,562107.0729,563507.5729,1400.5,1400.5,365.7,0.261121,1,p:1.2.1.2.2.2
U7177,286,FUSE2,562178.8729,562178.8729,563021.9729,843.1,843.1,365.7,0.433756,1,p:2.1.2.2.2.2
U7178,286,FUSE2,562183.4729,562183.4729,563096.7729,913.3,913.3,365.7,0.400416,1,p:1.1.4.1.2.2
U7179,286,FUSE2,562346.0729,562346.0729,563160.7729,814.7,814.7,365.7,0.448877,1,p:2.1.3.1.2.2
U7180,286,FUSE2,562380.4729,562380.4729,563330.7729,950.3,950.3,365.7,0.384826,1,p:1.1.5.1.2.2
U7181,286,FUSE2,562409.6729,562409.6729,563845.5729,1435.9,1435.9,365.7,0.254683,1,p:2.1.1.2.2.2
U7182,286,FUSE2,562484.4729,562484.4729,563359.9729,875.5,875.5,365.7,0.417704,1,p:1.1.2.2.2.2
U6973,279,FUSE0,562516.0729,562516.0729,563340.3729,824.3,824.3,271.3,0.329128,1,p:2.1.4.1.2.2
U6974,279,FUSE0,562589.6729,562589.6729,563404.3729,814.7,814.7,271.3,0.333006,1,p:1.1.3.1.2.2
U6975,279,FUSE0,562686.0729,562686.0729,563574.3729,888.3,888.3,271.3,0.305415,1,p:2.1.5.1.2.2
U6976,279,FUSE0,562715.2729,562715.2729,564089.1729,1373.9,1373.9,271.3,0.197467,1,p:1.1.1.2.2.2
U6977,279,FUSE0,562790.0729,562790.0729,563603.5729,813.5,813.5,271.3,0.333497,1,p:2.1.2.2.2.2
U6978,279,FUSE0,562854.0729,562854.0729,563583.9729,729.9,729.9,271.3,0.371695,1,p:1.1.4.1.2.2
U6979,279,FUSE0,562895.2729,562895.2729,563647.9729,752.7,752.7,271.3,0.360436,1,p:2.1.3.1.2.2
U6980,279,FUSE0,563024.0729,563024.0729,563817.9729,793.9,793.9,271.3,0.341731,1,p:1.1.5.1.2.2
U6981,279,FUSE0,563053.2729,563053.2729,564332.7729,1279.5,1279.5,271.3,0.212036,1,p:2.1.1.2.2.2
U6982,279,FUSE1,563128.0729,563128.0729,563909.1729,781.1,781.1,333.3,0.426706,1,p:1.1.2.1.2.2
U6983,279,FUSE1,563192.0729,563192.0729,563952.3729,760.3,760.3,333.3,0.43838,1,p:2.1.4.1.2.2
U6984,279,FUSE1,563200.8729,563200.8729,563956.9729,756.1,756.1,333.3,0.440815,1,p:1.1.3.1.2.2
U6985,279,FUSE1,563362.0729,563362.0729,564162.3729,800.3,800.3,333.3,0.416469,1,p:2.1.5.1.2.2
U6986,279,FUSE1,563371.6729,563371.6729,564638.3729,1266.7,1266.7,333.3,0.263125,1,p:1.1.1.2.2.2
U6987,279,FUSE1,563391.2729,563391.2729,564214.7729,823.5,823.5,333.3,0.404736,1,p:2.1.2.1.2.2
U6988,279,FUSE1,563435.6729,563435.6729,564257.9729,822.3,822.3,333.3,0.405327,1,p:1.1.4.1.2.2
U6989,279,FUSE1,563538.8729,563538.8729,564262.5729,723.7,723.7,333.3,0.46055,1,p:2.1.3.1.2.2
U6990,279,FUSE1,563605.6729,563605.6729,564467.9729,862.3,862.3,333.3,0.386524,1,p:1.1.5.1.2.2
U6991,279,FUSE2,563615.2729,563615.2729,564976.3729,1361.1,1361.1,365.7,0.26868,1,p:2.1.1.2.2.2
U6992,279,FUSE2,563634.8729,563634.8729,564552.7729,917.9,917.9,365.7,0.398409,1,p:1.1.2.1.2.2
U6993,279,FUSE2,563679.2729,563679.2729,564595.9729,916.7,916.7,365.7,0.398931,1,p:2.1.4.1.2.2
U6994,279,FUSE2,563849.2729,563849.2729,564600.5729,751.3,751.3,365.7,0.486756,1,p:1.1.3.1.2.2
U6995,279,FUSE2,563876.8729,563876.8729,564805.9729,929.1,929.1,365.7,0.393607,1,p:2.1.5.1.2.2
U6996,279,FUSE2,563940.4729,563940.4729,565314.3729,1373.9,1373.9,365.7,0.266177,1,p:1.1.1.2.2.2
U6997,279,FUSE2,563983.6729,563983.6729,564890.7729,907.1,907.1,365.7,0.403153,1,p:2.1.2.1.2.2
U6998,279,FUSE2,563988.2729,563988.2729,564933.9729,945.7,945.7,365.7,0.386698,1,p:1.1.4.1.2.2
U6999,279,FUSE2,564120.4729,564120.4729,564938.5729,818.1,818.1,365.7,0.447011,1,p:2.1.3.2.2.2
U2378,96,FUSE0,564193.6729,564193.6729,565049.5729,855.9,855.9,271.3,0.316976,1,p:1.1.5.1.2.2
U2379,96,FUSE0,564246.0729,564246.0729,565557.9729,1311.9,1311.9,271.3,0.206799,1,p:2.1.1.2.2.2
U2380,96,FUSE0,564289.2729,564289.2729,565134.3729,845.1,845.1,271.3,0.321027,1,p:1.1.2.1.2.2
U2381,96,FUSE0,564293.8729,564293.8729,565177.5729,883.7,883.7,271.3,0.307005,1,p:2.1.4.1.2.2
U2382,96,FUSE0,564364.0729,564364.0729,565293.1729,929.1,929.1,271.3,0.292003,1,p:1.1.5.1.2.2
U2383,96,FUSE0,564499.2729,564499.2729,565182.1729,682.9,682.9,271.3,0.397276,1,p:2.1.3.2.2.2
U2384,96,FUSE0,564584.0729,564584.0729,565801.5729,1217.5,1217.5,271.3,0.222834,1,p:1.1.1.2.2.2
U2385,96,FUSE0,564627.2729,564627.2729,565377.9729,750.7,750.7,271.3,0.361396,1,p:2.1.2.1.2.2
U2386,96,FUSE1,564631.8729,564631.8729,565483.1729,851.3,851.3,333.3,0.391519,1,p:1.1.4.1.2.2
U2387,96,FUSE1,564669.6729,564669.6729,565598.7729,929.1,929.1,333.3,0.358734,1,p:2.1.5.1.2.2
U2388,96,FUSE1,564837.2729,564837.2729,565537.5729,700.3,700.3,333.3,0.475939,1,p:1.1.3.2.2.2
U2389,96,FUSE1,564922.0729,564922.0729,566107.1729,1185.1,1185.1,333.3,0.281242,1,p:2.1.1.2.2.2
U2390,96,FUSE1,564965.2729,564965.2729,565683.5729,718.3,718.3,333.3,0.464012,1,p:1.1.2.1.2.2
U2391,96,FUSE1,564969.8729,564969.8729,565788.7729,818.9,818.9,333.3,0.407009,1,p:2.1.4.1.2.2
U2392,96,FUSE1,565007.6729,565007.6729,565904.3729,896.7,896.7,333.3,0.371696,1,p:1.1.5.1.2.2
U2393,96,FUSE1,565080.8729,565080.8729,565843.1729,762.3,762.3,333.3,0.437229,1,p:2.1.3.2.2.2
U2394,96,FUSE2,565165.6729,565165.6729,566445.1729,1279.5,1279.5,365.7,0.285815,1,p:1.2.1.1.2.2
U2395,96,FUSE2,565208.8729,565208.8729,566021.5729,812.7,812.7,365.7,0.449982,1,p:2.1.2.1.2.2
U2396,96,FUSE2,565213.4729,565213.4729,566126.7729,913.3,913.3,365.7,0.400416,1,p:1.1.4.1.2.2
U2397,96,FUSE2,565324.4729,565324.4729,566242.3729,917.9,917.9,365.7,0.398409,1,p:2.1.5.1.2.2
U2398,96,FUSE2,565345.6729,565345.6729,566181.1729,835.5,835.5,365.7,0.437702,1,p:1.1.3.2.2.2
U2399,96,FUSE2,565409.2729,565409.2729,566783.1729,1373.9,1373.9,365.7,0.266177,1,p:2.1.1.1.2.2
U2400,96,FUSE2,565514.4729,565514.4729,566359.5729,845.1,845.1,365.7,0.43273,1,p:1.1.2.1.2.2
U2401,96,FUSE2,565568.8729,565568.8729,566464.7729,895.9,895.9,365.7,0.408193,1,p:2.1.4.1.2.2
U2402,96,FUSE2,565589.2729,565589.2729,566580.3729,991.1,991.1,365.7,0.368984,1,p:1.1.5.1.2.2
U2403,96,FUSE2,565630.0729,565630.0729,566519.1729,889.1,889.1,365.7,0.411315,1,p:2.1.3.2.2.2
U8043,322,FUSE0,565714.8729,565714.8729,567026.7729,1311.9,1311.9,271.3,0.206799,1,p:1.2.1.1.2.2
U8044,322,FUSE0,565820.0729,565820.0729,566603.1729,783.1,783.1,271.3,0.346444,1,p:2.1.2.1.2.2
U8045,322,FUSE0,565832.8729,565832.8729,566708.3729,875.5,875.5,271.3,0.30988,1,p:1.1.4.1.2.2
U8046,322,FUSE0,565874.4729,565874.4729,567270.3729,1395.9,1395.9,271.3,0.194355,1,p:2.1.1.1.2.2
U8047,322,FUSE0,565935.6729,565935.6729,566823.9729,888.3,888.3,271.3,0.305415,1,p:1.1.5.1.2.2
U8048,322,FUSE0,566052.8729,566052.8729,566846.7729,793.9,793.9,271.3,0.341731,1,p:2.1.2.1.2.2
U8049,322,FUSE0,566138.4729,566138.4729,566776.7729,638.3,638.3,271.3,0.425035,1,p:1.1.3.2.2.2
U8050,322,FUSE0,566158.0729,566158.0729,566951.9729,793.9,793.9,271.3,0.341731,1,p:2.1.4.1.2.2
U8051,322,FUSE0,566212.4729,566212.4729,567513.9729,1301.5,1301.5,271.3,0.208452,1,p:1.1.1.1.2.2
U8052,322,FUSE1,566273.6729,566273.6729,567129.5729,855.9,855.9,333.3,0.389415,1,p:2.1.5.1.2.2
U8053,322,FUSE1,566390.8729,566390.8729,567091.1729,700.3,700.3,333.3,0.475939,1,p:1.1.3.2.2.2
U8054,322,FUSE1,566476.4729,566476.4729,567166.7729,690.3,690.3,333.3,0.482834,1,p:2.1.2.1.2.2
U8055,322,FUSE1,566496.0729,566496.0729,567257.5729,761.5,761.5,333.3,0.437689,1,p:1.1.4.1.2.2
U8056,322,FUSE1,566550.4729,566550.4729,567819.5729,1269.1,1269.1,333.3,0.262627,1,p:2.1.1.1.2.2
U8057,322,FUSE1,566611.6729,566611.6729,567435.1729,823.5,823.5,333.3,0.404736,1,p:1.1.5.1.2.2
U8058,322,FUSE1,566634.4729,566634.4729,567396.7729,762.3,762.3,333.3,0.437229,1,p:2.1.3.2.2.2
U8059,322,FUSE1,566739.6729,566739.6729,567472.3729,732.7,732.7,333.3,0.454893,1,p:1.1.2.1.2.2
U8060,322,FUSE1,566808.0729,566808.0729,567568.3729,760.3,760.3,333.3,0.43838,1,p:2.1.4.1.2.2
U8061,322,FUSE2,566814.4729,566814.4729,568157.5729,1343.1,1343.1,365.7,0.272281,1,p:1.1.1.1.2.2
U8062,322,FUSE2,566855.2729,566855.2729,567773.1729,917.9,917.9,365.7,0.398409,1,p:2.1.5.1.2.2
U8063,322,FUSE2,566878.0729,566878.0729,567734.7729,856.7,856.7,365.7,0.426871,1,p:1.1.3.2.2.2
U8064,322,FUSE2,566983.2729,566983.2729,567810.3729,827.1,827.1,365.7,0.442147,1,p:2.1.2.1.2.2
U8065,322,FUSE2,567058.0729,567058.0729,567906.3729,848.3,848.3,365.7,0.431097,1,p:1.2.4.1.2.2
U8066,322,FUSE2,567122.4729,567122.4729,568495.5729,1373.1,1373.1,365.7,0.266332,1,p:2.1.1.1.2.2
U8067,322,FUSE2,567160.8729,567160.8729,568111.1729,950.3,950.3,365.7,0.384826,1,p:1.1.5.1.2.2
U8068,322,FUSE2,567198.0729,567198.0729,568072.7729,874.7,874.7,365.7,0.418086,1,p:2.1.3.2.2.2
U8069,322,FUSE2,567288.8729,567288.8729,568148.3729,859.5,859.5,365.7,0.42548,1,p:1.1.2.1.2.2
U1985,80,FUSE0,567301.6729,567301.6729,568152.9729,851.3,851.3,271.3,0.318689,1,p:2.1.4.1.2.2
U1986,80,FUSE0,567428.0729,567428.0729,568739.1729,1311.1,1311.1,271.3,0.206925,1,p:1.1.1.1.2.2
U1987,80,FUSE0,567466.4729,567466.4729,568354.7729,888.3,888.3,271.3,0.305415,1,p:2.1.5.1.2.2
U1988,80,FUSE0,567503.6729,567503.6729,568316.3729,812.7,812.7,271.3,0.333826,1,p:1.1.3.2.2.2
U1989,80,FUSE0,567545.2729,567545.2729,568396.5729,851.3,851.3,271.3,0.318689,1,p:2.1.4.1.2.2
U1990,80,FUSE0,567599.6729,567599.6729,568391.9729,792.3,792.3,271.3,0.342421,1,p:1.2.2.1.2.2
U1991,80,FUSE0,567766.0729,567766.0729,568982.7729,1216.7,1216.7,271.3,0.22298,1,p:2.1.1.1.2.2
U1992,80,FUSE0,567804.4729,567804.4729,568598.3729,793.9,793.9,271.3,0.341731,1,p:1.1.5.1.2.2
U1993,80,FUSE1,567841.6729,567841.6729,568621.9729,780.3,780.3,333.3,0.427143,1,p:2.1.3.1.2.2
U1994,80,FUSE1,567850.8729,567850.8729,568702.1729,851.3,851.3,333.3,0.391519,1,p:1.1.4.1.2.2
U1995,80,FUSE1,567937.6729,567937.6729,568697.5729,759.9,759.9,333.3,0.43861,1,p:2.1.2.1.2.2
U1996,80,FUSE1,568104.0729,568104.0729,569288.3729,1184.3,1184.3,333.3,0.281432,1,p:1.1.1.1.2.2
U1997,80,FUSE1,568142.4729,568142.4729,568942.7729,800.3,800.3,333.3,0.416469,1,p:2.1.5.1.2.2
U1998,80,FUSE1,568179.6729,568179.6729,568927.5729,747.9,747.9,333.3,0.445648,1,p:1.1.3.1.2.2
U1999,80,FUSE1,568184.2729,568184.2729,569007.7729,823.5,823.5,333.3,0.404736,1,p:2.1.4.1.2.2
U2000,80,FUSE1,568188.8729,568188.8729,569003.1729,814.3,814.3,333.3,0.409309,1,p:1.2.2.1.2.2
U2001,80,FUSE2,568347.6729,568347.6729,569626.3729,1278.7,1278.7,365.7,0.285994,1,p:2.1.1.1.2.2
U2002,80,FUSE2,568386.0729,568386.0729,569280.7729,894.7,894.7,365.7,0.40874,1,p:1.1.5.1.2.2
U2003,80,FUSE2,568423.2729,568423.2729,569265.5729,842.3,842.3,365.7,0.434168,1,p:2.1.3.1.2.2
U2004,80,FUSE2,568427.8729,568427.8729,569345.7729,917.9,917.9,365.7,0.398409,1,p:1.1.4.1.2.2
U2005,80,FUSE2,568526.8729,568526.8729,569341.1729,814.3,814.3,365.7,0.449097,1,p:2.1.2.1.2.2
U2006,80,FUSE2,568629.6729,568629.6729,569964.3729,1334.7,1334.7,365.7,0.273994,1,p:1.2.1.1.2.2
U2007,80,FUSE2,568653.2729,568653.2729,569618.7729,965.5,965.5,365.7,0.378767,1,p:2.1.5.1.2.2
U283,12,FUSE0,568728.8729,568728.8729,569509.1729,780.3,780.3,271.3,0.347687,1,p:1.1.3.1.2.2
U284,12,FUSE0,568733.4729,568733.4729,569589.3729,855.9,855.9,271.3,0.316976,1,p:2.1.4.1.2.2
U285,12,FUSE0,568770.4729,568770.4729,569584.7729,814.3,814.3,271.3,0.33317,1,p:1.1.2.2.2.2
U286,12,FUSE0,568958.8729,568958.8729,570207.9729,1249.1,1249.1,271.3,0.217196,1,p:2.1.1.1.2.2
U287,12,FUSE0,568974.0729,568974.0729,569752.7729,778.7,778.7,271.3,0.348401,1,p:1.1.3.1.2.2
U288,12,FUSE0,569014.0729,569014.0729,569862.3729,848.3,848.3,271.3,0.319816,1,p:2.1.5.1.2.2
U289,12,FUSE0,569034.4729,569034.4729,569832.9729,798.5,798.5,271.3,0.339762,1,p:1.1.4.1.2.2
U290,12,FUSE0,569039.0729,569039.0729,569828.3729,789.3,789.3,271.3,0.343722,1,p:2.1.2.2.2.2
U291,12,FUSE1,569296.8729,569296.8729,570513.5729,1216.7,1216.7,333.3,0.273938,1,p:1.2.1.1.2.2
U292,12,FUSE1,569312.0729,569312.0729,570058.3729,746.3,746.3,333.3,0.446603,1,p:2.1.3.1.2.2
U293,12,FUSE1,569319.6729,569319.6729,570167.9729,848.3,848.3,333.3,0.392903,1,p:1.1.5.1.2.2
U294,12,FUSE1,569372.4729,569372.4729,570138.5729,766.1,766.1,333.3,0.435061,1,p:2.1.4.1.2.2
U295,12,FUSE1,569377.0729,569377.0729,570133.9729,756.9,756.9,333.3,0.440349,1,p:1.1.2.2.2.2
U296,12,FUSE1,569540.4729,569540.4729,570819.1729,1278.7,1278.7,333.3,0.260655,1,p:2.1.1.1.2.2
U297,12,FUSE1,569616.0729,569616.0729,572333.7215,2717.6485,2717.6485,333.3,0.122643,1,p:1.1.3.1.2.2
U298,12,FUSE1,569620.6729,569620.6729,570473.5729,852.9,852.9,333.3,0.390784,1,p:2.1.5.1.2.2
U299,12,FUSE2,569650.0729,571640.0215,572416.5215,2766.4485,2766.4485,365.7,0.132191,1,p:1.1.4.1.2.2
U300,12,FUSE2,569657.6729,569657.6729,571157.1729,1499.5,1499.5,365.7,0.243881,1,p:2.1.1.1.2.2
U301,12,FUSE2,569784.0729,571646.6215,572544.7729,2760.7,2760.7,365.7,0.132466,1,p:1.1.2.1.2.2
U302,12,FUSE2,569859.6729,569859.6729,570612.3729,752.7,752.7,365.7,0.485851,1,p:2.1.3.1.2.2
U303,12,FUSE2,569864.2729,571653.2215,572477.3215,2613.0485,2613.0485,365.7,0.139951,1,p:1.1.5.1.2.2
U304,12,FUSE2,569893.6729,569893.6729,570686.3729,792.7,792.7,365.7,0.461335,1,p:2.1.4.1.2.2
U305,12,FUSE2,569995.6729,571659.8215,573126.3729,3130.7,3130.7,365.7,0.116811,1,p:1.2.2.1.2.2
U306,12,FUSE2,570089.6729,570089.6729,571495.1729,1405.5,1405.5,365.7,0.260192,1,p:2.1.1.2.2.2
U307,12,FUSE2,570165.2729,571666.4215,572671.7215,2506.4485,2506.4485,365.7,0.145904,1,p:1.1.3.1.2.2
U6361,254,FUSE0,570169.8729,570169.8729,570908.1729,738.3,738.3,271.3,0.367466,1,p:2.1.5.1.2.2
U6362,254,FUSE0,570199.2729,571673.0215,572660.1215,2460.8485,2460.8485,271.3,0.110247,1,p:1.1.4.1.2.2
U6363,254,FUSE0,570239.2729,570239.2729,571151.7729,912.5,912.5,271.3,0.297315,1,p:2.1.5.1.2.2
U6364,254,FUSE0,570504.8729,571679.6215,572788.3729,2283.5,2283.5,271.3,0.118809,1,p:1.1.2.1.2.2
U6365,254,FUSE0,570544.8729,570544.8729,571738.7729,1193.9,1193.9,271.3,0.227238,1,p:2.1.1.2.2.2
U6366,254,FUSE0,570643.6729,571686.2215,572903.7215,2260.0485,2260.0485,271.3,0.120042,1,p:1.1.4.1.2.2
U6367,254,FUSE0,570717.6729,570717.6729,571375.9729,658.3,658.3,271.3,0.412122,1,p:2.1.3.1.2.2
U6368,254,FUSE1,570850.4729,571692.8215,573431.9729,2581.5,2581.5,333.3,0.129111,1,p:1.2.2.1.2.2
U6369,254,FUSE1,570939.4729,570939.4729,571743.3729,803.9,803.9,333.3,0.414604,1,p:2.1.5.1.2.2
U6370,254,FUSE1,571183.0729,571699.4215,572338.3215,1155.2485,1155.2485,333.3,0.288509,1,p:1.1.1.2.2.2
U6371,254,FUSE1,571188.4729,571188.4729,571948.7729,760.3,760.3,333.3,0.43838,1,p:2.1.4.1.2.2
U6372,254,FUSE1,571407.2729,571706.0215,572977.3215,1570.0485,1570.0485,333.3,0.212286,1,p:1.1.3.1.2.2
U6373,254,FUSE1,571526.4729,571526.4729,572206.7729,680.3,680.3,333.3,0.489931,1,p:2.1.2.1.2.2
U6374,254,FUSE1,571770.0729,571770.0729,572782.9215,1012.8485,1012.8485,333.3,0.329072,1,p:1.2.5.1.2.2
U6375,254,FUSE2,571774.6729,571774.6729,572676.3215,901.6485,901.6485,365.7,0.40559,1,p:2.1.1.2.2.2
U6376,254,FUSE2,571980.0729,571980.0729,573241.7215,1261.6485,1261.6485,365.7,0.289859,1,p:1.1.4.1.2.2
U6377,254,FUSE2,572238.0729,572238.0729,573315.3215,1077.2485,1077.2485,365.7,0.339476,1,p:2.1.3.1.2.2
U6378,254,FUSE2,572365.0215,572365.0215,573769.9729,1404.9515,1404.9515,365.7,0.260294,1,p:1.2.2.1.2.2
U6379,254,FUSE2,572369.6215,572369.6215,573202.3215,832.7,832.7,365.7,0.439174,1,p:2.1.5.1.2.2
U6380,254,FUSE2,572447.8215,572447.8215,573100.5215,652.7,652.7,365.7,0.560288,1,p:1.1.1.2.2.2
U6381,254,FUSE2,572508.6215,572508.6215,573579.7215,1071.1,1071.1,365.7,0.341425,1,p:2.1.4.1.2.2
U6382,254,FUSE2,572576.0729,572576.0729,573653.3215,1077.2485,1077.2485,365.7,0.339476,1,p:1.1.3.1.2.2
U6655,266,FUSE0,572691.4215,572691.4215,574013.5729,1322.1515,1322.1515,271.3,0.205196,1,p:2.1.2.1.2.2
U6656,266,FUSE0,572703.0215,572703.0215,573445.9215,742.9,742.9,271.3,0.36519,1,p:1.1.5.1.2.2
U6657,266,FUSE0,572707.6215,572707.6215,573344.1215,636.5,636.5,271.3,0.426237,1,p:2.1.1.2.2.2
U6658,266,FUSE0,572814.2215,572814.2215,574257.1729,1442.9515,1442.9515,271.3,0.188017,1,p:1.1.2.1.2.2
U6659,266,FUSE0,572819.6729,572819.6729,573823.3215,1003.6485,1003.6485,271.3,0.270314,1,p:2.1.4.1.2.2
U6660,266,FUSE0,572935.0215,572935.0215,573896.9215,961.9,961.9,271.3,0.282046,1,p:1.2.3.1.2.2
U6661,266,FUSE0,573008.6215,573008.6215,573746.9215,738.3,738.3,271.3,0.367466,1,p:2.1.5.1.2.2
U6662,266,FUSE1,573131.8215,573131.8215,573752.1215,620.3,620.3,333.3,0.537321,1,p:1.1.1.1.2.2
U6663,266,FUSE1,573157.6729,573157.6729,574562.7729,1405.1,1405.1,333.3,0.237207,1,p:2.1.2.1.2.2
U6664,266,FUSE1,573233.6215,573233.6215,574131.5215,897.9,897.9,333.3,0.371199,1,p:1.1.4.1.2.2
U6665,266,FUSE1,573273.0215,573273.0215,574202.5215,929.5,929.5,333.3,0.35858,1,p:2.1.3.1.2.2
U6666,266,FUSE1,573346.6215,573346.6215,574126.9215,780.3,780.3,333.3,0.427143,1,p:1.1.5.1.2.2
U6667,266,FUSE1,573375.4215,573375.4215,574057.7215,682.3,682.3,333.3,0.488495,1,p:2.1.1.1.2.2
U6668,266,FUSE1,573463.2729,573463.2729,574868.3729,1405.1,1405.1,333.3,0.237207,1,p:1.1.2.1.2.2
U6669,266,FUSE2,573477.2215,573477.2215,574466.9215,989.7,989.7,365.7,0.369506,1,p:2.1.4.1.2.2
U6670,266,FUSE2,573611.0215,573611.0215,574540.5215,929.5,929.5,365.7,0.393437,1,p:1.1.3.1.2.2
U6671,266,FUSE2,573684.6215,573684.6215,574517.3215,832.7,832.7,365.7,0.439174,1,p:2.1.5.1.2.2
U6672,266,FUSE2,573778.2215,573778.2215,574430.9215,652.7,652.7,365.7,0.560288,1,p:1.1.1.1.2.2
U6673,266,FUSE2,573783.4215,573783.4215,575206.3729,1422.9515,1422.9515,365.7,0.257001,1,p:2.1.2.1.2.2
U6674,266,FUSE2,573801.2729,573801.2729,574804.9215,1003.6485,1003.6485,365.7,0.364371,1,p:1.2.4.1.2.2
U6675,266,FUSE2,573854.6215,573854.6215,574878.5215,1023.9,1023.9,365.7,0.357164,1,p:2.1.3.1.2.2
U641,26,FUSE0,573928.2215,573928.2215,574760.9215,832.7,832.7,271.3,0.325808,1,p:1.2.5.1.2.2
U642,26,FUSE0,574044.8729,574044.8729,574674.5215,629.6485,629.6485,271.3,0.430875,1,p:2.1.1.1.2.2
U643,26,FUSE0,574089.0215,574089.0215,575449.9729,1360.9515,1360.9515,271.3,0.199346,1,p:1.1.2.1.2.2
U644,26,FUSE0,574158.2215,574158.2215,575048.5215,890.3,890.3,271.3,0.304729,1,p:2.1.4.1.2.2
U645,26,FUSE0,574162.8215,574162.8215,575122.1215,959.3,959.3,271.3,0.28281,1,p:1.1.3.1.2.2
U646,26,FUSE0,574233.8215,574233.8215,575004.5215,770.7,770.7,271.3,0.352018,1,p:2.1.5.1.2.2
U647,26,FUSE0,574288.4729,574288.4729,574918.1215,629.6485,629.6485,271.3,0.430875,1,p:1.1.1.1.2.2
U648,26,FUSE1,574462.2215,574462.2215,575755.5729,1293.3515,1293.3515,333.3,0.257703,1,p:2.1.2.1.2.2
U649,26,FUSE1,574498.2215,574498.2215,575354.1215,855.9,855.9,333.3,0.389415,1,p:1.1.4.1.2.2
U650,26,FUSE1,574548.6215,574548.6215,575427.7215,879.1,879.1,333.3,0.379138,1,p:2.1.3.1.2.2
U651,26,FUSE1,574571.8215,574571.8215,575392.1215,820.3,820.3,333.3,0.406315,1,p:1.2.5.1.2.2
U652,26,FUSE1,574594.0729,574594.0729,575234.3729,640.3,640.3,333.3,0.520537,1,p:2.1.1.1.2.2
U653,26,FUSE1,574705.8215,574705.8215,576061.1729,1355.3515,1355.3515,333.3,0.245914,1,p:1.1.2.1.2.2
U654,26,FUSE1,574792.2215,574792.2215,575659.7215,867.5,867.5,333.3,0.384207,1,p:2.1.4.1.2.2
U655,26,FUSE2,574836.2215,574836.2215,575765.7215,929.5,929.5,365.7,0.393437,1,p:1.1.3.1.2.2
U656,26,FUSE2,574899.6729,574899.6729,575732.9215,833.2485,833.2485,365.7,0.438885,1,p:2.1.5.1.2.2
U657,26,FUSE2,574909.8215,574909.8215,575572.3729,662.5515,662.5515,365.7,0.551957,1,p:1.1.1.1.2.2
U658,26,FUSE2,574949.4215,574949.4215,576399.1729,1449.7515,1449.7515,365.7,0.25225,1,p:2.1.2.1.2.2
U659,26,FUSE2,575035.8215,575035.8215,575997.7215,961.9,961.9,365.7,0.380185,1,p:1.1.4.1.2.2
U660,26,FUSE2,575079.8215,575079.8215,576103.7215,1023.9,1023.9,365.7,0.357164,1,p:2.1.3.1.2.2
U661,26,FUSE2,575153.4215,575153.4215,576070.9215,917.5,917.5,365.7,0.398583,1,p:1.2.5.1.2.2
U662,26,FUSE2,575237.6729,575237.6729,575950.3729,712.7,712.7,365.7,0.513119,1,p:2.1.1.2.1.2
U1893,76,FUSE0,575265.6729,575265.6729,576645.9729,1380.3,1380.3,271.3,0.196551,1,p:1.1.2.1.2.2
U1894,76,FUSE0,575385.4215,575385.4215,576241.3215,855.9,855.9,271.3,0.316976,1,p:2.1.4.1.2.2
U1895,76,FUSE0,575423.4215,575423.4215,576347.3215,923.9,923.9,271.3,0.293646,1,p:1.1.3.1.2.2
U1896,76,FUSE0,575459.0215,575459.0215,576314.5215,855.5,855.5,271.3,0.317124,1,p:2.1.5.1.2.2
U1897,76,FUSE0,575481.2729,575481.2729,576886.3729,1405.1,1405.1,271.3,0.193082,1,p:1.1.2.1.2.2
U1898,76,FUSE0,575603.6729,575603.6729,576221.9729,618.3,618.3,271.3,0.438784,1,p:2.1.1.2.1.2
U1899,76,FUSE0,575691.0215,575691.0215,576484.9215,793.9,793.9,271.3,0.341731,1,p:1.1.4.1.2.2
U1900,76,FUSE0,575764.2215,575764.2215,576590.9215,826.7,826.7,271.3,0.328172,1,p:2.1.3.1.2.2
U1901,76,FUSE1,575786.8729,575786.8729,576620.1215,833.2485,833.2485,333.3,0.400001,1,p:1.1.5.1.2.2
U1902,76,FUSE1,575797.0215,575797.0215,577191.9729,1394.9515,1394.9515,333.3,0.238933,1,p:2.1.2.1.2.2
U1903,76,FUSE1,575981.6729,575981.6729,576641.9729,660.3,660.3,333.3,0.504771,1,p:1.1.1.2.1.2
U1904,76,FUSE1,576029.0215,576029.0215,576790.5215,761.5,761.5,333.3,0.437689,1,p:2.1.4.1.2.2
U1905,76,FUSE1,576092.4729,576092.4729,576896.5215,804.0485,804.0485,333.3,0.414527,1,p:1.1.3.1.2.2
U1906,76,FUSE1,576102.2215,576102.2215,576925.7215,823.5,823.5,333.3,0.404736,1,p:2.1.5.1.2.2
U1907,76,FUSE1,576135.0215,576135.0215,577497.5729,1362.5515,1362.5515,333.3,0.244615,1,p:1.1.2.1.2.2
U1908,76,FUSE1,576253.2729,576253.2729,576947.5729,694.3,694.3,333.3,0.480052,1,p:2.1.1.2.1.2
U1909,76,FUSE2,576272.6215,576272.6215,577128.5215,855.9,855.9,365.7,0.42727,1,p:1.1.4.1.2.2
U1910,76,FUSE2,576345.8215,576345.8215,577234.5215,888.7,888.7,365.7,0.4115,1,p:2.1.3.1.2.2
U1911,76,FUSE2,576378.6215,576378.6215,577263.7215,885.1,885.1,365.7,0.413174,1,p:1.1.5.1.2.2
U1912,76,FUSE2,576430.4729,576430.4729,577835.5729,1405.1,1405.1,365.7,0.260266,1,p:2.1.2.1.2.2
U1913,76,FUSE2,576516.2215,576516.2215,577285.5729,769.3515,769.3515,365.7,0.475335,1,p:1.1.1.2.1.2
U1914,76,FUSE2,576622.2215,576622.2215,577466.5215,844.3,844.3,365.7,0.43314,1,p:2.1.4.1.2.2
U1915,76,FUSE2,576651.4215,576651.4215,577572.5215,921.1,921.1,365.7,0.397025,1,p:1.1.3.1.2.2
U1916,76,FUSE2,576673.2729,576673.2729,577601.7215,928.4485,928.4485,365.7,0.393883,1,p:2.1.5.1.2.2
U2991,120,FUSE0,576677.2729,576677.2729,578079.1729,1401.9,1401.9,271.3,0.193523,1,p:1.1.2.2.2.2
U2992,120,FUSE0,576821.8215,576821.8215,577489.1729,667.3515,667.3515,271.3,0.406532,1,p:2.1.1.2.2.2
U2993,120,FUSE0,576917.6729,576917.6729,577710.1215,792.4485,792.4485,271.3,0.342357,1,p:1.1.4.1.2.2
U2994,120,FUSE0,576927.8215,576927.8215,577816.1215,888.3,888.3,271.3,0.305415,1,p:2.1.3.1.2.2
U2995,120,FUSE0,576957.0215,576957.0215,577845.3215,888.3,888.3,271.3,0.305415,1,p:1.1.5.1.2.2
U2996,120,FUSE0,576978.8729,576978.8729,578322.7729,1343.9,1343.9,271.3,0.201875,1,p:2.1.2.2.2.2
U2997,120,FUSE0,577159.8215,577159.8215,577732.7729,572.9515,572.9515,271.3,0.473513,1,p:1.1.1.2.2.2
U2998,120,FUSE0,577223.2729,577223.2729,577953.7215,730.4485,730.4485,271.3,0.371416,1,p:2.1.4.1.2.2
U2999,120,FUSE1,577265.8215,577265.8215,578121.7215,855.9,855.9,333.3,0.389415,1,p:1.1.3.1.2.2
U3000,120,FUSE1,577295.0215,577295.0215,578150.9215,855.9,855.9,333.3,0.389415,1,p:2.1.5.1.2.2
U3001,120,FUSE1,577316.8729,577316.8729,578628.3729,1311.5,1311.5,333.3,0.254136,1,p:1.1.2.2.2.2
U3002,120,FUSE1,577497.8215,577497.8215,578138.1215,640.3,640.3,333.3,0.520537,1,p:2.1.1.2.2.2
U3003,120,FUSE1,577520.4729,577520.4729,578268.5215,748.0485,748.0485,333.3,0.445559,1,p:1.1.4.1.2.2
U3004,120,FUSE1,577528.8729,577528.8729,578427.3215,898.4485,898.4485,333.3,0.370973,1,p:2.1.3.1.2.2
U3005,120,FUSE1,577603.8215,577603.8215,578456.5215,852.7,852.7,333.3,0.390876,1,p:1.1.5.1.2.2
U3006,120,FUSE1,577633.0215,577633.0215,578443.7215,810.7,810.7,333.3,0.411126,1,p:2.1.1.2.2.2
U3007,120,FUSE2,577741.4215,577741.4215,578966.3729,1224.9515,1224.9515,365.7,0.298542,1,p:1.1.2.2.2.2
U3008,120,FUSE2,577764.0729,577764.0729,578606.5215,842.4485,842.4485,365.7,0.434092,1,p:2.1.4.1.2.2
U3009,120,FUSE2,577847.4215,577847.4215,578765.3215,917.9,917.9,365.7,0.398409,1,p:1.1.3.1.2.2
U3010,120,FUSE2,577866.8729,577866.8729,578794.5215,927.6485,927.6485,365.7,0.394223,1,p:2.1.5.1.2.2
U3011,120,FUSE2,577876.6215,577876.6215,578781.7215,905.1,905.1,365.7,0.404044,1,p:1.1.1.2.2.2
U3012,120,FUSE2,577985.0215,577985.0215,579304.3729,1319.3515,1319.3515,365.7,0.277182,1,p:2.1.2.2.2.2
U3013,120,FUSE2,578110.4729,578110.4729,578944.5215,834.0485,834.0485,365.7,0.438464,1,p:1.1.4.1.2.2
U3014,120,FUSE2,578153.0215,578153.0215,579103.3215,950.3,950.3,365.7,0.384826,1,p:2.1.3.1.2.2
U4159,167,FUSE0,578169.4215,578169.4215,579038.1215,868.7,868.7,271.3,0.312306,1,p:1.1.5.1.2.2
U4160,167,FUSE0,578182.2215,578182.2215,579547.9729,1365.7515,1365.7515,271.3,0.198645,1,p:2.1.2.2.2.2
U4161,167,FUSE0,578299.8215,578299.8215,579025.3215,725.5,725.5,271.3,0.373949,1,p:1.1.1.2.2.2
U4162,167,FUSE0,578354.0729,578354.0729,579188.1215,834.0485,834.0485,271.3,0.325281,1,p:2.1.4.1.2.2
U4163,167,FUSE0,578458.6215,578458.6215,579346.9215,888.3,888.3,271.3,0.305415,1,p:1.1.3.1.2.2
U4164,167,FUSE0,578475.0215,578475.0215,579281.7215,806.7,806.7,271.3,0.336308,1,p:2.1.5.1.2.2
U4165,167,FUSE0,578487.8215,578487.8215,579268.9215,781.1,781.1,271.3,0.347331,1,p:1.1.1.2.2.2
U4166,167,FUSE0,578637.8215,578637.8215,579791.5729,1153.7515,1153.7515,271.3,0.235146,1,p:2.1.2.2.2.2
U4167,167,FUSE0,578659.6729,578659.6729,579431.7215,772.0485,772.0485,271.3,0.351403,1,p:1.1.4.1.2.2
U4168,167,FUSE1,578796.6215,578796.6215,579652.5215,855.9,855.9,333.3,0.389415,1,p:2.1.3.1.2.2
U4169,167,FUSE1,578813.0215,578813.0215,579593.3215,780.3,780.3,333.3,0.427143,1,p:1.1.5.1.2.2
U4170,167,FUSE1,578825.8215,578825.8215,579574.5215,748.7,748.7,333.3,0.445172,1,p:2.1.1.2.2.2
U4171,167,FUSE1,578975.8215,578975.8215,580100.5729,1124.7515,1124.7515,333.3,0.296332,1,p:1.1.2.2.2.2
U4172,167,FUSE1,578997.6729,578997.6729,579757.9729,760.3,760.3,333.3,0.43838,1,p:2.1.4.1.2.2
U4173,167,FUSE1,579056.6215,579056.6215,579958.1215,901.5,901.5,333.3,0.369717,1,p:1.1.3.1.2.2
U4174,167,FUSE1,579069.4215,579069.4215,579880.1215,810.7,810.7,333.3,0.411126,1,p:2.1.1.2.2.2
U4175,167,FUSE1,579134.6215,579134.6215,579914.9215,780.3,780.3,333.3,0.427143,1,p:1.1.5.1.2.2
U4176,167,FUSE1,579219.4215,579219.4215,580402.7729,1183.3515,1183.3515,333.3,0.281658,1,p:2.1.2.2.2.2
U4177,167,FUSE2,579300.2215,579300.2215,580095.9729,795.7515,795.7515,365.7,0.459566,1,p:1.1.4.1.2.2
U4178,167,FUSE2,579313.0215,579313.0215,580296.1215,983.1,983.1,365.7,0.371987,1,p:2.1.3.1.2.2
U4179,167,FUSE2,579335.6729,579335.6729,580252.9215,917.2485,917.2485,365.7,0.398692,1,p:1.1.5.1.2.2
U4180,167,FUSE2,579378.2215,579378.2215,580218.1215,839.9,839.9,365.7,0.435409,1,p:2.1.1.2.2.2
U4181,167,FUSE2,579463.0215,579463.0215,580740.7729,1277.7515,1277.7515,365.7,0.286206,1,p:1.1.2.2.2.2
U4182,167,FUSE2,579579.2729,579579.2729,580433.9729,854.7,854.7,365.7,0.427869,1,p:2.1.4.1.2.2
U4183,167,FUSE2,579605.8215,579605.8215,580634.1215,1028.3,1028.3,365.7,0.355636,1,p:1.1.3.1.2.2
U4184,167,FUSE2,579624.6215,579624.6215,580556.1215,931.5,931.5,365.7,0.392593,1,p:2.1.1.2.2.2
U4185,167,FUSE2,579683.8215,579683.8215,580590.9215,907.1,907.1,365.7,0.403153,1,p:1.1.5.1.2.2
U4186,167,FUSE2,579789.2729,579789.2729,581082.7215,1293.4485,1293.4485,365.7,0.282733,1,p:2.1.2.2.2.2
U2831,114,FUSE0,579822.8729,579822.8729,580677.5729,854.7,854.7,271.3,0.317421,1,p:1.1.4.1.2.2
U2832,114,FUSE0,579911.4215,579911.4215,580877.7215,966.3,966.3,271.3,0.280762,1,p:2.1.3.1.2.2
U2833,114,FUSE0,579946.2215,579946.2215,580834.5215,888.3,888.3,271.3,0.305415,1,p:1.1.5.1.2.2
U2834,114,FUSE0,579989.4215,579989.4215,580799.7215,810.3,810.3,271.3,0.334814,1,p:2.1.1.2.2.2
U2835,114,FUSE0,580127.2729,580127.2729,581322.3729,1195.1,1195.1,271.3,0.22701,1,p:1.1.2.2.2.2
U2836,114,FUSE0,580131.8729,580131.8729,580921.1729,789.3,789.3,271.3,0.343722,1,p:2.1.4.1.2.2
U2837,114,FUSE0,580249.4215,580249.4215,581121.3215,871.9,871.9,271.3,0.31116,1,p:1.1.3.1.2.2
U2838,114,FUSE0,580284.2215,580284.2215,581043.3215,759.1,759.1,271.3,0.357397,1,p:2.1.1.2.2.2
U2839,114,FUSE0,580327.4215,580327.4215,581078.1215,750.7,750.7,271.3,0.361396,1,p:1.1.5.1.2.2
U2840,114,FUSE0,580434.0729,580434.0729,581565.9729,1131.9,1131.9,271.3,0.239685,1,p:2.1.2.2.2.2
U2841,114,FUSE1,580465.2729,580465.2729,581226.7729,761.5,761.5,333.3,0.437689,1,p:1.1.4.1.2.2
U2842,114,FUSE1,580587.4215,580587.4215,581426.9215,839.5,839.5,333.3,0.397022,1,p:2.1.3.1.2.2
U2843,114,FUSE1,580622.2215,580622.2215,581402.5215,780.3,780.3,333.3,0.427143,1,p:1.1.5.1.2.2
U2844,114,FUSE1,580665.4215,580665.4215,581348.9215,683.5,683.5,333.3,0.487637,1,p:2.1.1.2.2.2
U2845,114,FUSE1,580708.8729,580708.8729,581874.9729,1166.1,1166.1,333.3,0.285825,1,p:1.1.2.2.2.2
U2846,114,FUSE1,580772.0729,580772.0729,581532.3729,760.3,760.3,333.3,0.43838,1,p:2.1.4.1.2.2
U2847,114,FUSE1,580831.0215,580831.0215,581732.5215,901.5,901.5,333.3,0.369717,1,p:1.1.3.1.2.2
U2848,114,FUSE1,580865.8215,580865.8215,581654.5215,788.7,788.7,333.3,0.422594,1,p:2.1.1.2.2.2
U2849,114,FUSE1,580909.0215,580909.0215,581708.1215,799.1,799.1,333.3,0.417094,1,p:1.1.5.1.2.2
U2850,114,FUSE1,580952.4729,580952.4729,582177.1729,1224.7,1224.7,333.3,0.272148,1,p:2.1.2.2.2.2
U2851,114,FUSE2,581074.6215,581074.6215,581870.3729,795.7515,795.7515,365.7,0.459566,1,p:1.1.4.1.2.2
U2852,114,FUSE2,581109.4215,581109.4215,582070.5215,961.1,961.1,365.7,0.380502,1,p:2.1.3.1.2.2
U2853,114,FUSE2,581114.0215,581114.0215,582046.1215,932.1,932.1,365.7,0.39234,1,p:1.1.5.1.2.2
U2854,114,FUSE2,581152.6215,581152.6215,581992.5215,839.9,839.9,365.7,0.435409,1,p:2.1.1.2.2.2
U2855,114,FUSE2,581258.0729,581258.0729,582515.1729,1257.1,1257.1,365.7,0.290908,1,p:1.1.2.2.2.2
U2856,114,FUSE2,581353.6729,581353.6729,582208.3729,854.7,854.7,365.7,0.427869,1,p:2.1.4.1.2.2
U2857,114,FUSE2,581380.2215,581380.2215,582408.5215,1028.3,1028.3,365.7,0.355636,1,p:1.1.3.1.2.2
U2858,114,FUSE2,581433.8215,581433.8215,582330.5215,896.7,896.7,365.7,0.407829,1,p:2.1.1.2.2.2
U2859,114,FUSE2,581458.2215,581458.2215,582384.1215,925.9,925.9,365.7,0.394967,1,p:1.1.5.1.2.2
U2860,114,FUSE2,581563.6729,581563.6729,582853.1729,1289.5,1289.5,365.7,0.283598,1,p:2.1.2.2.2.2
U2861,114,FUSE2,581597.2729,581597.2729,582546.3729,949.1,949.1,365.7,0.385312,1,p:1.1.4.1.2.2
U2200,89,FUSE0,581685.8215,581685.8215,582652.1215,966.3,966.3,271.3,0.280762,1,p:2.1.3.1.2.2
U2201,89,FUSE0,581739.4215,581739.4215,582627.7215,888.3,888.3,271.3,0.305415,1,p:1.1.5.1.2.2
U2202,89,FUSE0,581763.8215,581763.8215,582574.1215,810.3,810.3,271.3,0.334814,1,p:2.1.1.2.2.2
U2203,89,FUSE0,581901.6729,581901.6729,583100.1729,1198.5,1198.5,271.3,0.226366,1,p:1.1.2.2.2.2
U2204,89,FUSE0,581906.2729,581906.2729,582789.9729,883.7,883.7,271.3,0.307005,1,p:2.1.4.1.2.2
U2205,89,FUSE0,582023.8215,582023.8215,582895.7215,871.9,871.9,271.3,0.31116,1,p:1.1.3.1.2.2
U2206,89,FUSE0,582077.4215,582077.4215,582817.7215,740.3,740.3,271.3,0.366473,1,p:2.1.1.2.2.2
U2207,89,FUSE0,582101.8215,582101.8215,582871.3215,769.5,769.5,271.3,0.352567,1,p:1.1.5.1.2.2
U2208,89,FUSE1,582208.4729,582208.4729,583405.7729,1197.3,1197.3,333.3,0.278376,1,p:2.1.2.1.2.2
U2209,89,FUSE1,582239.6729,582239.6729,583095.5729,855.9,855.9,333.3,0.389415,1,p:1.1.4.1.2.2
U2210,89,FUSE1,582361.8215,582361.8215,583201.3215,839.5,839.5,333.3,0.397022,1,p:2.1.3.1.2.2
U2211,89,FUSE1,582415.4215,582415.4215,583195.7215,780.3,780.3,333.3,0.427143,1,p:1.1.5.1.2.2
U2212,89,FUSE1,582439.8215,582439.8215,583123.3215,683.5,683.5,333.3,0.487637,1,p:2.1.1.2.2.2
U2213,89,FUSE1,582546.4729,582546.4729,583707.9729,1161.5,1161.5,333.3,0.286957,1,p:1.1.2.1.2.2
U2214,89,FUSE1,582577.6729,582577.6729,583401.1729,823.5,823.5,333.3,0.404736,1,p:2.1.4.1.2.2
U2215,89,FUSE1,582605.4215,582605.4215,583506.9215,901.5,901.5,333.3,0.369717,1,p:1.1.3.1.2.2
U2216,89,FUSE2,582659.0215,582659.0215,583461.3215,802.3,802.3,365.7,0.455815,1,p:2.1.1.2.2.2
U2217,89,FUSE2,582683.4215,582683.4215,583533.7215,850.3,850.3,365.7,0.430083,1,p:1.1.5.1.2.2
U2218,89,FUSE2,582821.2729,582821.2729,584047.5215,1226.2485,1226.2485,365.7,0.298227,1,p:2.1.2.1.2.2
U2219,89,FUSE2,582849.0215,582849.0215,583739.1729,890.1515,890.1515,365.7,0.410829,1,p:1.1.4.1.2.2
U2220,89,FUSE2,582884.4729,582884.4729,583844.9215,960.4485,960.4485,365.7,0.38076,1,p:2.1.3.1.2.2
U2221,89,FUSE2,582902.6215,582902.6215,583871.7215,969.1,969.1,365.7,0.37736,1,p:1.1.5.1.2.2
U2222,89,FUSE2,582927.0215,582927.0215,583799.3215,872.3,872.3,365.7,0.419237,1,p:2.1.1.2.2.2
U2223,89,FUSE2,583126.8729,583126.8729,584383.9729,1257.1,1257.1,365.7,0.290908,1,p:1.1.2.1.2.2
U5878,235,FUSE0,583131.4729,583131.4729,583982.7729,851.3,851.3,271.3,0.318689,1,p:2.1.4.1.2.2
U5879,235,FUSE0,583154.6215,583154.6215,584088.5215,933.9,933.9,271.3,0.290502,1,p:1.1.3.1.2.2
U5880,235,FUSE0,583227.0215,583227.0215,584042.9215,815.9,815.9,271.3,0.332516,1,p:2.1.1.2.2.2
U5881,235,FUSE0,583232.6215,583232.6215,584115.3215,882.7,882.7,271.3,0.307352,1,p:1.1.5.1.2.2
U5882,235,FUSE0,583432.4729,583432.4729,584627.5729,1195.1,1195.1,271.3,0.22701,1,p:2.1.2.1.2.2
U5883,235,FUSE0,583437.0729,583437.0729,584226.3729,789.3,789.3,271.3,0.343722,1,p:1.1.4.1.2.2
U5884,235,FUSE0,583492.6215,583492.6215,584332.1215,839.5,839.5,271.3,0.323169,1,p:2.1.3.1.2.2
U5885,235,FUSE0,583538.2215,583538.2215,584358.9215,820.7,820.7,271.3,0.330571,1,p:1.1.5.1.2.2
U5886,235,FUSE0,583565.0215,583565.0215,584286.5215,721.5,721.5,271.3,0.376022,1,p:2.1.1.2.2.2
U5887,235,FUSE1,583739.2729,583739.2729,584934.7215,1195.4485,1195.4485,333.3,0.278807,1,p:1.1.2.1.2.2
U5888,235,FUSE1,583770.4729,583770.4729,584531.9729,761.5,761.5,333.3,0.437689,1,p:2.1.4.1.2.2
U5889,235,FUSE1,583830.6215,583830.6215,584637.7215,807.1,807.1,333.3,0.41296,1,p:1.1.3.1.2.2
U5890,235,FUSE1,583876.2215,583876.2215,584592.1215,715.9,715.9,333.3,0.465568,1,p:2.1.1.2.2.2
U5891,235,FUSE1,583903.0215,583903.0215,584686.9215,783.9,783.9,333.3,0.425182,1,p:1.1.5.1.2.2
U5892,235,FUSE1,584014.0729,584014.0729,585238.7729,1224.7,1224.7,333.3,0.272148,1,p:2.1.2.1.2.2
U5893,235,FUSE1,584074.2215,584074.2215,584837.5729,763.3515,763.3515,333.3,0.436627,1,p:1.1.4.1.2.2
U5894,235,FUSE1,584078.8215,584078.8215,584943.3215,864.5,864.5,333.3,0.385541,1,p:2.1.3.1.2.2
U5895,235,FUSE1,584119.8215,584119.8215,584992.5215,872.7,872.7,333.3,0.381918,1,p:1.1.5.1.2.2
U5896,235,FUSE2,584146.6215,584146.6215,584930.1215,783.5,783.5,365.7,0.466752,1,p:2.1.1.2.2.2
U5897,235,FUSE2,584257.6729,584257.6729,585578.7215,1321.0485,1321.0485,365.7,0.276826,1,p:1.1.2.1.2.2
U5898,235,FUSE2,584317.8215,584317.8215,585175.5729,857.7515,857.7515,365.7,0.426347,1,p:2.1.4.1.2.2
U5899,235,FUSE2,584363.4215,584363.4215,585281.3215,917.9,917.9,365.7,0.398409,1,p:1.1.3.1.2.2
U5900,235,FUSE2,584390.2215,584390.2215,585268.1215,877.9,877.9,365.7,0.416562,1,p:2.1.1.2.2.2
U5901,235,FUSE2,584415.2729,584415.2729,585330.5215,915.2485,915.2485,365.7,0.399564,1,p:1.1.5.1.2.2
U5902,235,FUSE2,584563.2729,584563.2729,585914.7729,1351.5,1351.5,365.7,0.270588,1,p:2.1.2.1.2.2
U5903,235,FUSE2,584623.4215,584623.4215,585516.3215,892.9,892.9,365.7,0.409564,1,p:1.1.4.1.2.2
U4187,168,FUSE0,584658.8729,584658.8729,585524.9215,866.0485,866.0485,271.3,0.313262,1,p:2.1.3.1.2.2
U4188,168,FUSE0,584669.0215,584669.0215,585574.1215,905.1,905.1,271.3,0.299746,1,p:1.1.5.1.2.2
U4189,168,FUSE0,584718.2215,584718.2215,585511.7215,793.5,793.5,271.3,0.341903,1,p:2.1.1.2.2.2
U4190,168,FUSE0,584868.8729,584868.8729,585768.5215,899.6485,899.6485,271.3,0.301562,1,p:1.1.3.1.2.2
U4191,168,FUSE0,584961.4215,584961.4215,586158.3729,1196.9515,1196.9515,271.3,0.226659,1,p:2.1.2.1.2.2
U4192,168,FUSE0,584966.0215,584966.0215,585759.9215,793.9,793.9,271.3,0.341731,1,p:1.1.4.1.2.2
U4193,168,FUSE0,584974.6215,584974.6215,585817.7215,843.1,843.1,271.3,0.321789,1,p:2.1.5.1.2.2
U4194,168,FUSE0,585023.8215,585023.8215,585755.3215,731.5,731.5,271.3,0.370882,1,p:1.1.1.2.2.2
U4195,168,FUSE0,585206.8729,585206.8729,586012.1215,805.2485,805.2485,271.3,0.336915,1,p:2.1.3.1.2.2
U4196,168,FUSE1,585270.0729,585270.0729,586463.9729,1193.9,1193.9,333.3,0.279169,1,p:1.1.2.1.2.2
U4197,168,FUSE1,585299.4215,585299.4215,586065.5215,766.1,766.1,333.3,0.435061,1,p:2.1.4.1.2.2
U4198,168,FUSE1,585312.6215,585312.6215,586123.3215,810.7,810.7,333.3,0.411126,1,p:1.1.5.1.2.2
U4199,168,FUSE1,585361.8215,585361.8215,586060.9215,699.1,699.1,333.3,0.476756,1,p:2.1.1.2.2.2
U4200,168,FUSE1,585543.0215,585543.0215,586317.7215,774.7,774.7,333.3,0.430231,1,p:1.1.3.1.2.2
U4201,168,FUSE1,585547.6215,585547.6215,586371.1215,823.5,823.5,333.3,0.404736,1,p:2.1.4.1.2.2
U4202,168,FUSE1,585556.2215,585556.2215,586771.5215,1215.3,1215.3,333.3,0.274253,1,p:1.1.2.1.2.2
U4203,168,FUSE1,585605.4215,585605.4215,586428.9215,823.5,823.5,333.3,0.404736,1,p:2.1.5.1.2.2
U4204,168,FUSE1,585610.0215,585610.0215,586366.5215,756.5,756.5,333.3,0.440582,1,p:1.1.1.2.2.2
U4205,168,FUSE2,585786.6215,585786.6215,586655.7215,869.1,869.1,365.7,0.42078,1,p:2.1.3.1.2.2
U4206,168,FUSE2,585791.2215,585791.2215,587107.5729,1316.3515,1316.3515,365.7,0.277813,1,p:1.1.2.1.2.2
U4207,168,FUSE2,585799.8215,585799.8215,586709.1215,909.3,909.3,365.7,0.402177,1,p:2.1.4.1.2.2
U4208,168,FUSE2,585849.0215,585849.0215,586766.9215,917.9,917.9,365.7,0.398409,1,p:1.1.5.1.2.2
U4209,168,FUSE2,585946.0729,585946.0729,586704.5215,758.4485,758.4485,365.7,0.482169,1,p:2.1.1.2.2.2
U4210,168,FUSE2,586043.4215,586043.4215,586993.7215,950.3,950.3,365.7,0.384826,1,p:1.1.3.1.2.2
U4211,168,FUSE2,586092.2215,586092.2215,587445.5729,1353.3515,1353.3515,365.7,0.270218,1,p:2.1.2.1.2.2
U4212,168,FUSE2,586096.8215,586096.8215,587044.9215,948.1,948.1,365.7,0.385719,1,p:1.1.4.1.2.2
U7996,320,FUSE0,586154.6215,586154.6215,587010.5215,855.9,855.9,271.3,0.316976,1,p:2.1.5.1.2.2
U7997,320,FUSE0,586189.6729,586189.6729,586948.1215,758.4485,758.4485,271.3,0.357704,1,p:1.1.1.2.2.2
U7998,320,FUSE0,586349.0215,586349.0215,587237.3215,888.3,888.3,271.3,0.305415,1,p:2.1.3.1.2.2
U7999,320,FUSE0,586397.8215,586397.8215,587254.1215,856.3,856.3,271.3,0.316828,1,p:1.1.5.1.2.2
U8000,320,FUSE0,586402.4215,586402.4215,587191.7215,789.3,789.3,271.3,0.343722,1,p:2.1.1.2.2.2
U8001,320,FUSE0,586460.2215,586460.2215,587689.1729,1228.9515,1228.9515,271.3,0.220757,1,p:1.1.2.1.2.2
U8002,320,FUSE0,586495.2729,586495.2729,587288.5215,793.2485,793.2485,271.3,0.342011,1,p:2.1.4.1.2.2
U8003,320,FUSE0,586687.0215,586687.0215,587480.9215,793.9,793.9,271.3,0.341731,1,p:1.1.3.1.2.2
U8004,320,FUSE1,586735.8215,586735.8215,587559.7215,823.9,823.9,333.3,0.404539,1,p:2.1.5.1.2.2
U8005,320,FUSE1,586740.4215,586740.4215,587497.3215,756.9,756.9,333.3,0.440349,1,p:1.1.1.2.2.2
U8006,320,FUSE1,586798.2215,586798.2215,587994.7729,1196.5515,1196.5515,333.3,0.27855,1,p:2.1.2.1.2.2
U8007,320,FUSE1,586802.8215,586802.8215,587594.1215,791.3,791.3,333.3,0.421206,1,p:1.1.4.1.2.2
U8008,320,FUSE1,586979.4215,586979.4215,587786.5215,807.1,807.1,333.3,0.41296,1,p:2.1.3.1.2.2
U8009,320,FUSE1,587025.0215,587025.0215,587865.3215,840.3,840.3,333.3,0.396644,1,p:1.1.5.1.2.2
U8010,320,FUSE1,587041.8215,587041.8215,587802.9215,761.1,761.1,333.3,0.437919,1,p:2.1.1.2.2.2
U8011,320,FUSE1,587076.2215,587076.2215,588300.3729,1224.1515,1224.1515,333.3,0.27227,1,p:1.1.2.1.2.2
U8012,320,FUSE2,587138.8729,587138.8729,587932.1215,793.2485,793.2485,365.7,0.461016,1,p:2.1.4.1.2.2
U8013,320,FUSE2,587223.0215,587223.0215,588124.5215,901.5,901.5,365.7,0.405657,1,p:1.1.3.1.2.2
U8014,320,FUSE2,587268.6215,587268.6215,588140.9215,872.3,872.3,365.7,0.419237,1,p:2.1.1.2.2.2
U8015,320,FUSE2,587285.4215,587285.4215,588203.3215,917.9,917.9,365.7,0.398409,1,p:1.1.5.1.2.2
U8016,320,FUSE2,587319.8215,587319.8215,588270.1215,950.3,950.3,365.7,0.384826,1,p:2.1.4.1.2.2
U8017,320,FUSE2,587476.8729,587476.8729,588638.3729,1161.5,1161.5,365.7,0.314851,1,p:1.1.2.1.2.2
U8018,320,FUSE2,587512.2215,587512.2215,588462.5215,950.3,950.3,365.7,0.384826,1,p:2.1.3.2.2.2
U8302,332,FUSE0,587528.6215,587528.6215,588446.9215,918.3,918.3,271.3,0.295437,1,p:1.1.5.1.2.2
U8303,332,FUSE0,587591.0215,587591.0215,588384.5215,793.5,793.5,271.3,0.341903,1,p:2.1.1.2.2.2
U8304,332,FUSE0,587625.4215,587625.4215,588881.9729,1256.5515,1256.5515,271.3,0.215908,1,p:1.1.2.1.2.2
U8305,332,FUSE0,587720.4729,587720.4729,588513.7215,793.2485,793.2485,271.3,0.342011,1,p:2.1.4.1.2.2
U8306,332,FUSE0,587817.8215,587817.8215,588690.5215,872.7,872.7,271.3,0.310874,1,p:1.1.5.1.2.2
U8307,332,FUSE0,587834.2215,587834.2215,588706.1215,871.9,871.9,271.3,0.31116,1,p:2.1.3.2.2.2
U8308,332,FUSE0,587896.6215,587896.6215,588628.1215,731.5,731.5,271.3,0.370882,1,p:1.1.1.2.2.2
U8309,332,FUSE0,587963.4215,587963.4215,588757.3215,793.9,793.9,271.3,0.341731,1,p:2.1.4.1.2.2
U8310,332,FUSE1,588026.0729,588026.0729,589187.5729,1161.5,1161.5,333.3,0.286957,1,p:1.1.2.1.2.2
U8311,332,FUSE1,588155.8215,588155.8215,588996.1215,840.3,840.3,333.3,0.396644,1,p:2.1.5.1.2.2
U8312,332,FUSE1,588172.2215,588172.2215,589011.7215,839.5,839.5,333.3,0.397022,1,p:1.1.3.2.2.2
U8313,332,FUSE1,588234.6215,588234.6215,588933.7215,699.1,699.1,333.3,0.476756,1,p:2.1.1.2.2.2
U8314,332,FUSE1,588301.4215,588301.4215,589062.9215,761.5,761.5,333.3,0.437689,1,p:1.1.4.1.2.2
U8315,332,FUSE1,588331.6729,588331.6729,589493.1729,1161.5,1161.5,333.3,0.286957,1,p:2.1.2.1.2.2
U8316,332,FUSE1,588415.8215,588415.8215,589301.7215,885.9,885.9,333.3,0.376228,1,p:1.1.5.1.2.2
U8317,332,FUSE1,588478.2215,588478.2215,589239.3215,761.1,761.1,333.3,0.437919,1,p:2.1.1.2.2.2
U8318,332,FUSE2,588493.8215,588493.8215,589349.7215,855.9,855.9,365.7,0.42727,1,p:1.1.3.1.2.2
U8319,332,FUSE2,588545.0215,588545.0215,589831.1729,1286.1515,1286.1515,365.7,0.284337,1,p:2.1.2.1.2.2
U8320,332,FUSE2,588659.4215,588659.4215,589432.1215,772.7,772.7,365.7,0.473276,1,p:1.1.4.1.2.2
U8321,332,FUSE2,588669.6729,588669.6729,589639.7215,970.0485,970.0485,365.7,0.376991,1,p:2.1.5.1.2.2
U8322,332,FUSE2,588721.8215,588721.8215,589577.3215,855.5,855.5,365.7,0.427469,1,p:1.1.1.2.2.2
U8323,332,FUSE2,588737.4215,588737.4215,589687.7215,950.3,950.3,365.7,0.384826,1,p:2.1.3.1.2.2
U8324,332,FUSE2,588788.6215,588788.6215,589770.1215,981.5,981.5,365.7,0.372593,1,p:1.1.4.1.2.2
U8325,332,FUSE2,588913.2729,588913.2729,589977.7215,1064.4485,1064.4485,365.7,0.343558,1,p:2.1.5.1.2.2
U8326,332,FUSE2,588965.0215,588965.0215,590169.1729,1204.1515,1204.1515,365.7,0.303699,1,p:1.1.2.1.2.2
U5607,224,FUSE0,589027.4215,589027.4215,589931.3215,903.9,903.9,271.3,0.300144,1,p:2.1.3.1.2.2
U5608,224,FUSE0,589043.0215,589043.0215,589820.9215,777.9,777.9,271.3,0.348759,1,p:1.1.1.1.2.2
U5609,224,FUSE0,589094.2215,589094.2215,590013.7215,919.5,919.5,271.3,0.295052,1,p:2.1.4.1.2.2
U5610,224,FUSE0,589218.8729,589218.8729,590412.7729,1193.9,1193.9,271.3,0.227238,1,p:1.1.2.1.2.2
U5611,224,FUSE0,589270.6215,589270.6215,590064.5215,793.9,793.9,271.3,0.341731,1,p:2.1.1.1.2.2
U5612,224,FUSE0,589333.0215,589333.0215,590174.9215,841.9,841.9,271.3,0.322247,1,p:1.1.3.1.2.2
U5613,224,FUSE0,589381.0215,589381.0215,590221.3215,840.3,840.3,271.3,0.322861,1,p:2.1.5.1.2.2
U5614,224,FUSE0,589463.4215,589463.4215,590257.3215,793.9,793.9,271.3,0.341731,1,p:1.2.4.1.2.2
U5615,224,FUSE1,589524.4729,589524.4729,590370.1215,845.6485,845.6485,333.3,0.394135,1,p:2.1.1.1.2.2
U5616,224,FUSE1,589608.6215,589608.6215,590718.3729,1109.7515,1109.7515,333.3,0.300338,1,p:1.1.2.1.2.2
U5617,224,FUSE1,589671.0215,589671.0215,590480.5215,809.5,809.5,333.3,0.411736,1,p:2.1.3.1.2.2
U5618,224,FUSE1,589719.0215,589719.0215,590526.9215,807.9,807.9,333.3,0.412551,1,p:1.1.5.1.2.2
U5619,224,FUSE1,589801.4215,589801.4215,590562.9215,761.5,761.5,333.3,0.437689,1,p:2.1.4.1.2.2
U5620,224,FUSE1,589852.2215,589852.2215,591023.9729,1171.7515,1171.7515,333.3,0.284446,1,p:1.1.2.1.2.2
U5621,224,FUSE1,589862.4729,589862.4729,590675.7215,813.2485,813.2485,333.3,0.409838,1,p:2.1.1.1.2.2
U5622,224,FUSE1,589962.6215,589962.6215,590786.1215,823.5,823.5,333.3,0.404736,1,p:1.1.3.1.2.2
U5623,224,FUSE2,590009.0215,590009.0215,590864.9215,855.9,855.9,365.7,0.42727,1,p:2.1.5.1.2.2
U5624,224,FUSE2,590045.0215,590045.0215,590900.9215,855.9,855.9,365.7,0.42727,1,p:1.1.4.1.2.2
U5625,224,FUSE2,590095.8215,590095.8215,591361.9729,1266.1515,1266.1515,365.7,0.288828,1,p:2.1.2.1.2.2
U5626,224,FUSE2,590200.4729,590200.4729,591013.7215,813.2485,813.2485,365.7,0.449678,1,p:1.2.1.1.2.2
U5627,224,FUSE2,590206.2215,590206.2215,591124.1215,917.9,917.9,365.7,0.398409,1,p:2.1.3.1.2.2
U5628,224,FUSE2,590252.6215,590252.6215,591202.9215,950.3,950.3,365.7,0.384826,1,p:1.1.5.1.2.2
U5629,224,FUSE2,590288.6215,590288.6215,591238.9215,950.3,950.3,365.7,0.384826,1,p:2.1.4.1.2.2
U5630,224,FUSE2,590401.4215,590401.4215,591699.9729,1298.5515,1298.5515,365.7,0.281621,1,p:1.2.2.1.2.2
U8739,350,FUSE0,590444.0729,590444.0729,591257.3215,813.2485,813.2485,271.3,0.3336,1,p:2.1.1.1.2.2
U8740,350,FUSE0,590511.8215,590511.8215,591367.7215,855.9,855.9,271.3,0.316976,1,p:1.1.3.1.2.2
U8741,350,FUSE0,590558.2215,590558.2215,591446.5215,888.3,888.3,271.3,0.305415,1,p:2.1.5.1.2.2
U8742,350,FUSE0,590594.2215,590594.2215,591482.5215,888.3,888.3,271.3,0.305415,1,p:1.1.4.1.2.2
U8743,350,FUSE0,590707.0215,590707.0215,591943.5729,1236.5515,1236.5515,271.3,0.2194,1,p:2.1.2.1.2.2
U8744,350,FUSE0,590749.6729,590749.6729,591500.9215,751.2485,751.2485,271.3,0.361132,1,p:1.1.1.1.2.2
U8745,350,FUSE0,590817.4215,590817.4215,591611.3215,793.9,793.9,271.3,0.341731,1,p:2.1.3.1.2.2
U8746,350,FUSE0,590896.2215,590896.2215,591690.1215,793.9,793.9,271.3,0.341731,1,p:1.1.5.1.2.2
U8747,350,FUSE0,590932.2215,590932.2215,591726.1215,793.9,793.9,271.3,0.341731,1,p:2.1.4.1.2.2
U8748,350,FUSE1,591045.0215,591045.0215,592249.1729,1204.1515,1204.1515,333.3,0.276792,1,p:1.2.2.1.2.2
U8749,350,FUSE1,591055.2729,591055.2729,591806.5215,751.2485,751.2485,333.3,0.443661,1,p:2.1.1.1.2.2
U8750,350,FUSE1,591155.4215,591155.4215,591916.9215,761.5,761.5,333.3,0.437689,1,p:1.1.3.1.2.2
U8751,350,FUSE1,591234.2215,591234.2215,592036.3215,802.1,802.1,333.3,0.415534,1,p:2.1.5.1.2.2
U8752,350,FUSE1,591270.2215,591270.2215,592031.7215,761.5,761.5,333.3,0.437689,1,p:1.1.4.1.2.2
U8753,350,FUSE1,591288.6215,591288.6215,592554.7729,1266.1515,1266.1515,333.3,0.263239,1,p:2.1.2.1.2.2
U8754,350,FUSE1,591393.2729,591393.2729,592112.1215,718.8485,718.8485,333.3,0.463658,1,p:1.1.1.1.2.2
U8755,350,FUSE1,591399.0215,591399.0215,592222.5215,823.5,823.5,333.3,0.404736,1,p:2.1.3.1.2.2
U8756,350,FUSE2,591477.8215,591477.8215,592374.3215,896.5,896.5,365.7,0.40792,1,p:1.1.5.1.2.2
U8757,350,FUSE2,591513.8215,591513.8215,592369.7215,855.9,855.9,365.7,0.42727,1,p:2.1.4.1.2.2
U8758,350,FUSE2,591532.2215,591532.2215,592892.7729,1360.5515,1360.5515,365.7,0.268788,1,p:1.2.2.1.2.2
U8759,350,FUSE2,591642.6215,591642.6215,592450.1215,807.5,807.5,365.7,0.452879,1,p:2.1.1.1.2.2
U8760,350,FUSE2,591721.4215,591721.4215,592560.5215,839.1,839.1,365.7,0.435824,1,p:1.1.3.1.2.2
U8761,350,FUSE2,591731.2729,591731.2729,592712.3215,981.0485,981.0485,365.7,0.372764,1,p:2.1.5.1.2.2
U8762,350,FUSE2,591757.4215,591757.4215,592707.7215,950.3,950.3,365.7,0.384826,1,p:1.1.4.1.2.2
U8763,350,FUSE2,591837.8215,591837.8215,593230.7729,1392.9515,1392.9515,365.7,0.262536,1,p:2.1.2.1.2.2
U8764,350,FUSE2,591948.2215,591948.2215,592788.1215,839.9,839.9,365.7,0.435409,1,p:1.1.1.1.2.2
U3910,157,FUSE0,591974.8729,591974.8729,592804.1215,829.2485,829.2485,271.3,0.327164,1,p:2.1.3.1.2.2
U3911,157,FUSE0,592063.0215,592063.0215,592955.9215,892.9,892.9,271.3,0.303841,1,p:1.1.5.1.2.2
U3912,157,FUSE0,592067.6215,592067.6215,592951.3215,883.7,883.7,271.3,0.307005,1,p:2.1.4.1.2.2
U3913,157,FUSE0,592143.4215,592143.4215,593047.7215,904.3,904.3,271.3,0.300011,1,p:1.2.3.1.2.2
U3914,157,FUSE0,592253.8215,592253.8215,593474.3729,1220.5515,1220.5515,271.3,0.222277,1,p:2.1.2.1.2.2
U3915,157,FUSE0,592280.4729,592280.4729,593031.7215,751.2485,751.2485,271.3,0.361132,1,p:1.1.1.1.2.2
U3916,157,FUSE0,592401.0215,592401.0215,593197.7215,796.7,796.7,271.3,0.34053,1,p:2.1.5.1.2.2
U3917,157,FUSE1,592405.6215,592405.6215,593256.9215,851.3,851.3,333.3,0.391519,1,p:1.1.4.1.2.2
U3918,157,FUSE1,592481.4215,592481.4215,593353.3215,871.9,871.9,333.3,0.382269,1,p:2.1.3.1.2.2
U3919,157,FUSE1,592586.0729,592586.0729,593779.9729,1193.9,1193.9,333.3,0.279169,1,p:1.1.2.1.2.2
U3920,157,FUSE1,592591.8215,592591.8215,593337.3215,745.5,745.5,333.3,0.447082,1,p:2.1.1.1.2.2
U3921,157,FUSE1,592739.0215,592739.0215,593519.3215,780.3,780.3,333.3,0.427143,1,p:1.1.5.1.2.2
U3922,157,FUSE1,592743.6215,592743.6215,593562.5215,818.9,818.9,333.3,0.407009,1,p:2.1.4.1.2.2
U3923,157,FUSE1,592819.4215,592819.4215,593658.9215,839.5,839.5,333.3,0.397022,1,p:1.2.3.1.2.2
U3924,157,FUSE2,592835.4215,592835.4215,593675.3215,839.9,839.9,365.7,0.435409,1,p:2.1.1.1.2.2
U3925,157,FUSE2,592924.0729,592924.0729,594117.9729,1193.9,1193.9,365.7,0.306307,1,p:1.1.2.1.2.2
U3926,157,FUSE2,592982.6215,592982.6215,593857.3215,874.7,874.7,365.7,0.418086,1,p:2.1.5.1.2.2
U3927,157,FUSE2,592987.2215,592987.2215,593900.5215,913.3,913.3,365.7,0.400416,1,p:1.1.4.1.2.2
U3928,157,FUSE2,593063.0215,593063.0215,593996.9215,933.9,933.9,365.7,0.391584,1,p:2.1.3.1.2.2
U3929,157,FUSE2,593079.0215,593079.0215,594455.9729,1376.9515,1376.9515,365.7,0.265587,1,p:1.1.2.2.2.2
U3930,157,FUSE2,593229.0215,593229.0215,594013.3215,784.3,784.3,365.7,0.466276,1,p:2.1.1.1.2.2
U1268,51,FUSE0,593262.0729,593262.0729,594100.9215,838.8485,838.8485,271.3,0.32342,1,p:1.1.5.1.2.2
U1269,51,FUSE0,593288.2215,593288.2215,594144.1215,855.9,855.9,271.3,0.316976,1,p:2.1.4.1.2.2
U1270,51,FUSE0,593368.6215,593368.6215,594240.5215,871.9,871.9,271.3,0.31116,1,p:1.1.3.1.2.2
U1271,51,FUSE0,593384.6215,593384.6215,594699.5729,1314.9515,1314.9515,271.3,0.206319,1,p:2.1.2.2.2.2
U1272,51,FUSE0,593505.6729,593505.6729,594344.5215,838.8485,838.8485,271.3,0.32342,1,p:1.1.5.1.2.2
U1273,51,FUSE0,593550.6215,593550.6215,594256.9215,706.3,706.3,271.3,0.384114,1,p:2.1.1.1.2.2
U1274,51,FUSE0,593593.8215,593593.8215,594387.7215,793.9,793.9,271.3,0.341731,1,p:1.1.4.1.2.2
U1275,51,FUSE0,593690.2215,593690.2215,594484.1215,793.9,793.9,271.3,0.341731,1,p:2.1.3.1.2.2
U1276,51,FUSE0,593706.6215,593706.6215,594588.1215,881.5,881.5,271.3,0.307771,1,p:1.1.5.1.2.2
U1277,51,FUSE1,593811.2729,593811.2729,595005.1729,1193.9,1193.9,333.3,0.279169,1,p:2.1.2.1.2.2
U1278,51,FUSE1,593888.6215,593888.6215,594562.5215,673.9,673.9,333.3,0.494584,1,p:1.1.1.1.2.2
U1279,51,FUSE1,593931.8215,593931.8215,594693.3215,761.5,761.5,333.3,0.437689,1,p:2.1.4.1.2.2
U1280,51,FUSE1,594028.2215,594028.2215,594789.7215,761.5,761.5,333.3,0.437689,1,p:1.1.3.1.2.2
U1281,51,FUSE1,594044.6215,594044.6215,594893.7215,849.1,849.1,333.3,0.392533,1,p:2.1.5.1.2.2
U1282,51,FUSE1,594132.2215,594132.2215,595310.7729,1178.5515,1178.5515,333.3,0.282805,1,p:1.1.2.1.2.2
U1283,51,FUSE1,594149.2729,594149.2729,594998.9215,849.6485,849.6485,333.3,0.39228,1,p:2.1.4.1.2.2
U1284,51,FUSE1,594175.4215,594175.4215,594868.1215,692.7,692.7,333.3,0.481161,1,p:1.1.1.1.2.2
U1285,51,FUSE2,594271.8215,594271.8215,595127.7215,855.9,855.9,365.7,0.42727,1,p:2.1.3.1.2.2
U1286,51,FUSE2,594288.2215,594288.2215,595231.7215,943.5,943.5,365.7,0.387599,1,p:1.1.5.1.2.2
U1287,51,FUSE2,594375.8215,594375.8215,595648.7729,1272.9515,1272.9515,365.7,0.287285,1,p:2.1.2.1.2.2
U1288,51,FUSE2,594419.0215,594419.0215,595206.1215,787.1,787.1,365.7,0.464617,1,p:1.1.1.1.2.2
U1289,51,FUSE2,594487.2729,594487.2729,595336.9215,849.6485,849.6485,365.7,0.430413,1,p:2.1.4.1.2.2
U1290,51,FUSE2,594515.4215,594515.4215,595465.7215,950.3,950.3,365.7,0.384826,1,p:1.1.3.1.2.2
U1291,51,FUSE2,594593.8215,594593.8215,595569.7215,975.9,975.9,365.7,0.374731,1,p:2.1.5.1.2.2
U1292,51,FUSE2,594619.4215,594619.4215,595986.7729,1367.3515,1367.3515,365.7,0.267451,1,p:1.1.2.1.2.2
U1293,51,FUSE2,594724.6215,594724.6215,595544.1215,819.5,819.5,365.7,0.446248,1,p:2.1.1.1.2.2
U2224,90,FUSE0,594730.8729,594730.8729,595580.5215,849.6485,849.6485,271.3,0.319308,1,p:1.1.4.1.2.2
U2225,90,FUSE0,594821.0215,594821.0215,595709.3215,888.3,888.3,271.3,0.305415,1,p:2.1.3.1.2.2
U2226,90,FUSE0,594899.4215,594899.4215,595813.3215,913.9,913.9,271.3,0.29686,1,p:1.1.5.1.2.2
U2227,90,FUSE0,594925.0215,594925.0215,595824.1215,899.1,899.1,271.3,0.301746,1,p:2.1.4.1.2.2
U2228,90,FUSE0,595030.2215,595030.2215,596230.3729,1200.1515,1200.1515,271.3,0.226055,1,p:1.1.2.1.2.2
U2229,90,FUSE0,595036.4729,595036.4729,595787.7215,751.2485,751.2485,271.3,0.361132,1,p:2.1.1.1.2.2
U2230,90,FUSE0,595159.0215,595159.0215,595952.9215,793.9,793.9,271.3,0.341731,1,p:1.1.3.1.2.2
U2231,90,FUSE0,595237.4215,595237.4215,596056.9215,819.5,819.5,271.3,0.331056,1,p:2.1.5.1.2.2
U2232,90,FUSE1,595263.0215,595263.0215,596129.7215,866.7,866.7,333.3,0.384562,1,p:1.1.4.1.2.2
U2233,90,FUSE1,595342.0729,595342.0729,596535.9729,1193.9,1193.9,333.3,0.279169,1,p:2.1.2.1.2.2
U2234,90,FUSE1,595368.2215,595368.2215,596093.3215,725.1,725.1,333.3,0.459661,1,p:1.1.1.1.2.2
U2235,90,FUSE1,595497.0215,595497.0215,596258.5215,761.5,761.5,333.3,0.437689,1,p:2.1.3.1.2.2
U2236,90,FUSE1,595575.4215,595575.4215,596362.5215,787.1,787.1,333.3,0.423453,1,p:1.1.5.1.2.2
U2237,90,FUSE1,595601.0215,595601.0215,596435.3215,834.3,834.3,333.3,0.399497,1,p:2.1.4.1.2.2
U2238,90,FUSE1,595611.8215,595611.8215,596841.5729,1229.7515,1229.7515,333.3,0.27103,1,p:1.1.2.1.2.2
U2239,90,FUSE1,595680.0729,595680.0729,596398.9215,718.8485,718.8485,333.3,0.463658,1,p:2.1.1.1.2.2
U2240,90,FUSE2,595740.6215,595740.6215,596596.5215,855.9,855.9,365.7,0.42727,1,p:1.1.3.1.2.2
U2241,90,FUSE2,595819.0215,595819.0215,596700.5215,881.5,881.5,365.7,0.414861,1,p:2.1.5.1.2.2
U2242,90,FUSE2,595844.6215,595844.6215,596773.3215,928.7,928.7,365.7,0.393776,1,p:1.1.4.1.2.2
U2243,90,FUSE2,595855.4215,595855.4215,597182.7215,1327.3,1327.3,365.7,0.275522,1,p:2.1.2.1.2.2
U2244,90,FUSE2,595984.2215,595984.2215,596736.9215,752.7,752.7,365.7,0.485851,1,p:1.2.1.1.2.2
U2245,90,FUSE2,596018.0729,596018.0729,596934.5215,916.4485,916.4485,365.7,0.39904,1,p:2.1.3.1.2.2
U2246,90,FUSE2,596088.2215,596088.2215,597038.5215,950.3,950.3,365.7,0.384826,1,p:1.1.5.1.2.2
U2247,90,FUSE2,596124.6215,596124.6215,597111.3215,986.7,986.7,365.7,0.370629,1,p:2.1.4.1.2.2
U992,40,FUSE0,596161.0215,596161.0215,597426.3215,1265.3,1265.3,271.3,0.214416,1,p:1.1.2.1.2.2
U993,40,FUSE0,596261.6729,596261.6729,596980.5215,718.8485,718.8485,271.3,0.377409,1,p:2.1.1.1.2.2
U994,40,FUSE0,596289.8215,596289.8215,597178.1215,888.3,888.3,271.3,0.305415,1,p:1.1.3.1.2.2
U995,40,FUSE0,596393.8215,596393.8215,597282.1215,888.3,888.3,271.3,0.305415,1,p:2.1.5.1.2.2
U996,40,FUSE0,596430.2215,596430.2215,597666.7729,1236.5515,1236.5515,271.3,0.2194,1,p:1.1.2.1.2.2
U997,40,FUSE0,596466.6215,596466.6215,597224.1215,757.5,757.5,271.3,0.358152,1,p:2.1.1.1.2.2
U998,40,FUSE0,596567.2729,596567.2729,597354.9215,787.6485,787.6485,271.3,0.344443,1,p:1.2.4.1.2.2
U999,40,FUSE0,596627.8215,596627.8215,597421.7215,793.9,793.9,271.3,0.341731,1,p:2.1.3.1.2.2
U1000,40,FUSE0,596731.8215,596731.8215,597525.7215,793.9,793.9,271.3,0.341731,1,p:1.1.5.1.2.2
U1001,40,FUSE1,596768.2215,596768.2215,597972.3729,1204.1515,1204.1515,333.3,0.276792,1,p:2.1.2.1.2.2
U1002,40,FUSE1,596804.6215,596804.6215,597530.3215,725.7,725.7,333.3,0.459281,1,p:1.1.1.1.2.2
U1003,40,FUSE1,596872.8729,596872.8729,597660.5215,787.6485,787.6485,333.3,0.423158,1,p:2.1.4.1.2.2
U1004,40,FUSE1,596965.8215,596965.8215,597727.3215,761.5,761.5,333.3,0.437689,1,p:1.1.3.1.2.2
U1005,40,FUSE1,597011.8215,597011.8215,597831.3215,819.5,819.5,333.3,0.406711,1,p:2.1.5.1.2.2
U1006,40,FUSE1,597069.8215,597069.8215,598277.9729,1208.1515,1208.1515,333.3,0.275876,1,p:1.1.2.1.2.2
U1007,40,FUSE1,597142.6215,597142.6215,597966.1215,823.5,823.5,333.3,0.404736,1,p:2.1.4.1.2.2
U1008,40,FUSE1,597209.4215,597209.4215,597835.9215,626.5,626.5,333.3,0.532003,1,p:1.1.1.1.2.2
U1009,40,FUSE1,597214.0215,597214.0215,598032.9215,818.9,818.9,333.3,0.407009,1,p:2.1.3.1.2.2
U1010,40,FUSE2,597255.4215,597255.4215,598169.3215,913.9,913.9,365.7,0.400153,1,p:1.1.5.1.2.2
U1011,40,FUSE2,597313.4215,597313.4215,598619.1215,1305.7,1305.7,365.7,0.28008,1,p:2.1.2.1.2.2
U1012,40,FUSE2,597386.2215,597386.2215,598173.9215,787.7,787.7,365.7,0.464263,1,p:1.2.1.1.2.2
U1013,40,FUSE2,597453.0215,597453.0215,598304.1215,851.1,851.1,365.7,0.429679,1,p:2.1.4.1.2.2
U1014,40,FUSE2,597457.6215,597457.6215,598370.9215,913.3,913.3,365.7,0.400416,1,p:1.1.3.1.2.2
U1015,40,FUSE2,597557.0215,597557.0215,598507.3215,950.3,950.3,365.7,0.384826,1,p:2.1.5.1.2.2
U1016,40,FUSE2,597561.6215,597561.6215,598953.9729,1392.3515,1392.3515,365.7,0.262649,1,p:1.1.2.1.2.2
U1017,40,FUSE2,597691.8215,597691.8215,598511.9215,820.1,820.1,365.7,0.445921,1,p:2.1.1.2.2.2
U1018,40,FUSE2,597698.0729,597698.0729,598642.1215,944.0485,944.0485,365.7,0.387374,1,p:1.1.4.1.2.2
U5658,226,FUSE0,597758.6215,597758.6215,598614.5215,855.9,855.9,271.3,0.316976,1,p:2.1.3.1.2.2
U5659,226,FUSE0,597862.6215,597862.6215,598750.9215,888.3,888.3,271.3,0.305415,1,p:1.1.5.1.2.2
U5660,226,FUSE0,597867.2215,597867.2215,599197.5729,1330.3515,1330.3515,271.3,0.203931,1,p:2.1.2.1.2.2
U5661,226,FUSE0,597997.4215,597997.4215,598858.1215,860.7,860.7,271.3,0.315209,1,p:1.1.3.1.2.2
U5662,226,FUSE0,598003.6729,598003.6729,598755.5215,751.8485,751.8485,271.3,0.360844,1,p:2.1.1.2.2.2
U5663,226,FUSE0,598064.2215,598064.2215,598885.7215,821.5,821.5,271.3,0.33025,1,p:1.1.4.1.2.2
U5664,226,FUSE0,598200.6215,598200.6215,598994.5215,793.9,793.9,271.3,0.341731,1,p:2.1.5.1.2.2
U5665,226,FUSE1,598205.2215,598205.2215,599503.1729,1297.9515,1297.9515,333.3,0.256789,1,p:1.1.2.1.2.2
U5666,226,FUSE1,598309.2729,598309.2729,599163.7215,854.4485,854.4485,333.3,0.390076,1,p:2.1.3.1.2.2
U5667,226,FUSE1,598335.4215,598335.4215,599060.5215,725.1,725.1,333.3,0.459661,1,p:1.1.1.2.2.2
U5668,226,FUSE1,598402.2215,598402.2215,599191.3215,789.1,789.1,333.3,0.42238,1,p:2.1.4.1.2.2
U5669,226,FUSE1,598538.6215,598538.6215,599318.9215,780.3,780.3,333.3,0.427143,1,p:1.1.5.1.2.2
U5670,226,FUSE1,598543.2215,598543.2215,599811.9215,1268.7,1268.7,333.3,0.26271,1,p:2.1.2.1.2.2
U5671,226,FUSE1,598645.8215,598645.8215,599469.3215,823.5,823.5,333.3,0.404736,1,p:1.1.3.1.2.2
U5672,226,FUSE2,598650.4215,598650.4215,599398.5215,748.1,748.1,365.7,0.488838,1,p:2.1.1.1.2.2
U5673,226,FUSE2,598673.4215,598673.4215,599529.3215,855.9,855.9,365.7,0.42727,1,p:1.1.4.1.2.2
U5674,226,FUSE2,598782.2215,598782.2215,599656.9215,874.7,874.7,365.7,0.418086,1,p:2.1.5.1.2.2
U5675,226,FUSE2,598786.8215,598786.8215,600146.7729,1359.9515,1359.9515,365.7,0.268907,1,p:1.1.2.1.2.2
U5676,226,FUSE2,598889.4215,598889.4215,599807.3215,917.9,917.9,365.7,0.398409,1,p:2.1.3.1.2.2
U5677,226,FUSE2,598917.0215,598917.0215,599736.5215,819.5,819.5,365.7,0.446248,1,p:1.1.1.1.2.2
U5678,226,FUSE2,598985.2729,598985.2729,599867.3215,882.0485,882.0485,365.7,0.414603,1,p:2.1.4.1.2.2
U5679,226,FUSE2,599025.8215,599025.8215,599994.9215,969.1,969.1,365.7,0.37736,1,p:1.1.5.1.2.2
U3211,129,FUSE0,599091.8215,599091.8215,600390.3729,1298.5515,1298.5515,271.3,0.208925,1,p:2.1.2.1.2.2
U3212,129,FUSE0,599195.0215,599195.0215,600050.9215,855.9,855.9,271.3,0.316976,1,p:1.1.3.1.2.2
U3213,129,FUSE0,599222.6215,599222.6215,599980.1215,757.5,757.5,271.3,0.358152,1,p:2.1.1.1.2.2
U3214,129,FUSE0,599228.8729,599228.8729,600110.9215,882.0485,882.0485,271.3,0.307579,1,p:1.1.4.1.2.2
U3215,129,FUSE0,599350.2215,599350.2215,600238.5215,888.3,888.3,271.3,0.305415,1,p:2.1.5.1.2.2
U3216,129,FUSE0,599429.8215,599429.8215,600633.9729,1204.1515,1204.1515,271.3,0.225304,1,p:1.1.2.1.2.2
U3217,129,FUSE1,599500.6215,599500.6215,600356.5215,855.9,855.9,333.3,0.389415,1,p:2.1.3.1.2.2
U3218,129,FUSE1,599534.4729,599534.4729,600285.7215,751.2485,751.2485,333.3,0.443661,1,p:1.1.1.1.2.2
U3219,129,FUSE1,599560.6215,599560.6215,600416.5215,855.9,855.9,333.3,0.389415,1,p:2.1.4.1.2.2
U3220,129,FUSE1,599688.2215,599688.2215,600544.1215,855.9,855.9,333.3,0.389415,1,p:1.1.5.1.2.2
U3221,129,FUSE1,599767.8215,599767.8215,600939.5729,1171.7515,1171.7515,333.3,0.284446,1,p:2.1.2.1.2.2
U3222,129,FUSE1,599838.6215,599838.6215,600662.1215,823.5,823.5,333.3,0.404736,1,p:1.1.3.1.2.2
U3223,129,FUSE2,599843.2215,599843.2215,600623.7215,780.5,780.5,365.7,0.468546,1,p:2.1.1.1.2.2
U3224,129,FUSE2,599898.6215,599898.6215,600754.5215,855.9,855.9,365.7,0.42727,1,p:1.2.4.1.2.2
U3225,129,FUSE2,600011.4215,600011.4215,600882.1215,870.7,870.7,365.7,0.420007,1,p:2.1.5.1.2.2
U3226,129,FUSE2,600026.2215,600026.2215,601277.5729,1251.3515,1251.3515,365.7,0.292244,1,p:1.1.2.1.2.2
U3227,129,FUSE2,600082.2215,600082.2215,601002.7215,920.5,920.5,365.7,0.397284,1,p:2.1.3.1.2.2
U3228,129,FUSE2,600142.2215,600142.2215,600961.7215,819.5,819.5,365.7,0.446248,1,p:1.1.1.2.2.2
U536,22,FUSE0,600178.0729,600178.0729,600998.1215,820.0485,820.0485,271.3,0.330834,1,p:2.1.4.1.2.2
U537,22,FUSE0,600269.8215,600269.8215,601125.7215,855.9,855.9,271.3,0.316976,1,p:1.1.5.1.2.2
U538,22,FUSE0,600317.0215,600317.0215,601241.7215,924.7,924.7,271.3,0.293392,1,p:2.1.4.1.2.2
U539,22,FUSE0,600387.8215,600387.8215,601521.1729,1133.3515,1133.3515,271.3,0.239379,1,p:1.1.2.1.2.2
U540,22,FUSE0,600421.6729,600421.6729,601246.3215,824.6485,824.6485,271.3,0.328989,1,p:2.1.3.1.2.2
U541,22,FUSE0,600447.8215,600447.8215,601369.3215,921.5,921.5,271.3,0.294411,1,p:1.2.5.1.2.2
U542,22,FUSE0,600575.4215,600575.4215,601205.3215,629.9,629.9,271.3,0.430703,1,p:2.1.1.2.2.2
U543,22,FUSE0,600655.0215,600655.0215,601764.7729,1109.7515,1109.7515,271.3,0.244469,1,p:1.1.2.1.2.2
U544,22,FUSE0,600665.2729,600665.2729,601485.3215,820.0485,820.0485,271.3,0.330834,1,p:2.1.4.1.2.2
U545,22,FUSE0,600693.4215,600693.4215,601489.9215,796.5,796.5,271.3,0.340615,1,p:1.1.3.1.2.2
U546,22,FUSE1,600785.8215,600785.8215,601674.9215,889.1,889.1,333.3,0.374873,1,p:2.1.5.1.2.2
U547,22,FUSE1,600913.4215,600913.4215,601533.7215,620.3,620.3,333.3,0.537321,1,p:1.1.1.2.2.2
U548,22,FUSE1,600970.8729,600970.8729,601790.9215,820.0485,820.0485,333.3,0.406439,1,p:2.1.4.1.2.2
U549,22,FUSE1,600993.0215,600993.0215,602070.3729,1077.3515,1077.3515,333.3,0.30937,1,p:1.1.2.1.2.2
U550,22,FUSE1,601029.4215,601029.4215,601795.5215,766.1,766.1,333.3,0.435061,1,p:2.1.3.1.2.2
U551,22,FUSE1,601034.0215,601034.0215,601980.5215,946.5,946.5,333.3,0.352139,1,p:1.2.5.1.2.2
U552,22,FUSE1,601157.0215,601157.0215,601839.3215,682.3,682.3,333.3,0.488495,1,p:2.1.1.2.2.2
U553,22,FUSE1,601236.6215,601236.6215,602375.9729,1139.3515,1139.3515,333.3,0.292535,1,p:1.1.2.1.2.2
U554,22,FUSE1,601273.0215,601273.0215,602096.5215,823.5,823.5,333.3,0.404736,1,p:2.1.4.1.2.2
U555,22,FUSE1,601277.6215,601277.6215,602101.1215,823.5,823.5,333.3,0.404736,1,p:1.1.3.1.2.2
U556,22,FUSE2,601308.8729,601308.8729,602318.5215,1009.6485,1009.6485,365.7,0.362205,1,p:2.1.5.1.2.2
U557,22,FUSE2,601400.6215,601400.6215,602177.3215,776.7,776.7,365.7,0.470838,1,p:1.1.1.2.2.2
U558,22,FUSE2,601516.6215,601516.6215,602434.5215,917.9,917.9,365.7,0.398409,1,p:2.1.4.1.2.2
U559,22,FUSE2,601521.2215,601521.2215,602713.9729,1192.7515,1192.7515,365.7,0.306602,1,p:1.1.2.1.2.2
U560,22,FUSE2,601552.4729,601552.4729,602439.1215,886.6485,886.6485,365.7,0.412452,1,p:2.1.3.1.2.2
U561,22,FUSE2,601565.0215,601565.0215,602656.5215,1091.5,1091.5,365.7,0.335044,1,p:1.2.5.1.2.2
U562,22,FUSE2,601706.2215,601706.2215,602515.3215,809.1,809.1,365.7,0.451984,1,p:2.1.1.2.2.2
U563,22,FUSE2,601796.0729,601796.0729,603051.9729,1255.9,1255.9,365.7,0.291186,1,p:1.1.2.1.2.2
U564,22,FUSE2,601822.2215,601822.2215,602772.5215,950.3,950.3,365.7,0.384826,1,p:2.1.4.1.2.2
U7573,303,FUSE0,601826.8215,601826.8215,602680.1215,853.3,853.3,271.3,0.317942,1,p:1.1.3.1.2.2
U7574,303,FUSE0,601870.6215,601870.6215,602900.1215,1029.5,1029.5,271.3,0.263526,1,p:2.1.5.1.2.2
U7575,303,FUSE0,602011.8215,602011.8215,602758.9215,747.1,747.1,271.3,0.363137,1,p:1.1.1.2.2.2
U7576,303,FUSE0,602101.6729,602101.6729,602923.7215,822.0485,822.0485,271.3,0.330029,1,p:2.1.3.1.2.2
U7577,303,FUSE0,602127.8215,602127.8215,603295.5729,1167.7515,1167.7515,271.3,0.232327,1,p:1.1.2.1.2.2
U7578,303,FUSE0,602132.4215,602132.4215,603016.1215,883.7,883.7,271.3,0.307005,1,p:2.1.4.1.2.2
U7579,303,FUSE0,602208.6215,602208.6215,603143.7215,935.1,935.1,271.3,0.290129,1,p:1.2.5.1.2.2
U7580,303,FUSE0,602349.8215,602349.8215,603002.5215,652.7,652.7,271.3,0.415658,1,p:2.1.1.2.2.2
U7581,303,FUSE1,602407.2729,602407.2729,603601.1729,1193.9,1193.9,333.3,0.279169,1,p:1.1.2.1.2.2
U7582,303,FUSE1,602465.8215,602465.8215,603229.3215,763.5,763.5,333.3,0.436542,1,p:2.1.3.1.2.2
U7583,303,FUSE1,602470.4215,602470.4215,603321.7215,851.3,851.3,333.3,0.391519,1,p:1.1.4.1.2.2
U7584,303,FUSE1,602546.6215,602546.6215,603449.3215,902.7,902.7,333.3,0.369226,1,p:2.1.5.1.2.2
U7585,303,FUSE1,602687.8215,602687.8215,603308.1215,620.3,620.3,333.3,0.537321,1,p:1.1.1.2.2.2
U7586,303,FUSE1,602711.4215,602711.4215,603534.9215,823.5,823.5,333.3,0.404736,1,p:2.1.3.1.2.2
U7587,303,FUSE1,602745.2729,602745.2729,603906.7729,1161.5,1161.5,333.3,0.286957,1,p:1.1.2.1.2.2
U7588,303,FUSE1,602790.2215,602790.2215,603627.3215,837.1,837.1,333.3,0.39816,1,p:2.1.4.1.2.2
U7589,303,FUSE2,602803.8215,602803.8215,603787.3215,983.5,983.5,365.7,0.371835,1,p:1.1.5.1.2.2
U7590,303,FUSE2,602931.4215,602931.4215,603646.1215,714.7,714.7,365.7,0.511683,1,p:2.1.1.2.2.2
U7591,303,FUSE2,602955.0215,602955.0215,604244.7729,1289.7515,1289.7515,365.7,0.283543,1,p:1.1.2.1.2.2
U7592,303,FUSE2,603033.8215,603033.8215,603872.9215,839.1,839.1,365.7,0.435824,1,p:2.1.3.1.2.2
U7593,303,FUSE2,603047.4215,603047.4215,603965.3215,917.9,917.9,365.7,0.398409,1,p:1.1.4.1.2.2
U7594,303,FUSE2,603083.2729,603083.2729,604125.3215,1042.0485,1042.0485,365.7,0.350943,1,p:2.1.5.1.2.2
U7595,303,FUSE2,603175.0215,603175.0215,603984.1215,809.1,809.1,365.7,0.451984,1,p:1.1.1.2.2.2
U7596,303,FUSE2,603260.6215,603260.6215,604582.7729,1322.1515,1322.1515,365.7,0.276595,1,p:2.1.2.1.2.2
